0.000000000000000000e+00 5.685700000000000198e-01 7.200800000000000534e-01 -1.139099999999999974e-01 9.179500000000000437e-01 1.000000000000000000e+00 -2.596800000000000219e-01 -4.022200000000000220e-01 7.200800000000000534e-01 -4.022200000000000220e-01 1.000000000000000000e+00 7.200800000000000534e-01 7.200800000000000534e-01 7.200800000000000534e-01 1.000000000000000000e+00 -3.485099999999999865e-01 7.200800000000000534e-01 6.205300000000000260e-01 -4.515600000000000169e-01 7.200800000000000534e-01 7.200800000000000534e-01 -4.022200000000000220e-01 -2.062499999999999889e-01 5.685700000000000198e-01 -2.596800000000000219e-01 -1.251099999999999990e-01 -4.515600000000000169e-01 7.200800000000000534e-01 5.685700000000000198e-01 5.685700000000000198e-01 7.200800000000000534e-01 -4.515600000000000169e-01 9.179500000000000437e-01 -1.139099999999999974e-01 1.000000000000000000e+00 8.004000000000000004e-02 -2.062499999999999889e-01 -4.515600000000000169e-01 -2.062499999999999889e-01 7.200800000000000534e-01 -4.022200000000000220e-01 -4.022200000000000220e-01 9.179500000000000437e-01 -4.515600000000000169e-01 -4.515600000000000169e-01 7.200800000000000534e-01 5.685700000000000198e-01 7.200800000000000534e-01 1.000000000000000000e+00 1.000000000000000000e+00 -4.022200000000000220e-01 -2.446899999999999908e-01 -4.022200000000000220e-01 -4.515600000000000169e-01 -2.062499999999999889e-01 -1.139099999999999974e-01 5.685700000000000198e-01 1.000000000000000000e+00 -3.485099999999999865e-01 -3.485099999999999865e-01 -4.022200000000000220e-01 -3.485099999999999865e-01 1.000000000000000000e+00 -4.515600000000000169e-01 1.000000000000000000e+00 5.685700000000000198e-01 1.000000000000000000e+00 -2.446899999999999908e-01 -2.596800000000000219e-01 5.685700000000000198e-01 -4.515600000000000169e-01 7.200800000000000534e-01 -4.022200000000000220e-01 7.200800000000000534e-01 -2.702899999999999747e-01 7.200800000000000534e-01 1.000000000000000000e+00 8.004000000000000004e-02 -4.022200000000000220e-01 -1.139099999999999974e-01 -3.485099999999999865e-01 8.004000000000000004e-02 -4.515600000000000169e-01 8.004000000000000004e-02 5.685700000000000198e-01 1.000000000000000000e+00 -4.515600000000000169e-01 7.200800000000000534e-01 -1.139099999999999974e-01 -4.022200000000000220e-01 -2.062499999999999889e-01 -4.022200000000000220e-01 -1.139099999999999974e-01 -4.022200000000000220e-01 -1.139099999999999974e-01 -4.515600000000000169e-01 1.000000000000000000e+00 -1.139099999999999974e-01 9.179500000000000437e-01 -4.022200000000000220e-01 -3.485099999999999865e-01 5.685700000000000198e-01 8.004000000000000004e-02 7.200800000000000534e-01 1.000000000000000000e+00 9.179500000000000437e-01 -4.515600000000000169e-01 7.200800000000000534e-01
5.685700000000000198e-01 0.000000000000000000e+00 2.721250000000000058e-01 -3.866800000000000237e-01 8.806499999999999329e-01 8.851700000000000124e-01 -4.767449999999999743e-01 1.187349999999999794e-01 -7.628000000000001446e-02 -7.418299999999999894e-01 9.277050000000000018e-01 7.842850000000000099e-01 7.842850000000000099e-01 7.842850000000000099e-01 8.851700000000000124e-01 -5.907899999999999263e-01 3.735499999999999932e-02 7.769999999999999130e-01 -5.476250000000000284e-01 -7.628000000000001446e-02 6.903000000000000802e-02 -7.418299999999999894e-01 -1.457700000000000107e-01 9.277050000000000018e-01 -5.080999999999999961e-01 -3.109500000000001152e-02 -5.476250000000000284e-01 -7.073999999999996957e-02 9.277050000000000018e-01 9.277050000000000018e-01 6.837500000000001910e-02 -3.438749999999999862e-01 1.762499999999999900e-01 -7.564999999999998809e-03 8.851700000000000124e-01 -2.930999999999999717e-01 -4.886349999999999860e-01 4.034000000000004249e-02 -3.491849999999999676e-01 7.842850000000000099e-01 -7.434450000000000225e-01 -5.971750000000000114e-01 8.806499999999999329e-01 -6.867399999999999061e-01 -6.922800000000000065e-01 7.731099999999999639e-01 9.277050000000000018e-01 2.161399999999999988e-01 8.777599999999999847e-01 9.277050000000000018e-01 -7.418299999999999894e-01 -5.347699999999999676e-01 -7.418299999999999894e-01 -5.476250000000000284e-01 -3.491849999999999676e-01 -7.564999999999998809e-03 9.369399999999999951e-01 9.277050000000000018e-01 -7.354450000000000154e-01 -6.218099999999999739e-01 -6.281950000000000589e-01 -6.218099999999999739e-01 8.851700000000000124e-01 1.071650000000000102e-01 1.804350000000000120e-01 2.418949999999999989e-01 7.683999999999999719e-01 3.162350000000000438e-01 -4.087049999999999850e-01 2.732499999999999929e-01 -6.634299999999999642e-01 5.685700000000000198e-01 -7.625300000000000411e-01 5.685700000000000198e-01 -1.751399999999999901e-01 5.685700000000000198e-01 7.926900000000000057e-01 -1.550499999999999934e-01 -7.625300000000000411e-01 -5.222999999999999865e-02 -7.497599999999999820e-01 -1.550499999999999934e-01 -6.634299999999999642e-01 -1.550499999999999934e-01 9.776500000000000190e-01 7.926900000000000057e-01 -6.634299999999999642e-01 5.685700000000000198e-01 -5.222999999999999865e-02 -7.625300000000000411e-01 -2.672200000000000131e-01 -7.625300000000000411e-01 -5.222999999999999865e-02 -7.625300000000000411e-01 -5.222999999999999865e-02 -6.634299999999999642e-01 8.777599999999999847e-01 -5.222999999999999865e-02 7.836499999999999577e-01 -7.625300000000000411e-01 -7.497599999999999820e-01 9.776500000000000190e-01 -1.550499999999999934e-01 5.685700000000000198e-01 7.926900000000000057e-01 7.836499999999999577e-01 -6.634299999999999642e-01 5.685700000000000198e-01
7.200800000000000534e-01 2.721250000000000058e-01 0.000000000000000000e+00 -6.656000000000002192e-02 -2.434058333333333490e-01 -4.101799999999999335e-01 -1.338041666666666685e-01 -2.320875000000000021e-01 -1.301183333333333358e-01 -5.518891666666666529e-01 -4.079674999999999829e-01 -1.850358333333332883e-01 -5.496666666666665674e-02 -1.514683333333333159e-01 -4.079291666666666205e-01 -5.031550000000000189e-01 -1.087666666666666782e-01 -2.337541666666667073e-01 -1.723400000000000210e-01 -4.212091666666666345e-01 4.878249999999999947e-02 -3.194683333333332986e-01 -1.481233333333333291e-01 -2.921566666666666756e-01 -5.520699999999999497e-01 -5.219900000000000651e-01 -3.374774999999999303e-01 -4.857033333333333203e-01 -3.854808333333334391e-01 -3.243449999999999944e-01 7.386999999999999122e-02 -2.427700000000000136e-01 -3.942866666666666742e-01 -3.231609090909090543e-01 -2.742581818181818454e-01 -1.498154545454545294e-01 -3.618336363636363573e-01 -4.284427272727273084e-01 -2.980316666666666392e-01 -2.283057142857142785e-01 -2.813083333333333269e-01 -2.990183333333333304e-01 -3.575783333333333869e-01 -1.884633333333333438e-01 -1.755249999999999588e-01 -3.187658333333333593e-01 -4.232700000000000351e-01 7.593583333333332741e-02 -1.021358333333333285e-01 -3.482966666666666433e-01 -2.451783333333333870e-01 -2.404249999999999998e-01 -2.335791666666666988e-01 -2.277924999999999811e-01 -5.634916666666666546e-02 -1.528858333333333319e-01 -2.460583333333333511e-01 -4.281608333333333238e-01 -1.032841666666666769e-01 -2.215416666666666368e-01 -1.902841666666666709e-01 -5.251091666666666269e-01 -4.076083333333332948e-01 -2.419583333333333586e-01 -1.491466666666666774e-01 -3.784700000000000286e-01 -3.795108333333332973e-01 -2.377658333333333429e-01 -2.007241666666666757e-01 -2.155283333333333495e-01 -2.683409090909090744e-01 -6.350000000000000089e-02 -2.691645454545454896e-01 -4.253527272727273267e-01 -2.802390909090908822e-01 -3.677855555555555322e-01 1.000000000000000000e+00 -1.959333333333333413e-02 -4.427200000000000024e-01 -2.139227272727272644e-01 -2.829236363636363771e-01 -4.610918181818181583e-01 -3.903572727272726639e-01 -1.773400000000000254e-01 -4.015354545454545843e-01 -4.643190909090908480e-01 -2.678881818181817476e-01 -2.683027272727272483e-01 -1.138890909090909120e-01 -2.910863636363636986e-01 -2.875454545454545485e-01 -4.536545454545455602e-02 -1.697236363636363821e-01 -2.474863636363636432e-01 -1.287181818181818149e-01 -3.081909090909090709e-01 -4.397690909090908318e-01 -9.584818181818183236e-02 -3.527336363636363603e-01 -4.960081818181817925e-01 -5.436881818181817927e-01 -4.409299999999999886e-01 -5.085663636363636497e-01 -2.424509090909090780e-01 -3.800181818181818105e-01 -3.852545454545454606e-01 -2.771909090909090434e-01 7.200800000000000534e-01
-1.139099999999999974e-01 -3.866800000000000237e-01 -6.656000000000002192e-02 0.000000000000000000e+00 -2.046578947368420942e-01 -2.370857894736842497e-01 -1.618294736842105230e-01 -3.470584210526316271e-01 -2.993447368421052746e-01 -3.695299999999999696e-01 -2.196457894736841832e-01 -2.209752631578947302e-01 -2.357784210526316093e-01 -3.328473684210526973e-02 -2.688384210526315599e-01 -2.960715789473684634e-01 -2.367931578947368165e-01 -1.430873684210526298e-01 -3.508210526315788669e-02 -1.562126315789473252e-01 -3.523831578947368426e-01 -3.638947368421053263e-01 -2.336421052631578732e-01 -2.481447368421052513e-01 -3.473857894736842589e-01 -2.400057894736842001e-01 -2.184410526315789525e-01 -3.897894736842105190e-01 -1.098010526315789520e-01 -2.680294736842104841e-01 -2.258110526315789401e-01 -3.399005263157894308e-01 -1.930221052631579115e-01 -3.455883333333333862e-01 -3.937988888888888095e-01 -2.364572222222222075e-01 -2.191661111111111171e-01 -3.742027777777778286e-01 -2.068153846153846231e-01 -2.472899999999999543e-01 -2.052636842105262927e-01 -3.215205263157894788e-01 -1.668110526315789433e-01 -3.407189473684210657e-01 -3.962452631578947115e-01 -1.799621052631578955e-01 -2.030315789473683963e-01 -2.205578947368420917e-01 -2.420005263157894992e-01 -1.395757894736842086e-01 -2.128278947368421048e-01 -4.792684210526314548e-01 -1.960447368421052716e-01 -2.844252631578947366e-01 -1.259473684210526134e-01 1.090389473684210547e-01 -2.488499999999999601e-01 -1.572252631578947291e-01 -1.450252631578947682e-01 -2.829894736842105130e-01 -3.442326315789474012e-01 -4.145610526315789413e-01 -2.767263157894737091e-01 -3.562836842105263635e-01 -2.474084210526315830e-01 -2.321831578947368413e-01 -1.745663157894736806e-01 -3.532236842105263008e-01 -2.645152631578946978e-01 -1.484694736842105123e-01 -5.777222222222228726e-03 -1.813882352941176279e-01 -2.514146153846154030e-01 -1.669938461538461594e-01 -1.729438461538461702e-01 -2.938493333333333513e-01 -1.878824999999999801e-01 -1.219790000000000180e-01 -2.981816666666666227e-01 -2.571811111111111381e-01 -3.485688888888888726e-01 -1.477338888888888868e-01 -2.458027777777778422e-01 -3.024688888888888982e-01 -9.150333333333332542e-02 -1.381483333333333452e-01 -3.096027777777778378e-01 -3.518205555555555808e-01 -1.875977777777777800e-01 -2.162961111111111057e-01 -3.390627777777778240e-01 -2.652322222222222581e-01 -1.100688888888888828e-01 -1.928272222222222054e-01 6.229500000000001703e-02 -3.088366666666666482e-01 -1.711844444444444446e-01 -1.515827777777777607e-01 -2.022555555555555218e-02 -3.815911111111111031e-01 -3.035422222222222133e-01 -1.920264705882352985e-01 -2.116441176470587882e-01 -1.802529411764705602e-01 -1.288888235294117779e-01 -1.910723529411764710e-01 -3.112000000000000322e-01 -1.139099999999999974e-01
9.179500000000000437e-01 8.806499999999999329e-01 -2.434058333333333490e-01 -2.046578947368420942e-01 0.000000000000000000e+00 1.871432258064516241e-01 -2.433254838709677514e-01 -1.881461290322580804e-01 -2.520877419354839444e-01 -3.365216129032258530e-01 2.045077419354838777e-01 -2.003270967741935249e-01 -2.872922580645160817e-01 1.560016129032258114e-01 1.712506451612903213e-01 -3.566058064516128834e-01 5.110645161290328781e-03 5.371064516129031574e-02 -2.667448387096774121e-01 7.560000000000005951e-03 -3.106887096774194057e-01 -2.697435483870967987e-01 -2.031264516129031861e-01 -1.245709677419356079e-02 -3.639380645161289785e-01 1.639716129032257885e-01 -3.267916666666667025e-01 -3.346049999999999858e-01 1.427890322580644689e-01 1.180463333333333226e-01 -9.141033333333331568e-02 -2.526840000000000197e-01 7.136533333333332230e-02 -2.635906896551724055e-01 -1.916082758620689663e-01 -2.354275862068965497e-01 -4.215648275862069472e-01 -2.442362068965517330e-01 -2.975441666666666651e-01 -1.072099999999999997e-01 -2.099036666666666551e-01 -2.881099999999999772e-01 1.035641935483870985e-01 -2.443848387096774766e-01 -3.986751612903225439e-01 1.895522580645161714e-01 1.702854838709677021e-01 -3.292951612903226022e-01 -1.398912903225806581e-01 1.892270967741935261e-01 -4.005422580645162101e-01 -4.492590322580645168e-01 -4.131496774193548771e-01 -2.935967741935484043e-01 -2.980426666666667335e-01 -1.577226666666666499e-01 -3.638666666666652907e-03 1.970696666666666708e-01 -2.452023333333333555e-01 -9.121966666666665724e-02 -3.128883333333333794e-01 -3.449026666666666907e-01 1.874522580645161529e-01 -2.341883870967741976e-01 -2.148577419354838480e-01 1.461287096774193661e-01 1.399596666666666489e-01 -6.483300000000000174e-02 -3.185343333333333082e-01 -1.551275862068965394e-01 -1.839103571428571393e-01 -1.493339285714285758e-01 -1.562083333333333102e-01 7.382727272727293392e-03 -9.402928571428570415e-02 -1.952249999999999819e-01 1.103044444444444411e-01 -2.109733333333333460e-01 -1.043381250000000038e-01 -2.701891666666666469e-01 -1.083327586206896537e-01 1.651537931034482987e-01 -3.111989655172414104e-01 -1.868493103448275738e-01 1.431965517241380256e-02 1.934179310344827929e-01 -3.306768965517240533e-01 -3.747648275862069389e-01 -2.464965517241379800e-02 -3.976462068965517793e-01 -1.633734482758620876e-01 -4.412441379310344525e-01 -3.258941379310344444e-01 -3.786937931034483618e-01 -1.815134482758621048e-01 -3.482834482758620509e-01 9.546724137931036913e-02 -3.171944827586206661e-01 1.530475862068965687e-01 -3.278127586206896482e-01 -3.070724137931034603e-01 1.540060714285713672e-01 2.208021428571428635e-01 -1.903096428571428855e-01 1.649062962962963286e-01 1.571011111111111080e-01 -2.684630434782608321e-01 -2.031427272727272804e-01
1.000000000000000000e+00 8.851700000000000124e-01 -4.101799999999999335e-01 -2.370857894736842497e-01 1.871432258064516241e-01 0.000000000000000000e+00 -1.261329999999999951e-01 -2.598166666666666957e-01 -2.326545098039215220e-01 -5.475211764705882889e-01 7.667031372549016899e-01 -2.350152941176470722e-01 -2.150588235294117329e-02 7.284807843137254268e-01 6.309733333333332750e-01 -2.589151219512195179e-01 1.849999999999999978e-01 4.743057999999999996e-01 -4.587084000000000716e-01 3.799281999999999937e-01 -4.498232000000000896e-01 -2.187818000000000263e-01 -1.161437999999999915e-01 5.336897999999999920e-01 -4.620982000000000700e-01 5.737551999999999097e-01 -3.174932653061224297e-01 -4.882354166666666440e-01 6.286648979591836772e-01 6.098522916666666571e-01 2.648652083333333795e-01 1.253702083333333439e-01 5.634175510204081361e-01 -2.154345833333333182e-01 9.679895833333335142e-02 -2.838714893617021451e-01 -2.840140425531915147e-01 2.326321276595745002e-01 -3.221699999999999564e-01 -2.645811111111111003e-01 -2.210283333333332989e-01 1.039760000000000267e-01 7.215325999999998574e-01 -1.782940000000000219e-02 -2.939999999999999836e-01 6.617004000000001884e-01 6.373419999999999641e-01 -3.104511764705882859e-01 1.456258823529412161e-01 6.874821568627451640e-01 -6.502023529411764535e-01 -2.623641176470588032e-01 -6.048041176470588809e-01 -2.953365999999999492e-01 -3.852430000000001131e-01 -1.884409999999999974e-01 3.023596000000000061e-01 7.633377999999999552e-01 -2.940302000000000193e-01 1.762028000000000483e-01 -4.146986000000000283e-01 -5.130668000000000450e-01 7.114796078431371296e-01 -2.319417999999999480e-01 -2.021429999999999894e-01 6.088613999999999971e-01 7.137928571428570068e-01 -6.728530612244895681e-02 -3.174235416666666421e-01 1.175670454545454519e-01 -2.288118181818181718e-01 2.991666666666667473e-02 -1.376825925925925787e-01 1.712545454545455204e-01 4.687642857142857583e-02 -7.692941176470587117e-02 6.130091666666666050e-01 -3.038993103448276445e-01 -1.204210714285714190e-01 -2.046470454545454565e-01 -1.139057142857142907e-01 7.380833333333333135e-01 -3.730324489795918685e-01 -2.726526530612245480e-01 6.879034693877551510e-01 7.300102040816326410e-01 -2.431081632653061264e-01 -3.715946938775511188e-01 5.108297959183674131e-01 -6.383408163265306134e-01 -6.602040816326516792e-03 -5.807783673469387731e-01 -2.623610204081632258e-01 -5.765840816326530671e-01 -1.910565306122448959e-01 -3.107526530612244597e-01 6.828222916666666364e-01 -5.676731250000000006e-01 5.461541666666666073e-01 -3.861191666666666245e-01 -3.807363265306121791e-01 5.499827083333334032e-01 3.405014583333333955e-01 4.094770833333334636e-02 5.965038297872340411e-01 5.592282608695652302e-01 -1.203621951219511904e-01 -1.339166666666666283e-02
-2.596800000000000219e-01 -4.767449999999999743e-01 -1.338041666666666685e-01 -1.618294736842105230e-01 -2.433254838709677514e-01 -1.261329999999999951e-01 0.000000000000000000e+00 -2.659431481481481785e-01 -2.044568518518518063e-01 -3.140451851851850940e-01 1.837351851851851472e-02 -2.225209259259260108e-01 -1.378333333333333355e-01 3.469166666666668314e-02 -4.873981481481481914e-02 -2.634397777777777172e-01 -3.538727272727271861e-02 6.652056603773585930e-02 -2.846537735849056783e-01 -6.581867924528302105e-02 -2.444701886792452761e-01 -2.272758490566037515e-01 -1.255881132075471751e-01 -3.034358490566038333e-02 -2.514247169811320570e-01 -1.418592452830188810e-01 -2.388690384615385076e-01 -3.600229411764705456e-01 -7.620788461538463565e-02 2.854470588235295467e-02 -4.827254901960775606e-03 -9.151647058823528247e-02 -1.587884615384615658e-02 -2.515252941176470691e-01 -1.299190196078431614e-01 -1.898299999999999987e-01 -2.521048000000000178e-01 -6.593739999999999324e-02 -1.632802222222222155e-01 -3.295436170212766025e-01 -2.054205999999999810e-01 -1.328400000000000136e-01 -3.843264150943396379e-02 -1.910526415094339625e-01 -1.855630188679245618e-01 5.426490566037737301e-02 -6.165283018867925846e-02 -2.225020370370370815e-01 -1.456051851851851986e-01 -4.877462962962963999e-02 -3.180274074074074253e-01 -2.344879629629629536e-01 -2.647098148148148145e-01 -2.581369811320755048e-01 -1.984845283018868145e-01 -1.209554716981132011e-01 -1.477650943396226213e-01 -1.534528301886799477e-03 -1.876213207547170192e-01 -1.075413207547169930e-01 -3.484762264150943478e-01 -3.420956603773585014e-01 -1.125425925925925726e-02 -2.907486792452830260e-01 -1.678556603773584954e-01 5.563584905660389456e-03 -2.088096153846152880e-02 -1.666323076923076907e-01 -1.743788235294117528e-01 -1.370291489361702142e-01 -1.520961363636363639e-01 -1.787917777777777717e-01 -2.963485185185185111e-01 -1.481323999999999974e-01 -2.010464705882352709e-01 -3.570890000000000453e-01 -6.222071428571428198e-02 -1.208509677419354750e-01 -2.310033333333332828e-01 -1.723873913043478256e-01 -2.167561538461538762e-01 5.697098039215687387e-02 -2.653221153846153646e-01 -3.092974999999999475e-01 -3.651480769230767975e-02 -9.636538461538472419e-03 -2.308124999999999760e-01 -2.789715384615384375e-01 1.746634615384615868e-02 -3.258853846153846323e-01 -1.388034615384615145e-01 -2.723234615384615420e-01 -2.477876923076923199e-01 -3.059919230769230780e-01 -1.447661538461538500e-01 -1.494375000000000009e-01 1.454627450980392096e-02 -2.648388235294117932e-01 -1.238735294117647018e-01 -2.906760784313725532e-01 -3.478903846153845736e-01 -9.504039215686276021e-02 -1.389529411764705430e-02 -1.901345098039215753e-01 -2.668959999999998348e-02 -8.261956521739130185e-03 -1.849558536585365620e-01 -7.947769230769230475e-02
-4.022200000000000220e-01 1.187349999999999794e-01 -2.320875000000000021e-01 -3.470584210526316271e-01 -1.881461290322580804e-01 -2.598166666666666957e-01 -2.659431481481481785e-01 0.000000000000000000e+00 -4.017831578947368421e-01 -4.717807017543859671e-01 -2.643187719298245586e-01 -2.589082456140350819e-01 -2.737310526315789305e-01 -2.994510526315789511e-01 -3.171668421052631359e-01 -4.173639999999999017e-01 -3.298593181818181286e-01 -2.131544642857143013e-01 -3.964526785714285739e-01 -3.232403571428571487e-01 -4.101033928571428122e-01 -4.088657142857142213e-01 -3.164757142857142491e-01 -3.772973214285714194e-01 -3.687121428571428772e-01 -2.920203571428571232e-01 -4.138429090909090946e-01 -4.808809259259258506e-01 -3.311721818181819210e-01 -3.055572222222222023e-01 -2.646472222222222559e-01 -2.968405555555554964e-01 -3.299590909090909241e-01 -3.639785185185184790e-01 -3.284762962962963773e-01 -2.945183018867924551e-01 -2.287330188679245480e-01 -4.028313207547170594e-01 -3.327753333333333119e-01 -3.677423999999999693e-01 -3.449926415094339838e-01 -3.026772727272727392e-01 -2.818335714285714055e-01 -3.364805357142857112e-01 -2.861283928571428659e-01 -1.636582142857143096e-01 -3.552944642857142621e-01 -2.751010526315789684e-01 -2.542040350877192711e-01 -3.369833333333333569e-01 -4.327033333333333842e-01 -2.674082456140350894e-01 -4.002049122807017634e-01 -3.623764285714285438e-01 -3.138017857142857414e-01 -3.098594642857142589e-01 -2.992971428571428727e-01 -2.680808928571428718e-01 -3.038194642857142691e-01 -3.434344642857142249e-01 -4.375664285714285784e-01 -4.615933928571428480e-01 -3.024956140350877343e-01 -2.704528571428571615e-01 -4.115216071428570710e-01 -1.982810714285714315e-01 -2.845298181818181615e-01 -2.698816363636363791e-01 -3.548977777777777565e-01 -2.877814000000000205e-01 -3.630076595744681223e-01 -3.176639583333333294e-01 -3.790250000000000008e-01 -3.944615999999999678e-01 -3.617582352941176582e-01 -5.240425000000000777e-01 -1.566440000000000055e-01 -2.786234375000000152e-01 -3.573625806451612430e-01 -3.683630612244898073e-01 -4.703579999999999983e-01 -2.275575925925926168e-01 -4.044927272727272261e-01 -3.666769090909091089e-01 -2.939620000000000011e-01 -3.027861818181817322e-01 -3.358974545454546101e-01 -3.507834545454543984e-01 -2.485219999999999096e-01 -4.386629090909089923e-01 -2.534303636363636203e-01 -4.064018181818181419e-01 -3.516069090909090811e-01 -3.957238181818181211e-01 -2.649998181818182252e-01 -3.633490909090908438e-01 -2.597411111111110893e-01 -3.377287037037036144e-01 -2.426022222222222191e-01 -4.029618518518518488e-01 -4.730743636363636262e-01 -3.513681481481481517e-01 -2.429064814814815010e-01 -3.370551851851850689e-01 -3.151152830188678755e-01 -3.368042857142856672e-01 -2.812134090909090833e-01 -2.074061538461538512e-01
7.200800000000000534e-01 -7.628000000000001446e-02 -1.301183333333333358e-01 -2.993447368421052746e-01 -2.520877419354839444e-01 -2.326545098039215220e-01 -2.044568518518518063e-01 -4.017831578947368421e-01 0.000000000000000000e+00 -4.559633333333332761e-01 -9.682894736842104222e-02 -3.018654385964911757e-01 -3.493059649122807198e-01 -6.356561403508770303e-02 -1.807950877192982531e-01 -2.787466666666666426e-01 -1.730174999999999907e-01 -1.503250000000000142e-01 -4.209369642857141991e-01 -2.484955357142857035e-01 -3.158933928571428518e-01 -3.335426785714285525e-01 -2.577828571428571469e-01 -8.968803571428571320e-02 -3.638180357142857813e-01 -1.558701785714285415e-01 -2.859696363636363148e-01 -4.789112962962961406e-01 -1.973799999999999721e-01 -1.360494444444444173e-01 -8.017944444444442820e-02 -7.586796296296294262e-02 -1.375945454545454416e-01 -3.395038888888888273e-01 -2.553631481481481447e-01 -2.705396226415094363e-01 -3.758116981132075263e-01 -1.589581132075471304e-01 -2.773406666666666798e-01 -3.757171999999999734e-01 -3.901356603773584175e-01 -2.141149090909091057e-01 -1.448091071428571353e-01 -2.292364285714285632e-01 -3.800208928571428557e-01 -7.724303571428570159e-02 -2.049483928571428637e-01 -3.025089473684210439e-01 -1.229603508771929948e-01 -1.547949122807017464e-01 -3.974880701754385237e-01 -3.505666666666666376e-01 -3.380112280701754179e-01 -2.063473214285714008e-01 -3.017948214285713915e-01 -2.535996428571428707e-01 -1.134489285714285478e-01 -1.076057142857142906e-01 -2.049471428571428278e-01 -2.992553571428571146e-01 -3.535330357142857371e-01 -4.786537499999999890e-01 -1.544042105263157549e-01 -3.552219642857142867e-01 -2.725549999999999917e-01 -1.028898214285714208e-01 -1.717552727272727009e-01 -1.963319999999999788e-01 -2.922272222222221938e-01 -1.812799999999999967e-01 -2.617782978723404708e-01 -2.630393750000000197e-01 -4.104592857142858042e-01 -3.467152000000000012e-01 -3.701394117647058835e-01 -3.459004999999999441e-01 -3.768339999999999468e-01 -3.222724999999999618e-01 -2.640016129032258241e-01 -1.831310204081632864e-01 -2.711440000000000516e-01 -1.032290740740740703e-01 -3.435901818181818501e-01 -3.967489090909089300e-01 -1.766109090909091239e-01 -1.159352727272726924e-01 -2.417676363636363790e-01 -3.754063636363636491e-01 -1.139763636363636257e-01 -4.013192727272726357e-01 -2.135976363636363506e-01 -3.148789090909091537e-01 -3.554799999999999627e-01 -3.875221818181817657e-01 -2.404700000000000171e-01 -3.984801818181817890e-01 -9.829740740740738891e-02 -2.822898148148148545e-01 -1.201527777777777611e-01 -3.556785185185185050e-01 -4.614376363636363276e-01 -1.584314814814814509e-01 -1.932542592592592368e-01 -1.662775925925925880e-01 -1.342881132075471606e-01 -1.464422448979591784e-01 -3.497281818181818824e-01 -1.533846153846153970e-01
-4.022200000000000220e-01 -7.418299999999999894e-01 -5.518891666666666529e-01 -3.695299999999999696e-01 -3.365216129032258530e-01 -5.475211764705882889e-01 -3.140451851851850940e-01 -4.717807017543859671e-01 -4.559633333333332761e-01 0.000000000000000000e+00 -5.079322807017543351e-01 -3.701105263157894454e-01 -4.026691228070176098e-01 -5.167015789473684562e-01 -6.001696491228070141e-01 -3.897448888888888630e-01 -4.380354545454546167e-01 -4.381582142857142759e-01 -5.476710714285714099e-01 -4.978124999999999356e-01 -5.321221428571428769e-01 -4.488224999999999576e-01 -2.868419642857142904e-01 -5.162301785714286106e-01 -4.593228571428570883e-01 -5.087821428571428495e-01 -5.962092727272726433e-01 -7.215264814814814631e-01 -6.545394545454547020e-01 -5.028357407407407775e-01 -3.108325925925925493e-01 -2.717590740740740141e-01 -4.684838181818181679e-01 -3.888422222222221447e-01 -4.377727777777778440e-01 -3.693592452830188333e-01 -2.976307547169811940e-01 -3.668332075471698595e-01 -3.761197777777777196e-01 -5.207994000000000234e-01 -5.323464150943395534e-01 -4.460645454545453803e-01 -5.787728571428572000e-01 -2.618516071428571013e-01 -2.768637499999999640e-01 -3.589094642857143524e-01 -6.875483928571428649e-01 -3.004531578947368664e-01 -4.524508771929824369e-01 -6.145661403508771992e-01 -6.692050877192980973e-01 -9.004807017543861591e-02 -5.814021052631578312e-01 -3.310657142857142965e-01 -3.356887500000000357e-01 -4.512171428571427612e-01 -3.361282142857143218e-01 -5.413394642857143335e-01 -2.996612500000000456e-01 -3.881623214285714885e-01 -5.584398214285714035e-01 -7.380714285714287115e-01 -5.728021052631578902e-01 -2.734210714285714716e-01 -4.508876785714285851e-01 -4.613728571428571401e-01 -5.983976363636364093e-01 -2.920430909090909188e-01 -4.040851851851851584e-01 -5.050113999999999992e-01 -5.029774468085106420e-01 -5.052006250000000698e-01 -5.214896428571428322e-01 -5.069612000000000007e-01 -3.786900000000000266e-01 -3.582074999999999565e-01 -4.784660000000000024e-01 -2.853306250000000044e-01 -5.422422580645160917e-01 -4.577946938775510621e-01 -5.902138181818181728e-01 -4.779885185185185348e-01 -3.847879999999999634e-01 -5.197498181818182017e-01 -5.338752727272728649e-01 -5.700605454545455419e-01 -2.267407272727272882e-01 -4.650667272727272428e-01 -4.201518181818181819e-01 -6.432429090909089764e-01 -2.835874545454545315e-01 -5.423472727272725669e-01 -3.387116363636363814e-01 -6.345127272727272283e-01 -4.486861818181818173e-01 -2.751849090909090911e-01 -5.547562962962963029e-01 -5.128994444444443523e-01 -4.791112962962963406e-01 -5.297746296296297341e-01 -7.191089090909090764e-01 -6.363685185185183890e-01 -3.715361111111110115e-01 -3.652912962962962529e-01 -5.715758490566037464e-01 -6.132726530612245819e-01 -2.663206818181818036e-01 -2.665907692307692423e-01
1.000000000000000000e+00 9.277050000000000018e-01 -4.079674999999999829e-01 -2.196457894736841832e-01 2.045077419354838777e-01 7.667031372549016899e-01 1.837351851851851472e-02 -2.643187719298245586e-01 -9.682894736842104222e-02 -5.079322807017543351e-01 0.000000000000000000e+00 -1.965636842105263071e-01 1.566192982456142413e-02 8.748752631578946559e-01 7.957294736842105420e-01 -2.277188888888889151e-01 3.006552272727273101e-01 6.800691071428570655e-01 -5.083576785714285506e-01 4.255394642857143195e-01 -4.672355357142857768e-01 -2.062542857142856956e-01 -7.007857142857142063e-02 7.189951785714284727e-01 -5.014619642857143234e-01 6.989546428571429271e-01 -2.554274545454545131e-01 -4.815472222222222931e-01 7.838652727272729104e-01 7.897651851851849036e-01 4.452929629629629460e-01 3.015083333333333226e-01 7.175005454545453354e-01 -1.826729629629629814e-01 1.617531481481481737e-01 -1.964164150943396026e-01 -2.377481132075471570e-01 4.047726415094339836e-01 -2.081828888888888895e-01 -2.344394000000000200e-01 -1.258784905660377262e-01 1.848330909090909469e-01 8.855641071428570488e-01 3.632500000000000312e-02 -1.642298214285713986e-01 8.574212500000000237e-01 8.062650000000000095e-01 -2.456303508771929545e-01 2.374964912280701779e-01 8.615568421052630654e-01 -6.940217543859649174e-01 -1.157935087719298151e-01 -6.308815789473682933e-01 -2.653660714285713818e-01 -4.340835714285714575e-01 -1.171657142857142897e-01 4.059801785714285960e-01 9.667353571428571879e-01 -2.613074999999999704e-01 2.557512499999999855e-01 -4.733137500000000331e-01 -5.139746428571428938e-01 9.200850877192983113e-01 -1.858321428571428624e-01 -4.894624999999998977e-02 8.036275000000000501e-01 8.684316363636360725e-01 -4.286490909090907853e-02 -2.301550000000000262e-01 2.101202000000000070e-01 -1.251612765957446916e-01 3.424375000000007274e-03 -1.761053571428571884e-01 1.525840000000000252e-01 -2.157588235294116696e-02 -6.124899999999999789e-02 6.087073333333334890e-01 -2.151584374999999938e-01 3.548387096773086521e-05 -1.414140816326530103e-01 -7.637854545454544897e-02 8.955294444444441559e-01 -3.377263636363636023e-01 -2.675556363636363844e-01 8.030070909090907261e-01 9.075087272727270227e-01 -1.799534545454545276e-01 -2.991070909090909336e-01 6.467269090909090190e-01 -6.970763636363638271e-01 1.636689090909091149e-01 -6.295496363636364778e-01 -2.295063636363636750e-01 -6.381189090909092920e-01 -1.376843636363636603e-01 -1.561834545454545142e-01 8.924131481481478723e-01 -5.719392592592592584e-01 7.077598148148148693e-01 -3.420785185185185595e-01 -3.637525454545454395e-01 7.203870370370373255e-01 4.997437037037038010e-01 2.146462962962964599e-02 7.164418867924526868e-01 7.174304081632651986e-01 -4.859499999999998543e-02 9.823923076923080089e-02
7.200800000000000534e-01 7.842850000000000099e-01 -1.850358333333332883e-01 -2.209752631578947302e-01 -2.003270967741935249e-01 -2.350152941176470722e-01 -2.225209259259260108e-01 -2.589082456140350819e-01 -3.018654385964911757e-01 -3.701105263157894454e-01 -1.965636842105263071e-01 0.000000000000000000e+00 -2.361582456140350617e-01 -2.174315789473684202e-01 -2.224612280701754319e-01 -3.282382222222222090e-01 -3.005679545454544854e-01 -2.204421428571428365e-01 -2.847960714285714401e-01 -2.488089285714285559e-01 -3.071776785714285807e-01 -3.530076785714286181e-01 -2.698375000000000079e-01 -2.945717857142857166e-01 -3.515001785714285676e-01 -1.977787499999999754e-01 -3.933407272727273418e-01 -3.956459259259259009e-01 -3.004370909090908759e-01 -2.929264814814815376e-01 -2.373329629629629955e-01 -2.230514814814814895e-01 -3.219689090909091389e-01 -3.739411111111112240e-01 -2.174140740740740652e-01 -2.619973584905660458e-01 -3.753384905660377413e-01 -3.295643396226414223e-01 -2.534577777777777818e-01 -3.138511999999999968e-01 -2.865635849056604179e-01 -3.118512727272726992e-01 -2.041598214285714474e-01 -3.658578571428571236e-01 -3.138028571428571611e-01 -1.395375000000000087e-01 -3.105667857142856980e-01 -3.200284210526315176e-01 -2.558375438596491303e-01 -2.430922807017543708e-01 -3.253892982456140226e-01 -3.113050877192982124e-01 -3.032707017543859740e-01 -3.433835714285713991e-01 -2.968962500000000282e-01 -2.926982142857142977e-01 -1.736485714285714022e-01 -2.085228571428571764e-01 -2.506237499999999785e-01 -3.202453571428571233e-01 -3.557101785714285591e-01 -4.421635714285714891e-01 -1.934784210526316051e-01 -3.159607142857142614e-01 -2.652685714285714091e-01 -1.761264285714285727e-01 -2.734385454545454341e-01 -2.694143636363636740e-01 -3.161814814814814523e-01 -2.946373999999999937e-01 -3.530642553191489230e-01 -3.652491666666666248e-01 -3.423882142857142541e-01 -1.740563999999999723e-01 -1.837105882352940978e-01 -2.833059999999999468e-01 -2.887266666666666315e-01 -2.297765624999999756e-01 -3.082622580645161259e-01 -3.100510204081632915e-01 -3.297816363636363879e-01 -2.068992592592593105e-01 -3.823207272727273121e-01 -3.399439999999999684e-01 -2.979307272727272360e-01 -2.288189090909091006e-01 -3.268010909090909299e-01 -3.430792727272726772e-01 -1.991778181818181781e-01 -3.670390909090908149e-01 -2.606338181818181887e-01 -3.214563636363636512e-01 -3.319954545454545380e-01 -3.605056363636363059e-01 -3.112807272727273200e-01 -3.136467272727272437e-01 -2.108431481481481684e-01 -3.364533333333332710e-01 -2.142987037037036857e-01 -3.896168518518519086e-01 -4.321287272727273310e-01 -3.163420370370368939e-01 -2.545798148148148421e-01 -2.390774074074074051e-01 -2.457283018867924274e-01 -2.437493877551020482e-01 -3.115772727272727582e-01 -2.312769230769231021e-01
7.200800000000000534e-01 7.842850000000000099e-01 -5.496666666666665674e-02 -2.357784210526316093e-01 -2.872922580645160817e-01 -2.150588235294117329e-02 -1.378333333333333355e-01 -2.737310526315789305e-01 -3.493059649122807198e-01 -4.026691228070176098e-01 1.566192982456142413e-02 -2.361582456140350617e-01 0.000000000000000000e+00 -7.483859649122814352e-03 -7.728473684210526717e-02 -3.298891111111111329e-01 -7.581295454545454449e-02 5.629642857142858059e-02 -3.267391071428571436e-01 -1.955951785714285518e-01 -2.909451785714285421e-01 -2.409196428571428183e-01 -2.400073214285714240e-01 -7.224303571428569715e-02 -3.799628571428571577e-01 -8.136803571428570525e-02 -3.384381818181819157e-01 -4.120774074074074478e-01 -6.403872727272724719e-02 -3.048296296296296171e-02 -9.499611111111107287e-02 -1.819433333333333180e-01 -1.243180000000000118e-01 -3.231524074074074160e-01 -2.309414814814814698e-01 -2.170003773584906204e-01 -2.651709433962264328e-01 -1.742375471698113243e-01 -2.512793333333333545e-01 -3.608013999999999943e-01 -4.202603773584905333e-01 -2.042149090909091136e-01 1.755196428571429226e-02 -2.581733928571428027e-01 -2.808366071428571309e-01 3.479642857142859619e-02 -5.551678571428569908e-02 -2.793270175438596348e-01 -9.523087719298244103e-02 4.081228070175444561e-03 -3.459263157894736929e-01 -2.826433333333333020e-01 -3.799331578947368615e-01 -2.944826785714285688e-01 -3.453624999999999612e-01 -2.508853571428571461e-01 -7.363125000000000919e-02 -9.470178571428558220e-03 -2.120832142857142777e-01 -2.461158928571428317e-01 -4.142039285714285701e-01 -4.067744642857142878e-01 4.238912280701757213e-02 -3.825291071428571499e-01 -1.930621428571428488e-01 -3.458803571428571699e-02 -3.048727272727265458e-03 -1.800610909090908929e-01 -3.014470370370370689e-01 -1.987758000000000302e-01 -2.906525531914893601e-01 -1.784925000000000261e-01 -3.997342857142856531e-01 -1.734139999999999571e-01 -9.647117647058822687e-02 -4.049049999999999594e-01 1.753753333333333553e-01 -2.119174999999999809e-01 -2.649258064516128997e-01 -3.080659183673469248e-01 -2.576680000000000081e-01 2.176425925925925750e-02 -3.627779999999999894e-01 -2.128572727272727005e-01 -3.574254545454545740e-02 -6.323999999999997679e-02 -3.142732727272727900e-01 -2.940672727272727327e-01 -1.483163636363636281e-02 -3.678429090909091093e-01 -1.952543636363635871e-01 -3.141759999999999553e-01 -3.062212727272727308e-01 -2.922756363636363486e-01 -2.389307272727272391e-01 -3.262900000000000245e-01 -4.937203703703701291e-02 -2.934612962962963034e-01 -9.551148148148144723e-02 -3.508870370370370528e-01 -3.308121818181817275e-01 -1.780448148148148224e-01 -1.251568518518518247e-01 -2.450335185185184839e-01 -1.328094339622641340e-01 -1.617210204081632463e-01 -2.819965909090909051e-01 -9.767538461538460837e-02
7.200800000000000534e-01 7.842850000000000099e-01 -1.514683333333333159e-01 -3.328473684210526973e-02 1.560016129032258114e-01 7.284807843137254268e-01 3.469166666666668314e-02 -2.994510526315789511e-01 -6.356561403508770303e-02 -5.167015789473684562e-01 8.748752631578946559e-01 -2.174315789473684202e-01 -7.483859649122814352e-03 0.000000000000000000e+00 7.153523728813558913e-01 -2.301229787234042590e-01 2.571234782608695646e-01 5.967393103448276337e-01 -4.575693103448276178e-01 3.799851724137931486e-01 -4.004215517241379030e-01 -1.965275862068965318e-01 -3.777155172413791673e-02 6.609698275862069261e-01 -4.808658928571428182e-01 6.968153571428571391e-01 -2.542568421052631700e-01 -4.901966071428571214e-01 7.482889285714284799e-01 7.065519999999997358e-01 4.208734545454545506e-01 3.058454545454544760e-01 6.850153571428572175e-01 -1.428325454545454343e-01 1.513962500000000377e-01 -1.905474545454545476e-01 -2.311063636363637208e-01 3.968712727272727947e-01 -1.826663829787233961e-01 -2.764353846153845828e-01 -1.669514545454545418e-01 1.592452631578947786e-01 7.280139655172411794e-01 1.880637931034482430e-02 -1.252572413793103523e-01 7.408327586206896465e-01 7.332350000000000811e-01 -2.368179661016948934e-01 2.313198305084746276e-01 7.525477966101693506e-01 -6.201347457627118809e-01 -1.119403389830508216e-01 -5.633328813559321802e-01 -2.270360344827586085e-01 -3.244846551724137607e-01 -7.285000000000001197e-02 3.228515517241379307e-01 8.575256896551723962e-01 -2.133956896551724158e-01 1.919375862068966043e-01 -3.915663793103447698e-01 -5.252241379310345071e-01 8.269228813559320601e-01 -1.403874137931034050e-01 -3.504965517241380446e-02 7.052782758620689263e-01 7.567880701754386985e-01 -5.416315789473682973e-02 -1.835287037037037217e-01 1.579763999999999891e-01 -7.313999999999999668e-02 1.323380000000000736e-02 -1.701773333333333471e-01 7.040629629629630015e-02 2.324473684210525901e-02 -1.050327272727272915e-01 4.608158823529412418e-01 -1.822767647058823326e-01 1.416181818181818514e-02 -6.040156862745097582e-02 -6.420175438596489870e-02 8.063114285714284568e-01 -3.646007017543859696e-01 -2.558998245614035327e-01 6.428691228070174679e-01 8.002277192982456544e-01 -1.430584210526315847e-01 -3.075222807017543580e-01 6.740452631578947029e-01 -6.262003508771930571e-01 1.419914035087719295e-01 -5.550528070175438922e-01 -2.230989473684210633e-01 -5.694756140350877294e-01 -7.329614035087719803e-02 -1.474278947368420911e-01 7.745967857142856960e-01 -5.094483928571429399e-01 6.467342857142855950e-01 -3.445033928571428206e-01 -3.880549122807017692e-01 6.603491071428572168e-01 4.282173214285714402e-01 9.556428571428595906e-03 6.738565454545454303e-01 6.812589795918366775e-01 -3.559499999999998776e-02 8.057692307692317785e-03
