0.000000000000000000e+00 3.120800000000000241e-01 9.167999999999999761e-02 4.673999999999999683e-02 3.260500000000000065e-01 9.569999999999999341e-02 9.310000000000000567e-03 3.600000000000000227e-04 9.167999999999999761e-02 3.600000000000000227e-04 1.202300000000000035e-01 9.167999999999999761e-02 9.167999999999999761e-02 9.167999999999999761e-02 9.569999999999999341e-02 2.101000000000000090e-02 9.167999999999999761e-02 2.678300000000000125e-01 2.313000000000000125e-02 9.167999999999999761e-02 9.167999999999999761e-02 3.600000000000000227e-04 -6.899999999999999667e-04 3.120800000000000241e-01 9.310000000000000567e-03 2.595000000000000084e-02 2.313000000000000125e-02 9.167999999999999761e-02 3.120800000000000241e-01 3.120800000000000241e-01 9.167999999999999761e-02 2.313000000000000125e-02 3.260500000000000065e-01 4.673999999999999683e-02 9.569999999999999341e-02 5.192000000000000087e-02 -6.899999999999999667e-04 2.313000000000000125e-02 -6.899999999999999667e-04 9.167999999999999761e-02 3.600000000000000227e-04 3.600000000000000227e-04 3.260500000000000065e-01 2.313000000000000125e-02 2.313000000000000125e-02 9.167999999999999761e-02 3.120800000000000241e-01 9.167999999999999761e-02 1.202300000000000035e-01 1.202300000000000035e-01 3.600000000000000227e-04 -2.057000000000000148e-02 3.600000000000000227e-04 2.313000000000000125e-02 -6.899999999999999667e-04 4.673999999999999683e-02 3.120800000000000241e-01 1.202300000000000035e-01 2.101000000000000090e-02 2.101000000000000090e-02 3.600000000000000227e-04 2.101000000000000090e-02 9.569999999999999341e-02 2.313000000000000125e-02 9.569999999999999341e-02 3.120800000000000241e-01 9.569999999999999341e-02 -2.057000000000000148e-02 9.310000000000000567e-03 3.120800000000000241e-01 2.313000000000000125e-02 9.167999999999999761e-02 3.600000000000000227e-04 9.167999999999999761e-02 4.172000000000000014e-02 9.167999999999999761e-02 9.569999999999999341e-02 5.192000000000000087e-02 3.600000000000000227e-04 4.673999999999999683e-02 2.101000000000000090e-02 5.192000000000000087e-02 2.313000000000000125e-02 5.192000000000000087e-02 3.120800000000000241e-01 9.569999999999999341e-02 2.313000000000000125e-02 9.167999999999999761e-02 4.673999999999999683e-02 3.600000000000000227e-04 -6.899999999999999667e-04 3.600000000000000227e-04 4.673999999999999683e-02 3.600000000000000227e-04 4.673999999999999683e-02 2.313000000000000125e-02 1.202300000000000035e-01 4.673999999999999683e-02 3.260500000000000065e-01 3.600000000000000227e-04 2.101000000000000090e-02 3.120800000000000241e-01 5.192000000000000087e-02 9.167999999999999761e-02 9.569999999999999341e-02 3.260500000000000065e-01 2.313000000000000125e-02 9.167999999999999761e-02
3.120800000000000241e-01 0.000000000000000000e+00 2.099800000000000000e-01 -1.325149999999999939e-01 7.584500000000000686e-01 8.492450000000000276e-01 -4.716999999999999665e-02 -3.674499999999999988e-02 6.399500000000001021e-02 -1.889049999999999896e-01 9.650750000000000162e-01 2.161550000000000138e-01 2.161550000000000138e-01 2.161550000000000138e-01 8.492450000000000276e-01 -1.241199999999999942e-01 1.032550000000000134e-01 6.036000000000000254e-01 -1.286700000000000066e-01 6.399500000000001021e-02 6.172000000000001096e-02 -1.889049999999999896e-01 5.893500000000000127e-02 9.650750000000000162e-01 -1.089749999999999885e-01 9.932500000000001050e-02 -1.286700000000000066e-01 1.108000000000000096e-01 9.650750000000000162e-01 9.650750000000000162e-01 1.103850000000000109e-01 -2.907500000000000362e-02 4.226149999999999629e-01 -6.665000000000000091e-02 8.492450000000000276e-01 6.966500000000000470e-02 -4.024500000000000299e-02 2.776399999999999979e-01 1.401499999999999968e-02 2.161550000000000138e-01 -2.070549999999999891e-01 -1.425150000000000028e-01 7.584500000000000686e-01 -1.282550000000000079e-01 -1.750599999999999934e-01 5.008950000000000902e-01 9.650750000000000162e-01 1.381800000000000250e-01 9.301500000000000323e-01 9.650750000000000162e-01 -1.889049999999999896e-01 -8.887000000000000455e-02 -1.889049999999999896e-01 -1.286700000000000066e-01 1.401499999999999968e-02 -6.665000000000000091e-02 6.149400000000000421e-01 9.650750000000000162e-01 -1.705099999999999949e-01 -1.312499999999999778e-01 -1.496450000000000002e-01 -1.312499999999999778e-01 8.492450000000000276e-01 3.820600000000000107e-01 3.035900000000000265e-01 4.472150000000000292e-01 7.098999999999999755e-01 3.661800000000000055e-01 -5.803499999999999631e-02 5.090200000000000280e-01 -1.660300000000000109e-01 3.120800000000000241e-01 -1.937200000000000033e-01 3.120800000000000241e-01 -1.330800000000000038e-01 3.120800000000000241e-01 6.984900000000000553e-01 1.212899999999999950e-01 -1.937200000000000033e-01 -8.093999999999999806e-02 -1.569299999999999862e-01 1.212899999999999950e-01 -1.660300000000000109e-01 1.212899999999999950e-01 1.000000000000000000e+00 6.984900000000000553e-01 -1.660300000000000109e-01 3.120800000000000241e-01 -8.093999999999999806e-02 -1.937200000000000033e-01 9.990000000000000616e-03 -1.937200000000000033e-01 -8.093999999999999806e-02 -1.937200000000000033e-01 -8.093999999999999806e-02 -1.660300000000000109e-01 9.301500000000000323e-01 -8.093999999999999806e-02 8.271899999999999809e-01 -1.937200000000000033e-01 -1.569299999999999862e-01 1.000000000000000000e+00 1.212899999999999950e-01 3.120800000000000241e-01 6.984900000000000553e-01 8.271899999999999809e-01 -1.660300000000000109e-01 3.120800000000000241e-01
9.167999999999999761e-02 2.099800000000000000e-01 0.000000000000000000e+00 8.178333333333332594e-03 -1.811166666666666827e-02 -9.636999999999999733e-02 -2.508250000000000410e-02 9.974166666666664169e-03 -3.214166666666666821e-03 -2.454333333333333367e-02 -1.071391666666666603e-01 -1.474583333333333302e-02 -2.190833333333332394e-03 2.103499999999998774e-02 -1.102174999999999822e-01 -4.996916666666665480e-02 -1.779416666666666993e-02 -1.664249999999999757e-02 -1.043333333333333396e-03 -7.741583333333333650e-02 -2.494166666666665800e-03 -1.900499999999999759e-02 -1.539749999999999626e-02 4.160833333333339296e-03 -3.300999999999999074e-02 -1.062408333333333260e-01 -7.258333333333332783e-03 -1.911333333333333287e-02 -3.154999999999999385e-03 -2.991500000000000062e-02 3.417416666666666519e-02 -4.387916666666667048e-02 -8.786083333333331857e-02 -2.612727272727273509e-03 -5.783636363636366663e-03 -2.717545454545454778e-02 -1.431909090909090979e-02 -6.988545454545454227e-02 -1.616666666666666599e-02 2.649999999999999925e-02 -4.287500000000000512e-03 -2.711833333333333110e-02 -9.192500000000004487e-03 2.494999999999999388e-03 -1.086999999999999945e-02 -7.667500000000000704e-02 -6.589833333333332266e-02 4.540833333333333353e-03 1.150750000000000384e-02 -5.074666666666666215e-02 -1.819166666666666632e-03 -2.275833333333333527e-02 -3.949166666666665930e-03 -2.315583333333333035e-02 1.540833333333333291e-03 7.370833333333333404e-03 -1.277916666666666264e-02 -7.232749999999998902e-02 2.878333333333333438e-03 3.725083333333333024e-02 3.309166666666666853e-03 -2.301583333333333259e-02 -1.108083333333333281e-01 -4.159166666666667782e-03 -6.165000000000000341e-03 -8.336666666666668613e-02 -1.162133333333333352e-01 -4.009666666666666240e-02 -1.027416666666666756e-02 8.565833333333336755e-03 -3.273727272727272597e-02 8.885454545454545341e-03 -4.734272727272727938e-02 -9.280636363636363129e-02 -4.615727272727272734e-02 -7.611111111111110161e-03 9.569999999999999341e-02 2.420333333333333017e-02 -5.133999999999999675e-03 -6.179090909090909252e-03 -6.480000000000000517e-03 -8.676363636363636223e-02 -1.603636363636363679e-02 -6.577272727272725876e-03 2.479181818181818223e-02 -8.803545454545455562e-02 -1.390636363636363511e-02 -9.200000000000001579e-03 3.593636363636363087e-03 -5.329090909090908323e-03 -4.129000000000000031e-02 -1.129272727272727372e-02 2.273090909090908981e-02 -1.408181818181818189e-03 5.350909090909090199e-03 -1.658272727272727329e-02 -1.100854545454545419e-01 -5.936363636363637840e-04 5.749909090909090942e-02 -1.048727272727272702e-02 -2.339272727272727337e-02 -6.999727272727272742e-02 -1.248127272727272835e-01 -1.198181818181818202e-02 -6.482454545454544026e-02 -4.791090909090908734e-02 -3.049636363636364089e-02 9.167999999999999761e-02
4.673999999999999683e-02 -1.325149999999999939e-01 8.178333333333332594e-03 0.000000000000000000e+00 4.035263157894737954e-03 -4.616473684210525841e-02 2.499210526315789882e-02 -8.727368421052629499e-03 -1.973157894736842031e-03 -1.424315789473684299e-02 -3.311842105263157476e-02 3.170526315789474331e-03 1.850263157894736776e-02 1.043947368421052763e-01 -2.921684210526316258e-02 -1.048789473684210403e-02 1.709631578947368516e-02 -4.781052631578945437e-03 2.384526315789474091e-02 -2.740526315789472769e-02 -1.212105263157894908e-02 -6.636842105263169710e-04 -5.738947368421054400e-03 -2.785894736842105257e-02 -1.615947368421052910e-02 -7.351421052631579300e-02 -5.789473684210525752e-04 -1.431999999999999940e-02 -3.477842105263158345e-02 3.307894736842104718e-03 1.748736842105262992e-02 -3.065578947368421611e-02 -1.128631578947368250e-02 1.177055555555555320e-02 -2.830500000000000030e-02 2.214166666666667060e-02 1.227888888888888780e-02 -3.604611111111111210e-02 9.607692307692306671e-03 1.321571428571428550e-02 9.334736842105261986e-03 -2.717315789473684351e-02 -3.156789473684210034e-02 -9.905263157894738171e-03 -1.477315789473684395e-02 1.147894736842104040e-03 -7.527000000000000357e-02 -1.043526315789473913e-02 -1.428578947368421004e-02 -2.754736842105262942e-03 -1.207736842105263352e-02 -2.105105263157894951e-02 -8.915263157894738610e-03 -1.168842105263157710e-02 9.100526315789472104e-03 4.886526315789473801e-02 3.539947368421052232e-02 -4.522052631578946796e-02 3.629999999999999546e-03 5.314263157894736495e-02 -5.687368421052631066e-03 -1.815000000000000294e-02 -5.453947368421053349e-02 -2.409315789473684410e-02 -2.227421052631579218e-02 -9.781052631578949011e-03 -6.317894736842110878e-03 -6.773684210526329961e-04 -4.642631578947367839e-03 -2.892631578947371055e-03 5.582555555555555882e-02 2.965294117647057724e-03 -1.129615384615384466e-02 -7.827692307692306339e-03 -9.571538461538461190e-03 2.556399999999999645e-02 -1.477500000000001382e-03 5.084000000000000845e-03 -9.436666666666667855e-03 -3.192777777777777454e-03 -1.312222222222222262e-02 6.274444444444443603e-03 -8.221111111111113062e-03 -3.045000000000000831e-03 -4.126388888888889162e-02 -1.458000000000000095e-02 -1.581444444444444347e-02 -7.438888888888889848e-03 2.522222222222219971e-03 -1.299722222222222251e-02 -1.629944444444444626e-02 -1.595277777777777753e-02 3.508277777777777523e-02 -1.300444444444444521e-02 4.423888888888889009e-02 -1.036833333333333183e-02 -3.953333333333333005e-03 -1.002222222222222923e-03 2.029111111111110699e-02 -1.117222222222222228e-02 -2.902222222222221835e-03 -7.056705882352942716e-02 -2.871294117647058344e-02 6.237647058823528323e-03 -4.670470588235294679e-02 3.834705882352940770e-02 -9.277692307692307974e-03 4.673999999999999683e-02
3.260500000000000065e-01 7.584500000000000686e-01 -1.811166666666666827e-02 4.035263157894737954e-03 0.000000000000000000e+00 2.233225806451612783e-01 4.858709677419354236e-03 1.860548387096773795e-02 1.045774193548387569e-02 -5.325129032258063555e-02 2.836641935483871224e-01 1.172838709677419267e-02 -1.512193548387096888e-02 1.929335483870968093e-01 2.405906451612902786e-01 7.759677419354842065e-03 7.772806451612902789e-02 1.782329032258064827e-01 -3.390838709677419099e-02 1.809570967741935543e-01 -4.816387096774191884e-02 -2.063612903225806039e-02 2.527193548387096991e-02 1.755619354838709734e-01 -2.947645161290322544e-02 2.592012903225806575e-01 -2.974766666666666531e-02 -4.210799999999999960e-02 2.676725806451613066e-01 2.292283333333333117e-01 4.973599999999999549e-02 2.385299999999999573e-02 2.049573333333333525e-01 3.528620689655172921e-02 6.706793103448274729e-02 -1.000655172413792739e-02 -2.130241379310344671e-02 5.713241379310345092e-02 -3.009583333333333555e-02 6.378653846153846396e-02 1.103999999999999947e-02 3.959354838709678442e-02 2.353770967741935227e-01 -1.580096774193548090e-02 -3.873032258064515454e-02 1.770119354838710080e-01 3.118483870967742599e-01 -3.761612903225806936e-02 9.091451612903225787e-02 3.006532258064516516e-01 -7.186741935483870192e-02 -3.649419354838710078e-02 -5.699129032258064276e-02 -4.986451612903228421e-03 -1.626333333333333797e-02 1.735000000000000084e-02 1.805936666666666801e-01 2.845393333333333108e-01 -2.353833333333333125e-02 5.606433333333332020e-02 1.399999999999996950e-03 -5.675166666666665860e-02 2.378951612903225654e-01 3.704709677419355113e-02 -1.584290322580645186e-02 2.582803225806452052e-01 2.372446666666666315e-01 6.648199999999999943e-02 -4.592833333333332796e-02 9.687586206896552088e-02 2.843357142857143652e-02 5.193428571428571061e-02 4.902791666666667103e-02 1.408940909090908855e-01 8.029642857142857415e-02 1.605562500000000392e-02 1.410622222222222277e-01 -1.597111111111110954e-02 3.282687500000001229e-02 -8.780833333333334934e-03 5.407482758620690139e-02 2.228831034482758600e-01 -2.811103448275861783e-02 -6.073103448275865915e-03 1.911913793103448556e-01 2.817758620689655435e-01 -4.623103448275857341e-03 -2.780275862068965625e-02 1.337837931034482619e-01 -7.142068965517242574e-02 4.617931034482759996e-03 -6.405344827586206824e-02 2.740689655172413430e-03 -7.326034482758621291e-02 1.783482758620690001e-02 -3.646206896551719943e-03 2.227279310344827679e-01 -2.299137931034482552e-02 1.873079310344827886e-01 -3.329068965517241463e-02 -5.984379310344827008e-02 3.297525000000000039e-01 2.508996428571428905e-01 -5.964999999999998949e-03 2.549796296296296116e-01 2.351407407407407613e-01 3.908695652173892372e-04 3.271818181818181986e-02
9.569999999999999341e-02 8.492450000000000276e-01 -9.636999999999999733e-02 -4.616473684210525841e-02 2.233225806451612783e-01 0.000000000000000000e+00 -1.202519999999999804e-02 -1.143156862745098139e-02 -9.110980392156855026e-03 -1.566615686274509811e-01 6.567888235294117028e-01 -4.820843137254900851e-02 1.091131372549019596e-01 5.751441176470587502e-01 6.321607843137254656e-01 -2.079024390243902620e-02 1.351397499999999752e-01 3.069435999999999831e-01 -9.829639999999997824e-02 3.498958000000000346e-01 -8.334700000000001829e-02 -2.457820000000000490e-02 8.999560000000000892e-02 5.543119999999999159e-01 -8.361860000000000126e-02 4.083145999999999720e-01 -5.290795918367346973e-02 -1.492929166666666640e-01 5.786246938775509996e-01 5.944014583333333546e-01 7.452020833333332372e-02 9.381083333333332941e-02 5.290422448979592573e-01 -8.563124999999999556e-03 2.646795833333333570e-01 -3.255595744680851722e-02 5.555106382978726616e-03 3.568117021276596135e-01 -1.142463414634146100e-02 -2.439244444444444229e-02 -8.599291666666668277e-02 1.928272000000000042e-01 5.878136000000000472e-01 1.374206000000000316e-01 -4.445879999999999277e-02 2.442126000000000019e-01 6.189890000000000114e-01 -1.899078431372548323e-02 1.953519607843137162e-01 6.458409803921568715e-01 -1.475768627450980419e-01 1.535254901960784318e-02 -1.320194117647058851e-01 -4.252659999999999774e-02 -7.123619999999999952e-02 -2.952860000000000207e-02 2.643503999999999854e-01 7.435756000000001142e-01 -4.469259999999999899e-02 1.403719999999999968e-01 -8.318279999999997343e-02 -1.598252000000000006e-01 7.106556862745098124e-01 3.431980000000001141e-02 -1.389999999999952471e-04 3.525900000000000145e-01 6.634326530612246753e-01 6.897163265306122115e-02 -2.219604166666666600e-02 2.308852272727272559e-01 -1.088886363636363402e-02 1.533853333333333457e-01 2.680740740740741521e-02 2.740081818181818174e-01 1.436749999999999972e-01 9.297764705882353986e-02 6.583674999999999944e-01 -1.508517241379310828e-02 1.166989285714285646e-01 -3.254590909090909062e-02 4.701244897959182961e-02 5.877504166666666086e-01 -7.976081632653062026e-02 -6.099959183673468732e-02 5.484175510204081228e-01 6.803034693877549888e-01 -2.652020408163265411e-02 -1.046242857142857252e-01 3.011730612244898353e-01 -1.444006122448979745e-01 1.391875510204081678e-01 -1.109204081632653160e-01 -3.304469387755102489e-02 -1.211155102040816500e-01 -2.520714285714286199e-02 -2.987632653061225024e-02 6.803575000000000594e-01 -1.289879166666666743e-01 3.441670833333332902e-01 -9.548791666666667233e-02 -1.142320408163265133e-01 5.514416666666667188e-01 3.812118749999999778e-01 1.077470833333333267e-01 5.377253191489360651e-01 4.957241304347825284e-01 7.408853658536584952e-02 2.525499999999999967e-02
9.310000000000000567e-03 -4.716999999999999665e-02 -2.508250000000000410e-02 2.499210526315789882e-02 4.858709677419354236e-03 -1.202519999999999804e-02 0.000000000000000000e+00 -7.240555555555556501e-03 1.256148148148148076e-02 -1.907611111111110966e-02 7.137166666666666659e-02 2.300666666666666485e-02 -9.738888888888887208e-03 1.089640740740740604e-01 7.117907407407406128e-02 4.573999999999997339e-03 2.780772727272727562e-02 1.124964150943396496e-01 -7.305283018867923805e-03 5.846264150943397686e-02 -6.549433962264149776e-03 6.743584905660376071e-03 2.879207547169810796e-02 6.254320754716981290e-02 -5.880188679245280416e-03 9.287358490566037517e-02 1.597499999999999311e-03 -2.486215686274509395e-02 1.145563461538461614e-01 8.962196078431369783e-02 5.716313725490195646e-02 1.785980392156862745e-02 7.697115384615385580e-02 8.986470588235293683e-03 2.040568627450979611e-02 1.690679999999999961e-02 -9.065000000000000141e-03 3.079480000000000758e-02 2.085511111111111246e-02 -2.175744680851063664e-02 2.084199999999999942e-02 1.279365384615384869e-02 5.982452830188677434e-02 3.208490566037736080e-02 5.385660377358491256e-03 5.581924528301887567e-02 1.310160377358490502e-01 4.844999999999999481e-03 2.278296296296296319e-02 8.971314814814818073e-02 -2.303222222222221782e-02 1.918314814814814709e-02 -1.970648148148148454e-02 1.578226415094339738e-02 7.356603773584894680e-04 2.162037735849057021e-02 5.498245283018868973e-02 6.561207547169811694e-02 4.297924528301884720e-03 5.563679245283018743e-02 -1.999622641509433627e-02 -2.374415094339622084e-02 5.182259259259257983e-02 -9.823396226415091401e-03 2.766735849056603525e-02 4.061396226415094762e-02 3.832673076923076572e-02 1.343057692307692008e-02 1.449509803921568765e-02 5.208127659574468549e-02 4.043022727272727046e-02 1.621333333333332700e-03 6.666666666665881448e-06 1.538280000000000029e-02 1.367058823529411493e-02 -1.021699999999999865e-02 2.228571428571428023e-02 7.818064516129029709e-03 3.142000000000000695e-03 1.036543478260869636e-02 3.320769230769230872e-03 9.512568627450979086e-02 -2.328692307692307312e-02 -2.209730769230769040e-02 8.574269230769229755e-02 7.491000000000000436e-02 -1.999846153846153787e-02 -1.245057692307692358e-02 5.709307692307693388e-02 -2.633384615384615560e-02 3.675307692307692303e-02 -1.558442307692307731e-02 7.578653846153847809e-03 -2.569230769230768791e-02 2.376365384615385101e-02 -6.385000000000001785e-03 8.837529411764705189e-02 -1.463019607843137580e-02 1.055843137254901948e-01 -1.169078431372548924e-02 -2.988692307692307482e-02 1.242019607843137391e-01 7.145235294117646685e-02 2.719137254901960940e-02 8.998439999999999217e-02 6.674326086956521020e-02 1.918146341463415616e-02 7.687923076923076915e-02
3.600000000000000227e-04 -3.674499999999999988e-02 9.974166666666664169e-03 -8.727368421052629499e-03 1.860548387096773795e-02 -1.143156862745098139e-02 -7.240555555555556501e-03 0.000000000000000000e+00 -3.573771929824560989e-02 -3.024333333333333387e-02 -2.020105263157894251e-02 -1.068473684210526596e-02 -3.097456140350877268e-02 -3.000456140350877404e-02 -3.367350877192981651e-02 -9.877777777777780460e-03 -6.037045454545453792e-03 3.494125000000000009e-02 -1.540392857142857015e-02 -2.621303571428571302e-02 -1.933375000000000024e-02 -2.195964285714285813e-02 -2.032839285714285391e-02 -7.993499999999999217e-02 -8.017857142857330002e-05 1.688267857142856931e-02 -3.824836363636362896e-02 -3.290185185185184880e-02 -1.394781818181818102e-02 -2.597981481481482016e-02 1.841574074074073600e-02 -1.413129629629629631e-02 -4.766472727272726140e-02 2.680740740740740480e-02 -7.357129629629630130e-02 -2.642339622641508984e-02 -1.815169811320754834e-02 -4.973113207547170261e-02 -1.917022222222222391e-02 -3.322579999999999978e-02 -8.756981132075470839e-03 -3.418018181818181095e-02 -4.378982142857142101e-02 -5.360249999999999737e-02 -2.284946428571428892e-02 2.937624999999999958e-02 -2.456642857142856892e-02 -3.446964912280701260e-02 -1.010175438596489948e-03 -4.151526315789473565e-02 -2.604596491228070368e-02 -3.030596491228070011e-02 -3.220842105263158062e-02 -1.932446428571428856e-02 -9.386607142857146188e-03 2.496249999999997603e-03 -1.628089285714285836e-02 -2.578285714285714209e-02 -6.150714285714287133e-03 -1.944142857142857131e-02 -4.364446428571428643e-02 -3.003839285714285726e-02 -3.711649122807016837e-02 -1.583053571428571366e-02 -1.581678571428571725e-02 1.667928571428571594e-02 -4.565563636363635658e-02 7.248545454545451960e-03 -2.999351851851852005e-02 1.257039999999999894e-02 -1.723191489361702161e-02 -2.639937500000000270e-02 -4.281428571428571445e-03 1.740999999999999492e-02 -1.894705882352942447e-03 -1.952100000000000016e-02 4.981466666666666682e-02 3.519062500000000922e-03 -2.016419354838709654e-02 -1.460244897959183524e-02 -4.610545454545454669e-02 1.895814814814815452e-02 -3.035381818181817973e-02 -2.057381818181818270e-02 -4.328145454545454657e-02 -4.088363636363635811e-02 -1.824818181818181617e-02 -1.957690909090908926e-02 -6.364181818181817440e-03 -3.092436363636363525e-02 9.517090909090909073e-03 -3.416872727272727422e-02 6.816545454545457072e-03 -2.563636363636363422e-02 1.060690909090909045e-02 -4.247454545454543845e-02 -2.759907407407406754e-02 -1.850240740740740839e-02 -3.785925925925928259e-03 -3.505148148148148207e-02 -2.656309090909090426e-02 -1.033296296296295873e-02 1.720092592592592853e-02 -3.106703703703703884e-02 -2.553716981132074862e-02 -4.857306122448978858e-02 -1.502568181818182344e-02 1.673153846153846089e-02
9.167999999999999761e-02 6.399500000000001021e-02 -3.214166666666666821e-03 -1.973157894736842031e-03 1.045774193548387569e-02 -9.110980392156855026e-03 1.256148148148148076e-02 -3.573771929824560989e-02 0.000000000000000000e+00 -3.469842105263157284e-02 2.949228070175438990e-02 -2.789912280701755190e-02 -2.205719298245614399e-02 9.175807017543860522e-02 -1.002087719298245388e-02 -1.586955555555555342e-02 2.575681818181818541e-03 6.454214285714285348e-02 -2.790946428571428398e-02 -2.226321428571428548e-02 -2.569250000000000006e-02 -9.850000000000001983e-04 -1.200446428571429018e-02 4.926678571428571435e-02 -1.753303571428571281e-02 3.258821428571428286e-02 3.999054545454545917e-02 -3.899907407407408183e-02 5.942836363636366109e-02 3.734462962962964427e-02 3.255092592592591372e-02 1.437648148148148314e-02 5.183490909090910509e-02 -7.649259259259256691e-03 9.407222222222221333e-03 -2.233716981132075410e-02 -2.368283018867924430e-02 2.213679245283019584e-02 -5.804888888888888078e-03 -2.042240000000000028e-02 -5.764716981132074480e-03 2.581200000000000161e-02 1.696660714285714439e-02 3.689500000000000418e-02 -9.384642857142855288e-03 2.948857142857142996e-02 4.213250000000001022e-02 -7.383508771929823446e-03 3.907912280701753699e-02 4.630105263157894419e-02 -2.862157894736842151e-02 -2.613175438596490943e-02 -2.676807017543859912e-02 2.051071428571427276e-03 -1.942892857142857616e-02 3.095178571428572074e-03 4.020107142857143323e-02 4.399660714285714286e-02 3.394285714285714701e-03 3.065357142857145275e-03 -2.809071428571428483e-02 -3.628124999999999406e-02 1.841736842105263020e-02 6.062499999999998446e-03 -2.579553571428571182e-02 4.914249999999999174e-02 2.161854545454545626e-02 1.065290909090908962e-02 -2.675481481481481461e-02 -1.577579999999999608e-02 3.629659574468085959e-02 3.795833333333336061e-04 -2.550714285714284196e-03 -3.618640000000000051e-02 -2.415647058823529314e-02 -1.336250000000000285e-02 -5.215133333333333426e-02 -1.690875000000000017e-02 2.018709677419355461e-03 1.104734693877551001e-02 1.760090909090909067e-02 4.795870370370370478e-02 -1.400599999999999935e-02 -2.806218181818181945e-02 2.114854545454545806e-02 6.128690909090908634e-02 -5.816545454545455317e-03 -2.250399999999999970e-02 5.013927272727273371e-02 -2.727527272727272786e-02 4.990545454545453237e-03 -1.213854545454545394e-02 -1.909018181818181864e-02 -2.973345454545454555e-02 6.831454545454545939e-03 -1.703381818181818469e-02 2.960962962962963504e-02 -2.243407407407407156e-02 5.308000000000000218e-02 -2.931870370370370446e-02 -3.274618181818182011e-02 6.294944444444444676e-02 1.809296296296296694e-02 1.494814814814814791e-02 4.293886792452831364e-02 5.479612244897960616e-02 -8.211136363636363164e-03 1.080515384615384489e-01
3.600000000000000227e-04 -1.889049999999999896e-01 -2.454333333333333367e-02 -1.424315789473684299e-02 -5.325129032258063555e-02 -1.566615686274509811e-01 -1.907611111111110966e-02 -3.024333333333333387e-02 -3.469842105263157284e-02 0.000000000000000000e+00 -1.391066666666666563e-01 -2.479596491228070257e-02 -5.291210526315789225e-02 -1.182794736842105315e-01 -1.811005263157894618e-01 -3.126577777777777428e-02 -3.489340909090909298e-02 -5.854374999999999857e-02 -2.062910714285714348e-02 -9.025499999999998801e-02 -2.737125000000000322e-02 -1.866857142857143020e-02 -3.694124999999999492e-02 -1.299228571428571455e-01 -2.747089285714285345e-02 -8.508749999999999647e-02 -4.623254545454544978e-02 -3.865222222222222670e-02 -1.352494545454545338e-01 -1.385014814814814754e-01 -4.710370370370370839e-03 -2.355351851851851530e-02 -1.393880000000000119e-01 -3.420388888888889478e-02 -9.140648148148146357e-02 -2.773320754716980877e-02 -3.604320754716980324e-02 -1.090713207547169689e-01 -3.902444444444445187e-02 -4.084099999999999536e-02 -2.508018867924527440e-02 -7.119909090909090632e-02 -1.541337499999999860e-01 -5.068625000000000214e-02 -2.084589285714285797e-02 -3.146178571428571297e-02 -1.521478571428571402e-01 -2.701912280701753918e-02 -6.216877192982456224e-02 -1.425001754385964992e-01 -2.546438596491227765e-02 -4.124105263157895607e-02 -2.558315789473683891e-02 -2.418339285714285816e-02 -2.059571428571429011e-02 -1.266285714285714237e-02 -3.633000000000000812e-02 -1.395291071428571283e-01 -1.894821428571428698e-02 -5.387089285714286024e-02 -3.349767857142856714e-02 -3.574392857142857233e-02 -1.975491228070175576e-01 -4.457928571428571712e-02 -4.416553571428571273e-02 -6.489196428571428199e-02 -1.918761818181818068e-01 -3.530309090909090897e-02 -4.885370370370369780e-02 -8.085499999999999632e-02 -3.971468085106382578e-02 -4.961270833333333158e-02 -2.537678571428571631e-02 -5.632159999999999944e-02 -4.752823529411764891e-02 -3.839650000000000701e-02 -1.094279999999999975e-01 -2.554281249999999781e-02 -6.028903225806450661e-02 -2.036448979591836891e-02 -5.199127272727272625e-02 -1.198446296296296204e-01 -2.818563636363635716e-02 -2.665400000000000061e-02 -1.225114545454545345e-01 -1.508190909090909027e-01 -2.728363636363636408e-02 -2.931890909090908992e-02 -4.771581818181819257e-02 -2.588690909090908890e-02 -5.628527272727271852e-02 -2.629745454545454400e-02 -2.644345454545454430e-02 -2.818509090909090617e-02 -9.649454545454546131e-03 -4.645690909090908344e-02 -1.465788888888888974e-01 -2.295203703703703468e-02 -7.629796296296297020e-02 -3.086296296296296357e-02 -3.971890909090909638e-02 -1.355914814814814517e-01 -8.891611111111109855e-02 -4.200574074074073239e-02 -1.459537735849056050e-01 -1.716542857142857315e-01 -5.829045454545454114e-02 9.143846153846151709e-03
1.202300000000000035e-01 9.650750000000000162e-01 -1.071391666666666603e-01 -3.311842105263157476e-02 2.836641935483871224e-01 6.567888235294117028e-01 7.137166666666666659e-02 -2.020105263157894251e-02 2.949228070175438990e-02 -1.391066666666666563e-01 0.000000000000000000e+00 -1.939280701754386368e-02 1.139522807017543798e-01 6.455766666666665765e-01 6.672231578947368513e-01 -3.537555555555549434e-03 1.540447727272727108e-01 4.011439285714285541e-01 -1.167401785714285711e-01 3.913601785714285741e-01 -9.945178571428571479e-02 -3.577160714285714666e-02 1.014944642857142920e-01 6.739864285714285419e-01 -9.729964285714284844e-02 5.054019642857142669e-01 -1.880599999999998592e-02 -1.439548148148147855e-01 7.267290909090907691e-01 6.223227777777777803e-01 1.347953703703703432e-01 1.704092592592592603e-01 5.894469090909091324e-01 -1.217888888888889187e-02 2.778522222222221671e-01 -2.863962264150945319e-03 1.694018867924527993e-02 3.699988679245282408e-01 4.569377777777778454e-02 -1.816019999999999787e-02 -2.068377358490565768e-02 1.773563636363636453e-01 7.002635714285714297e-01 1.163158928571428608e-01 -2.432910714285713843e-02 3.073319642857142431e-01 7.867798214285713909e-01 -1.244140350877192581e-02 2.403987719298245618e-01 7.673898245614034774e-01 -1.599443859649122834e-01 8.640035087719298568e-02 -1.318410526315789422e-01 -3.406410714285714597e-02 -6.534607142857142004e-02 -1.438107142857142882e-02 3.196423214285714076e-01 8.285610714285713829e-01 -4.249874999999999486e-02 2.231749999999999845e-01 -9.458607142857143601e-02 -1.485016071428571227e-01 7.954029824561402728e-01 3.366410714285714839e-02 4.965482142857143011e-02 4.122049999999999881e-01 7.391303636363636409e-01 6.553636363636362872e-02 3.863518518518527841e-03 2.859535999999999745e-01 5.287127659574467758e-02 1.064514583333333458e-01 4.051678571428569964e-02 2.342767999999999795e-01 1.282300000000000106e-01 4.764300000000000479e-02 5.955266666666666486e-01 3.187156250000000579e-02 1.556129032258064260e-01 -1.998653061224489949e-02 6.472999999999999587e-02 6.841000000000000414e-01 -7.582672727272726787e-02 -8.265054545454544876e-02 6.244589090909091755e-01 7.622738181818181635e-01 -3.076036363636364124e-02 -7.648127272727273107e-02 3.315476363636363777e-01 -1.593036363636363417e-01 2.048583636363636440e-01 -1.333103636363636435e-01 -2.143145454545454520e-02 -1.440543636363636193e-01 -1.023363636363636489e-02 8.174727272727271010e-02 7.643374074074074098e-01 -1.233098148148148165e-01 5.146261111111111175e-01 -7.178277777777777868e-02 -8.404163636363636003e-02 7.197424074074072475e-01 4.161374074074074558e-01 6.731444444444444064e-02 5.629583018867924116e-01 5.701985714285714435e-01 1.054986363636363778e-01 1.124815384615384661e-01
9.167999999999999761e-02 2.161550000000000138e-01 -1.474583333333333302e-02 3.170526315789474331e-03 1.172838709677419267e-02 -4.820843137254900851e-02 2.300666666666666485e-02 -1.068473684210526596e-02 -2.789912280701755190e-02 -2.479596491228070257e-02 -1.939280701754386368e-02 0.000000000000000000e+00 -2.921175438596491231e-02 -1.621982456140350776e-02 -3.371456140350876513e-02 -2.311911111111111111e-02 -1.132749999999999903e-02 1.571089285714285730e-02 -1.473928571428571518e-02 -2.888160714285714636e-02 -1.828553571428571251e-02 -7.547678571428572368e-03 -5.694285714285714228e-03 -4.318803571428571353e-02 -2.984089285714286097e-02 -2.040767857142856273e-02 -4.287781818181817667e-02 -3.007537037037036690e-02 -3.146363636363630305e-03 -3.447351851851851445e-02 -4.478518518518517962e-03 -5.513888888888890220e-03 -3.214981818181817524e-02 -2.135740740740740828e-02 -1.501722222222222174e-02 -1.353830188679245282e-02 -3.596584905660377141e-02 -2.759132075471697546e-02 -1.852888888888888988e-02 -2.613720000000000279e-02 4.412264150943394879e-03 -5.034199999999999092e-02 -4.602232142857142633e-02 -3.821750000000000147e-02 -1.380160714285714497e-02 2.476785714285714354e-02 -5.692321428571424195e-03 -2.752824561403508646e-02 -1.177070175438596315e-02 -3.181245614035086572e-02 -2.292087719298245563e-02 -9.250701754385963482e-03 -2.664508771929824729e-02 -6.796071428571429096e-03 -2.467910714285714499e-02 2.117321428571427612e-03 8.337321428571433518e-03 -3.275446428571427565e-02 -1.069000000000000158e-02 -1.982803571428571124e-02 -2.948357142857143537e-02 -2.948500000000000079e-02 -6.042157894736842338e-02 -1.383839285714285813e-02 -4.431250000000002028e-03 3.392107142857142543e-02 -6.883254545454545181e-02 -4.532727272727272473e-03 -2.804907407407407349e-02 -3.320680000000000159e-02 -1.115021276595744640e-02 -2.038708333333333345e-02 2.593178571428570930e-02 1.927840000000000109e-02 5.815294117647058086e-02 -9.206999999999998172e-03 -5.360333333333332922e-02 -2.312000000000000166e-02 -2.604709677419355177e-02 -5.640000000000000915e-03 -2.796236363636363242e-02 1.908370370370370689e-02 -2.515818181818181565e-02 -1.824800000000000033e-02 -3.525036363636363523e-02 -2.386145454545453987e-02 -3.143363636363636499e-02 -2.491254545454545458e-02 6.252909090909091090e-03 -2.572636363636363749e-02 -5.689454545454547887e-03 -2.802309090909091069e-02 -1.289654545454545567e-02 -2.187509090909091347e-02 3.227818181818181524e-03 -3.659709090909091245e-02 -2.761351851851851294e-02 -2.130037037037037576e-02 -2.919018518518518707e-02 -2.743611111111110903e-02 -3.253199999999999842e-02 -1.563703703703700400e-03 4.051481481481478825e-03 -2.906074074074073768e-02 -2.268830188679244603e-02 -4.469489795918366731e-02 -4.184954545454545177e-02 -9.771538461538461715e-03
9.167999999999999761e-02 2.161550000000000138e-01 -2.190833333333332394e-03 1.850263157894736776e-02 -1.512193548387096888e-02 1.091131372549019596e-01 -9.738888888888887208e-03 -3.097456140350877268e-02 -2.205719298245614399e-02 -5.291210526315789225e-02 1.139522807017543798e-01 -2.921175438596491231e-02 0.000000000000000000e+00 1.246912280701754638e-01 4.729947368421053011e-02 -3.538222222222222463e-02 3.269545454545453450e-02 1.020257142857142890e-01 -2.356696428571428484e-02 1.355642857142857517e-02 -2.559071428571428261e-02 2.000339285714285847e-02 -1.685375000000000068e-02 1.297266071428571643e-01 -2.865232142857142977e-02 6.345678571428571557e-02 -6.270545454545456594e-03 -4.210851851851851735e-02 1.334025454545454403e-01 8.430037037037037273e-02 2.156611111111110882e-02 2.639703703703703830e-02 6.860272727272724580e-02 1.845555555555556011e-03 6.149925925925926740e-02 -8.419811320754715459e-03 -2.707226415094340227e-02 2.150792452830188606e-02 -7.834000000000000685e-03 -4.917200000000000043e-02 -4.456924528301887956e-02 1.403272727272724145e-03 1.232455357142857172e-01 -5.462321428571428363e-03 -3.858035714285712719e-03 4.013410714285713804e-02 1.490658928571428621e-01 -1.078157894736842329e-02 7.197964912280702121e-02 1.368201754385964808e-01 -3.984473684210526612e-02 -2.825701754385964715e-02 -3.717192982456139771e-02 -1.083803571428571498e-02 -2.969660714285713918e-02 8.966607142857142485e-03 9.290250000000001285e-02 1.093839285714285625e-01 -2.862339285714285766e-02 3.198535714285714177e-02 -3.415321428571427981e-02 -5.162624999999999853e-02 1.058384210526315816e-01 -7.710357142857142063e-03 -3.676607142857147258e-03 5.514535714285714180e-02 1.047710909090908971e-01 1.922981818181818126e-02 3.462222222222217666e-03 1.054860000000000866e-02 -3.753404255319145715e-03 -5.225833333333333199e-03 -4.938178571428571140e-02 1.902480000000000143e-02 1.797117647058823348e-02 -3.802849999999999980e-02 1.812633333333332764e-01 -3.036031250000000015e-02 -2.109838709677418558e-02 -1.670285714285714082e-02 8.428909090909094542e-03 1.227442592592592752e-01 -3.431799999999998740e-02 -1.545254545454545318e-02 1.093390909090908997e-01 9.338727272727273543e-02 -1.645854545454544793e-02 -3.803218181818181914e-02 8.058909090909094353e-02 -4.197672727272726972e-02 -1.085018181818181784e-02 -4.223727272727272747e-02 -1.036745454545454255e-02 -2.477745454545454348e-02 2.307272727272720965e-04 -2.240381818181817405e-02 9.560462962962965050e-02 -3.129055555555555757e-02 6.212925925925926601e-02 -2.510203703703703382e-02 -1.876290909090908704e-02 8.049129629629632465e-02 2.759370370370370015e-02 9.072222222222220238e-04 6.539566037735851378e-02 3.823959183673468487e-02 1.064318181818181682e-03 4.836461538461538090e-02
9.167999999999999761e-02 2.161550000000000138e-01 2.103499999999998774e-02 1.043947368421052763e-01 1.929335483870968093e-01 5.751441176470587502e-01 1.089640740740740604e-01 -3.000456140350877404e-02 9.175807017543860522e-02 -1.182794736842105315e-01 6.455766666666665765e-01 -1.621982456140350776e-02 1.246912280701754638e-01 0.000000000000000000e+00 5.719211864406781309e-01 -3.199999999999940631e-04 1.560284782608696019e-01 4.116448275862069073e-01 -7.355172413793104047e-02 3.850727586206897368e-01 -6.158982758620689529e-02 5.329137931034484167e-03 1.292313793103448405e-01 6.613331034482757831e-01 -7.390107142857141320e-02 5.078978571428571787e-01 2.207333333333333716e-02 -1.211862499999999815e-01 6.972980357142858354e-01 5.696499999999999897e-01 1.269834545454545383e-01 1.125189090909090722e-01 5.972987499999999894e-01 3.992309090909090113e-02 2.592289285714285962e-01 4.177836363636364125e-02 2.608018181818181833e-02 4.143489090909090455e-01 5.913340425531913441e-02 -5.306846153846153658e-02 -1.862345454545454373e-02 2.360185964912280832e-01 6.673887931034483412e-01 1.881465517241379115e-01 4.005793103448276188e-02 2.572749999999999759e-01 7.298422413793103081e-01 -8.794745762711863798e-03 2.243711864406779666e-01 6.706440677966103436e-01 -1.594969491525423944e-01 1.027550847457627120e-01 -1.310115254237287918e-01 -2.637982758620689705e-02 -8.768103448275865394e-03 3.095413793103448524e-02 2.961106896551723988e-01 7.381312068965518725e-01 1.529034482758620181e-02 2.131755172413793420e-01 -5.828086206896550964e-02 -1.285775862068965492e-01 6.851676271186440959e-01 3.932482758620688829e-02 4.441844827586206162e-02 3.635555172413792446e-01 6.698107017543859509e-01 3.212947368421050637e-02 4.352240740740739855e-02 2.540750000000000508e-01 9.991723404255317686e-02 1.734133999999999953e-01 3.212066666666665848e-02 1.542685185185185270e-01 1.612757894736842057e-01 1.275072727272727469e-01 3.675676470588234990e-01 8.596764705882357568e-03 1.476366666666666660e-01 1.672745098039214728e-02 9.762912280701756262e-02 5.641625000000000112e-01 -5.168999999999999290e-02 -6.450701754385965159e-02 6.373417543859648537e-01 7.089400000000000146e-01 4.048561403508773443e-02 -4.591403508771930292e-02 3.441124561403508531e-01 -1.567484210526315647e-01 1.820507017543859796e-01 -1.036501754385964896e-01 1.013719298245613874e-02 -1.452092982456140435e-01 3.015666666666666496e-02 9.893087719298244986e-02 6.926405357142856323e-01 -1.147526785714285680e-01 4.925191071428571266e-01 -5.256803571428571298e-02 -6.995771929824561031e-02 6.695239285714286170e-01 2.800942857142856846e-01 1.339308928571428525e-01 5.934930909090908591e-01 6.151495918367346771e-01 1.570959090909090916e-01 1.032838461538461705e-01
