0.000000000000000000e+00 3.087599999999999789e-01 1.970999999999999835e-02 -4.454999999999999932e-02 2.531599999999999961e-01 2.627800000000000136e-01 -4.159999999999999636e-03 -6.961000000000000520e-02 1.970999999999999835e-02 -6.961000000000000520e-02 2.136299999999999866e-01 1.970999999999999835e-02 1.970999999999999835e-02 1.970999999999999835e-02 2.627800000000000136e-01 -8.537999999999999756e-02 1.970999999999999835e-02 2.862700000000000244e-01 7.795000000000000540e-02 1.970999999999999835e-02 1.970999999999999835e-02 -6.961000000000000520e-02 3.733000000000000207e-02 3.087599999999999789e-01 -4.159999999999999636e-03 -1.618400000000000116e-01 7.795000000000000540e-02 1.970999999999999835e-02 3.087599999999999789e-01 3.087599999999999789e-01 1.970999999999999835e-02 7.795000000000000540e-02 2.531599999999999961e-01 -4.454999999999999932e-02 2.627800000000000136e-01 2.963000000000000009e-02 3.733000000000000207e-02 7.795000000000000540e-02 3.733000000000000207e-02 1.970999999999999835e-02 -6.961000000000000520e-02 -6.961000000000000520e-02 2.531599999999999961e-01 7.795000000000000540e-02 7.795000000000000540e-02 1.970999999999999835e-02 3.087599999999999789e-01 1.970999999999999835e-02 2.136299999999999866e-01 2.136299999999999866e-01 -6.961000000000000520e-02 -1.222099999999999992e-01 -6.961000000000000520e-02 7.795000000000000540e-02 3.733000000000000207e-02 -4.454999999999999932e-02 3.087599999999999789e-01 2.136299999999999866e-01 -8.537999999999999756e-02 -8.537999999999999756e-02 -6.961000000000000520e-02 -8.537999999999999756e-02 2.627800000000000136e-01 7.795000000000000540e-02 2.627800000000000136e-01 3.087599999999999789e-01 2.627800000000000136e-01 -1.222099999999999992e-01 -4.159999999999999636e-03 3.087599999999999789e-01 7.795000000000000540e-02 1.970999999999999835e-02 -6.961000000000000520e-02 1.970999999999999835e-02 -2.650000000000000012e-03 1.970999999999999835e-02 2.627800000000000136e-01 2.963000000000000009e-02 -6.961000000000000520e-02 -4.454999999999999932e-02 -8.537999999999999756e-02 2.963000000000000009e-02 7.795000000000000540e-02 2.963000000000000009e-02 3.087599999999999789e-01 2.627800000000000136e-01 7.795000000000000540e-02 1.970999999999999835e-02 -4.454999999999999932e-02 -6.961000000000000520e-02 3.733000000000000207e-02 -6.961000000000000520e-02 -4.454999999999999932e-02 -6.961000000000000520e-02 -4.454999999999999932e-02 7.795000000000000540e-02 2.136299999999999866e-01 -4.454999999999999932e-02 2.531599999999999961e-01 -6.961000000000000520e-02 -8.537999999999999756e-02 3.087599999999999789e-01 2.963000000000000009e-02 1.970999999999999835e-02 2.627800000000000136e-01 2.531599999999999961e-01 7.795000000000000540e-02 1.970999999999999835e-02
3.087599999999999789e-01 0.000000000000000000e+00 2.766399999999999970e-01 2.929599999999999982e-01 4.849600000000000022e-01 3.175449999999999662e-01 2.051800000000000013e-01 1.084149999999999975e-01 2.872949999999999671e-01 1.345149999999999957e-01 6.740749999999999797e-01 2.611949999999999550e-01 2.611949999999999550e-01 2.611949999999999550e-01 3.175449999999999662e-01 1.587999999999999828e-02 2.664900000000000047e-01 8.361749999999998906e-01 -7.914499999999999313e-02 2.872949999999999671e-01 2.879849999999999910e-01 1.345149999999999957e-01 1.884750000000000036e-01 4.342949999999999866e-01 1.640850000000000086e-01 7.778000000000000191e-02 -7.914499999999999313e-02 2.544500000000000095e-01 4.342949999999999866e-01 4.342949999999999866e-01 2.073849999999999860e-01 -9.889999999999996017e-03 2.531050000000000244e-01 2.425700000000000078e-01 3.175449999999999662e-01 2.320850000000000135e-01 1.662850000000000161e-01 2.367799999999999905e-01 2.194200000000000039e-01 2.611949999999999550e-01 1.237750000000000100e-01 5.460499999999999382e-02 4.849600000000000022e-01 -3.207999999999998353e-02 7.650000000000156675e-04 5.394400000000000306e-01 4.342949999999999866e-01 1.900699999999999890e-01 3.481500000000000150e-01 6.740749999999999797e-01 1.345149999999999957e-01 8.416000000000001258e-02 1.345149999999999957e-01 -7.914499999999999313e-02 2.194200000000000039e-01 2.425700000000000078e-01 4.446200000000000152e-01 3.649249999999999994e-01 9.579000000000001402e-02 7.498499999999999610e-02 1.137100000000000055e-01 7.498499999999999610e-02 3.175449999999999662e-01 4.192500000000001781e-02 1.796999999999999986e-01 3.723299999999999943e-01 4.956249999999999822e-01 3.470449999999999924e-01 2.391449999999999965e-01 4.134250000000000425e-01 -2.642999999999999794e-01 3.087599999999999789e-01 3.200000000000000153e-03 3.087599999999999789e-01 -1.122100000000000042e-01 3.087599999999999789e-01 2.533900000000000041e-01 1.577600000000000113e-01 3.200000000000000153e-03 3.200899999999999856e-01 -7.424999999999999656e-02 1.577600000000000113e-01 -2.642999999999999794e-01 1.577600000000000113e-01 5.204400000000000137e-01 2.533900000000000041e-01 -2.642999999999999794e-01 3.087599999999999789e-01 3.200899999999999856e-01 3.200000000000000153e-03 1.324299999999999922e-01 3.200000000000000153e-03 3.200899999999999856e-01 3.200000000000000153e-03 3.200899999999999856e-01 -2.642999999999999794e-01 3.481500000000000150e-01 3.200899999999999856e-01 1.998000000000000054e-01 3.200000000000000153e-03 -7.424999999999999656e-02 5.204400000000000137e-01 1.577600000000000113e-01 3.087599999999999789e-01 2.533900000000000041e-01 1.998000000000000054e-01 -2.642999999999999794e-01 3.087599999999999789e-01
1.970999999999999835e-02 2.766399999999999970e-01 0.000000000000000000e+00 3.078291666666666537e-01 1.420858333333333279e-01 2.393349999999999922e-01 2.360808333333333786e-01 3.916224999999999845e-01 2.607883333333333442e-01 1.879125000000000101e-01 2.174150000000000249e-01 2.129841666666666689e-01 2.740299999999999958e-01 1.477383333333333326e-01 2.200999999999999901e-01 2.575191666666666879e-01 2.078233333333333599e-01 2.025641666666666840e-01 1.854875000000000274e-01 5.423166666666665719e-02 3.709849999999999537e-01 3.654574999999999907e-01 3.148524999999999796e-01 1.899333333333333707e-01 1.936900000000000288e-01 9.209666666666666002e-02 1.907849999999999824e-01 2.195566666666666500e-01 -8.329083333333334171e-02 2.693475000000000175e-01 4.586308333333333764e-01 4.308133333333333259e-01 1.851774999999999949e-01 4.684509090909090845e-01 2.893527272727272615e-01 3.302945454545454518e-01 3.329136363636364115e-01 3.188354545454545330e-01 3.362850000000000006e-01 -1.501428571428571265e-02 5.660583333333332745e-02 2.430274999999999797e-01 3.980916666666665937e-02 4.668733333333333069e-01 3.508183333333333986e-01 1.384450000000000125e-01 1.124208333333333448e-01 4.658491666666666475e-01 2.283074999999999966e-01 1.249766666666666803e-01 1.763466666666666516e-01 4.513091666666666502e-01 2.018066666666666897e-01 4.193941666666666790e-01 2.032691666666666397e-01 1.545458333333332990e-01 2.272858333333333258e-01 2.307675000000000143e-01 2.477983333333333427e-01 1.051758333333333434e-01 2.092391666666666705e-01 1.839283333333333326e-01 2.283291666666666664e-01 3.556366666666666010e-01 2.965700000000000003e-01 1.788466666666666260e-01 1.777483333333333138e-01 2.985158333333333136e-01 3.327025000000000121e-01 2.255833333333333579e-01 1.931972727272727175e-01 2.088027272727272787e-01 2.845609090909091421e-01 1.801190909090909231e-01 2.512900000000000134e-01 1.504044444444444517e-01 2.627800000000000136e-01 1.150333333333333347e-01 2.232140000000000235e-01 2.490145454545454606e-01 1.735499999999999821e-01 1.625654545454545408e-01 3.366836363636363516e-01 3.632881818181817879e-01 -8.328545454545453752e-02 1.999909090909090803e-01 3.445809090909091044e-01 3.088063636363636566e-01 3.003936363636363627e-01 1.910954545454545128e-01 3.907045454545455265e-01 2.930409090909090741e-01 3.537890909090908864e-01 1.762972727272727191e-01 1.809981818181818081e-01 3.112990909090909697e-01 1.848700000000000065e-01 1.992072727272727051e-01 -2.181945454545454466e-01 2.056036363636364050e-01 1.981272727272727352e-01 9.369999999999999163e-02 2.084063636363636673e-01 2.203318181818182120e-01 6.924545454545453192e-03 7.126000000000000389e-02 2.910636363636363577e-01 1.970999999999999835e-02
-4.454999999999999932e-02 2.929599999999999982e-01 3.078291666666666537e-01 0.000000000000000000e+00 1.663284210526315421e-01 1.762294736842105192e-01 1.988794736842105504e-01 1.922984210526315907e-01 2.436763157894736853e-01 2.725536842105262814e-01 1.904173684210526130e-01 2.003173684210526329e-01 2.149057894736841889e-01 5.683736842105262949e-02 1.286668421052631628e-01 2.381468421052631845e-01 1.404642105263158025e-01 1.860915789473683857e-01 1.342831578947368543e-01 2.229994736842104974e-01 2.524136842105262901e-01 3.212289473684211139e-01 2.087915789473684114e-01 1.765447368421052543e-01 2.537668421052631795e-01 1.500715789473684170e-01 2.402021052631578835e-01 3.171215789473683655e-01 8.090789473684210920e-02 1.659642105263157974e-01 1.704442105263157814e-01 2.396926315789473794e-01 1.949178947368420955e-01 2.787033333333333029e-01 3.059022222222222975e-01 2.179538888888888915e-01 3.288966666666666705e-01 2.448388888888888837e-01 3.029692307692307685e-01 4.225500000000000089e-02 1.528921052631579125e-01 1.944626315789473869e-01 1.041173684210526112e-01 3.011836842105263812e-01 2.532205263157893960e-01 6.088157894736841852e-02 1.758626315789473538e-01 3.553326315789473999e-01 2.036557894736842067e-01 1.347199999999999787e-01 3.405157894736841051e-01 2.877115789473684293e-01 3.246210526315788658e-01 3.076000000000000401e-01 1.703257894736842082e-01 5.537157894736843139e-02 1.254826315789473457e-01 1.696194736842105144e-01 2.400252631578947971e-01 1.312942105263157910e-01 2.416542105263157492e-01 2.553673684210526207e-01 1.757015789473684031e-01 3.512405263157894475e-01 2.386089473684210593e-01 1.982705263157894526e-01 1.254673684210526330e-01 2.072436842105263022e-01 2.798126315789473684e-01 1.783026315789473515e-01 1.340244444444444460e-01 1.799011764705882310e-01 2.655438461538461303e-01 1.801176923076922842e-01 2.702853846153846495e-01 2.141633333333333444e-01 1.899262499999999909e-01 2.414250000000000007e-01 2.175791666666666846e-01 2.210983333333333134e-01 1.889738888888888857e-01 1.275949999999999862e-01 2.675016666666666376e-01 2.363844444444444526e-01 7.338888888888889239e-02 1.693600000000000105e-01 2.737955555555555698e-01 2.182838888888888884e-01 1.577394444444444599e-01 3.393649999999999722e-01 2.216699999999999782e-01 2.507238888888888018e-01 1.258344444444444432e-01 3.467105555555554663e-01 6.511166666666667879e-02 2.950338888888888733e-01 1.569961111111111141e-01 2.261955555555555386e-01 -5.370166666666666838e-02 2.368244444444444208e-01 2.492738888888889337e-01 1.855135294117646882e-01 1.438194117647058345e-01 2.411435294117647288e-01 1.290223529411764769e-01 1.298876470588235243e-01 2.268553846153845976e-01 -4.454999999999999932e-02
2.531599999999999961e-01 4.849600000000000022e-01 1.420858333333333279e-01 1.663284210526315421e-01 0.000000000000000000e+00 3.201358064516129920e-01 1.298461290322580619e-01 2.622670967741935755e-01 2.632096774193548039e-01 2.608803225806451409e-01 3.308219354838710102e-01 2.967990322580644769e-01 1.561345161290322858e-01 2.734741935483871456e-01 2.931325806451613447e-01 2.704245161290322885e-01 1.431951612903225868e-01 1.134129032258064662e-01 2.974800000000000222e-01 2.136067741935483710e-01 2.391712903225806375e-01 1.338332258064516000e-01 1.949290322580645718e-01 1.535603225806451699e-01 1.729187096774193189e-01 4.992032258064517392e-02 1.778033333333332855e-01 2.820783333333333753e-01 1.132770967741935642e-01 2.022703333333333020e-01 8.091399999999998593e-02 1.606963333333333022e-01 2.773890000000000522e-01 2.163148275862069037e-01 2.256120689655172484e-01 2.076975862068965450e-01 2.149568965517241192e-01 2.311665517241378864e-01 2.944479166666666425e-01 3.467419230769230865e-01 2.522763333333333802e-01 1.906606451612903042e-01 2.173554838709677306e-01 2.446499999999999508e-01 1.717696774193548659e-01 2.105377419354838853e-01 1.535170967741935621e-01 2.138977419354839149e-01 1.425612903225806638e-01 2.295970967741935709e-01 2.824454838709677396e-01 2.118622580645161124e-01 2.146761290322580507e-01 1.953338709677419349e-01 2.269003333333333428e-01 1.726839999999999764e-01 7.107166666666665800e-02 4.070369999999999822e-01 2.854886666666666684e-01 1.789473333333333194e-01 2.247793333333333032e-01 2.721563333333332779e-01 2.681267741935484117e-01 2.163696774193548111e-01 2.325241935483870481e-01 2.198122580645161250e-01 2.182816666666666516e-01 2.264663333333333251e-01 1.987966666666666493e-01 2.000048275862068847e-01 2.067339285714286101e-01 1.784207142857143213e-01 3.290616666666666412e-01 3.728177272727272729e-01 1.609800000000000397e-01 2.062700000000000089e-01 3.005555555555555758e-01 2.766011111111110754e-01 2.982118750000000151e-01 1.664737500000000037e-01 2.246993103448275964e-01 2.452524137931034742e-01 2.587827586206896124e-01 2.542396551724137588e-01 1.198906896551724111e-01 3.031000000000000361e-01 2.687151724137930575e-01 2.454589655172413620e-01 1.974562068965517170e-01 2.899293103448275510e-01 1.597231034482758660e-01 2.038668965517241027e-01 1.853489655172413375e-01 2.717658620689654692e-01 1.548665517241379075e-01 2.330337931034482390e-01 3.688258620689655598e-01 2.680172413793103225e-01 -4.591103448275861421e-02 2.230337931034482302e-01 2.712341379310344580e-01 1.577610714285714033e-01 2.955571428571429071e-01 1.787639285714285875e-01 1.546211111111111258e-01 2.885625925925925928e-01 1.842113043478260936e-01 2.158354545454545526e-01
2.627800000000000136e-01 3.175449999999999662e-01 2.393349999999999922e-01 1.762294736842105192e-01 3.201358064516129920e-01 0.000000000000000000e+00 1.973810000000000286e-01 2.167498039215686179e-01 2.233772549019607812e-01 1.938849019607843116e-01 4.026019607843137060e-01 1.314103921568627320e-01 2.469831372549019521e-01 3.425033333333333818e-01 3.392141176470588326e-01 1.866168292682926777e-01 2.699142499999999667e-01 2.579585999999999824e-01 2.097649999999999793e-01 2.908702000000000232e-01 2.031166000000000083e-01 1.725740000000000052e-01 2.431193999999999855e-01 3.657007999999999925e-01 2.006058000000000285e-01 1.990038000000000640e-01 2.174581632653061203e-01 1.961020833333333435e-01 2.423963265306122161e-01 3.849754166666666255e-01 1.728445833333333292e-01 1.812997916666666542e-01 3.549789795918367186e-01 1.723885416666667003e-01 2.540897916666666756e-01 1.608527659574468527e-01 2.053146808510638577e-01 2.619110638297872939e-01 1.534236585365853500e-01 1.856068888888889046e-01 1.894358333333333311e-01 1.730635999999999841e-01 3.867553999999999714e-01 2.022742000000000151e-01 1.417359999999999731e-01 2.558779999999999943e-01 2.452425999999999495e-01 1.109749019607843140e-01 1.946637254901960601e-01 3.059680392156862716e-01 2.366584313725489941e-01 1.217623529411764605e-01 2.263668627450980131e-01 1.570877999999999997e-01 2.575071999999999917e-01 1.667044000000000303e-01 2.022954000000000141e-01 4.746473999999999416e-01 2.190882000000000107e-01 2.399629999999999819e-01 2.185405999999999738e-01 1.827300000000000035e-01 3.577341176470587580e-01 1.969724000000000197e-01 1.580904000000000198e-01 2.894930000000000003e-01 3.488706122448979041e-01 1.952495918367347094e-01 1.502139583333333417e-01 2.016961363636363969e-01 1.556606818181818230e-01 2.558084444444444494e-01 2.321344444444444211e-01 2.682259090909091537e-01 2.015399999999999969e-01 1.992329411764706126e-01 3.410308333333333941e-01 1.999406896551723656e-01 2.762146428571428669e-01 2.141325000000000034e-01 2.318989795918367236e-01 3.836437500000000056e-01 1.768757142857142750e-01 1.761085714285714754e-01 4.843091836734693678e-01 4.016451020408162709e-01 1.806342857142857472e-01 1.787177551020407984e-01 2.567300000000000137e-01 2.312614285714285622e-01 2.274540816326530435e-01 2.267326530612244762e-01 1.608532653061224560e-01 2.470638775510203833e-01 1.760075510204081872e-01 1.228836734693877358e-01 4.268452083333333369e-01 2.213527083333333423e-01 2.382810416666666653e-01 1.636056250000000045e-01 2.146610204081632611e-01 2.351143749999999866e-01 2.680893750000000186e-01 2.303745833333333548e-01 2.776399999999999424e-01 3.312676086956521382e-01 1.543207317073170548e-01 1.977541666666666753e-01
-4.159999999999999636e-03 2.051800000000000013e-01 2.360808333333333786e-01 1.988794736842105504e-01 1.298461290322580619e-01 1.973810000000000286e-01 0.000000000000000000e+00 2.245901851851852260e-01 1.892061111111111582e-01 1.631142592592592921e-01 2.085070370370370463e-01 2.269796296296296700e-01 1.843518518518518223e-01 1.782474074074073822e-01 1.904049999999999909e-01 2.132371111111110717e-01 1.341259090909090734e-01 1.857454716981131737e-01 1.835539622641509383e-01 1.753109433962264097e-01 1.853009433962263808e-01 1.499728301886792403e-01 2.446854716981132494e-01 2.344999999999999585e-01 2.148518867924528453e-01 3.487528301886792803e-02 1.906599999999999961e-01 1.734045098039215804e-01 1.014913461538461542e-01 2.415149019607843450e-01 1.292103921568627523e-01 1.872364705882352820e-01 2.024151923076923376e-01 2.383494117647058652e-01 2.053780392156862866e-01 1.913675999999999988e-01 2.596293999999999547e-01 2.574391999999999792e-01 2.654455555555555457e-01 1.643580851063829729e-01 1.654624000000000095e-01 1.821873076923076762e-01 1.650733962264151200e-01 2.674379245283018403e-01 2.116786792452829691e-01 8.446660377358490568e-02 1.723630188679244890e-01 2.757505555555556098e-01 1.470661111111110919e-01 1.667949999999999433e-01 1.706098148148148252e-01 2.871035185185185079e-01 1.790048148148147833e-01 2.420416981132075540e-01 1.915766037735849303e-01 1.472362264150943456e-01 8.173018867924526643e-02 2.611958490566038127e-01 1.868475471698112789e-01 1.958209433962264656e-01 1.963479245283018815e-01 1.830916981132075794e-01 2.328624074074074068e-01 2.305135849056603736e-01 2.243232075471697784e-01 1.423245283018867990e-01 2.035398076923077282e-01 1.991421153846153758e-01 2.280611764705882671e-01 1.710812765957446802e-01 2.095750000000000390e-01 1.493364444444444661e-01 1.785437037037037045e-01 1.864931999999999979e-01 2.465199999999999891e-01 2.584240000000000426e-01 2.302128571428571635e-01 2.222545161290322147e-01 1.651336666666666508e-01 1.831282608695652125e-01 1.621828846153846038e-01 2.076698039215686686e-01 2.524678846153846079e-01 1.891444230769230295e-01 1.602563461538461520e-01 2.183498076923076625e-01 2.002842307692307700e-01 1.880957692307692330e-01 1.287063461538461573e-01 1.701286538461538322e-01 2.242226923076922618e-01 1.905134615384614927e-01 2.210692307692307956e-01 1.531396153846153740e-01 1.554184615384615331e-01 2.962180769230769450e-01 2.537154901960784192e-01 1.882694117647058796e-01 -5.646078431372549694e-02 1.861190196078431336e-01 1.593213461538461606e-01 1.698303921568627139e-01 2.445815686274509793e-01 1.759041176470588219e-01 1.271277999999999853e-01 1.306997826086956915e-01 2.239304878048780090e-01 1.337784615384615683e-01
-6.961000000000000520e-02 1.084149999999999975e-01 3.916224999999999845e-01 1.922984210526315907e-01 2.622670967741935755e-01 2.167498039215686179e-01 2.245901851851852260e-01 0.000000000000000000e+00 2.714445614035088106e-01 3.551861403508771997e-01 1.690689473684210409e-01 4.187428070175438499e-01 2.774475438596490928e-01 2.014421052631578946e-01 1.710491228070175618e-01 2.973522222222221845e-01 1.686356818181818096e-01 1.462035714285714327e-01 2.791514285714286059e-01 1.353773214285714510e-01 2.910050000000000137e-01 2.545787499999999648e-01 2.537948214285714044e-01 1.564614285714285569e-01 3.024516071428571817e-01 -1.453160714285714472e-01 2.796732727272726593e-01 4.180535185185185743e-01 -2.974781818181818083e-02 2.040283333333333393e-01 1.136016666666666980e-01 1.639892592592592790e-01 1.472183636363636472e-01 3.384475925925926609e-01 3.114424074074074178e-01 3.123822641509434450e-01 4.883211320754717311e-01 1.866216981132075292e-01 3.650764444444444812e-01 2.864975999999999634e-01 2.873252830188678386e-01 2.589007272727272824e-01 1.385405357142857063e-01 3.024887500000000284e-01 3.666903571428571373e-01 5.249464285714285083e-02 1.688339285714285723e-02 3.015908771929824428e-01 2.151387719298245849e-01 9.463771929824561779e-02 3.281091228070174837e-01 4.306231578947368743e-01 3.113191228070175121e-01 3.275578571428571784e-01 2.717910714285714513e-01 1.895825000000000149e-01 6.712375000000000980e-02 2.417878571428571655e-01 2.583174999999999777e-01 2.430683928571428509e-01 2.986880357142857045e-01 3.689383928571428606e-01 1.656377192982456115e-01 4.492930357142857489e-01 2.370326785714285678e-01 8.366392857142855577e-02 1.476358181818182014e-01 3.011672727272727834e-01 3.525316666666667431e-01 2.706624000000000252e-01 2.434942553191488945e-01 2.034741666666667059e-01 2.870664285714285557e-01 1.890719999999999623e-01 2.905441176470588416e-01 2.247625000000000317e-01 2.686746666666666727e-01 2.688740625000000106e-01 2.055712903225806465e-01 2.249936734693877005e-01 2.052985454545454003e-01 1.627475925925925548e-01 4.006245454545454554e-01 3.191409090909090862e-01 1.291063636363636580e-01 2.074563636363636610e-01 3.749627272727273364e-01 3.509398181818181306e-01 1.271129090909090820e-01 3.203476363636362789e-01 2.442816363636363952e-01 3.044281818181818200e-01 3.335310909090908327e-01 3.317278181818180682e-01 2.138040000000000218e-01 4.052932727272727798e-01 2.255124074074074114e-01 3.184955555555555318e-01 -1.771620370370370623e-01 3.334577777777777974e-01 3.510592727272728308e-01 3.749648148148149174e-02 2.037212962962962892e-01 2.822116666666666385e-01 9.409509433962266745e-02 1.338853061224489771e-01 4.330545454545454143e-01 2.478623076923077151e-01
1.970999999999999835e-02 2.872949999999999671e-01 2.607883333333333442e-01 2.436763157894736853e-01 2.632096774193548039e-01 2.233772549019607812e-01 1.892061111111111582e-01 2.714445614035088106e-01 0.000000000000000000e+00 2.922861403508771883e-01 2.145312280701754393e-01 3.092121052631578992e-01 1.730764912280701451e-01 2.285417543859649125e-01 2.231314035087719194e-01 3.173006666666666753e-01 2.093381818181818121e-01 1.282641071428571311e-01 2.250375000000000014e-01 2.015591071428571579e-01 2.584374999999999867e-01 2.319598214285714388e-01 2.773362499999999509e-01 2.293823214285714285e-01 2.876667857142857221e-01 -3.282142857142857778e-02 2.621901818181817667e-01 3.023751851851851913e-01 3.747727272727273407e-02 2.409668518518518765e-01 1.785620370370370191e-01 2.303427777777777297e-01 2.378260000000000096e-01 2.646509259259259284e-01 3.151551851851852049e-01 2.899684905660377399e-01 2.955213207547169874e-01 2.208726415094339479e-01 3.210908888888888701e-01 3.126160000000000050e-01 2.251675471698113273e-01 2.416854545454545367e-01 1.616523214285714438e-01 3.779000000000000137e-01 2.454810714285713957e-01 7.983035714285713347e-02 8.406124999999999015e-02 3.239466666666667161e-01 1.804647368421052334e-01 1.399610526315789583e-01 2.747461403508772437e-01 2.829717543859649465e-01 2.976689473684210885e-01 3.202955357142857062e-01 2.271130357142857326e-01 1.758242857142857107e-01 1.188507142857142818e-01 2.546642857142856764e-01 2.471883928571428357e-01 1.885823214285714255e-01 2.428501785714285710e-01 3.225973214285714485e-01 2.103964912280701649e-01 3.249650000000000039e-01 2.248642857142857387e-01 1.219962500000000005e-01 1.555310909090908966e-01 2.973330909090909913e-01 2.549611111111111383e-01 2.094262000000000068e-01 2.320374468085106279e-01 2.338362499999999677e-01 2.571421428571428747e-01 2.108863999999999739e-01 2.520641176470588274e-01 3.693219999999999836e-01 1.792313333333333536e-01 2.654646874999999628e-01 2.528029032258064523e-01 2.584948979591836782e-01 2.701807272727272946e-01 2.032437037037036764e-01 3.283887272727273321e-01 2.166920000000000235e-01 1.172065454545454383e-01 2.010394545454545212e-01 3.014174545454545440e-01 2.451165454545454481e-01 1.622794545454545323e-01 2.820307272727272663e-01 2.702172727272726949e-01 2.940101818181817261e-01 2.468192727272727482e-01 2.745607272727271786e-01 1.795520000000000171e-01 3.063347272727273141e-01 2.242701851851851558e-01 2.923159259259258680e-01 -8.858370370370370617e-02 3.177685185185185612e-01 2.931421818181818573e-01 1.033157407407407635e-01 2.482355555555555426e-01 3.051979629629629209e-01 1.127818867924528373e-01 1.567585714285714138e-01 2.777375000000000260e-01 2.293446153846154245e-01
-6.961000000000000520e-02 1.345149999999999957e-01 1.879125000000000101e-01 2.725536842105262814e-01 2.608803225806451409e-01 1.938849019607843116e-01 1.631142592592592921e-01 3.551861403508771997e-01 2.922861403508771883e-01 0.000000000000000000e+00 1.511778947368421222e-01 4.115905263157895733e-01 3.530538596491227810e-01 1.042382456140350938e-01 1.696857894736842343e-01 3.777566666666666850e-01 1.768500000000000072e-01 1.033873214285714326e-01 2.572005357142857496e-01 1.584510714285714272e-01 2.885914285714284988e-01 2.916089285714286161e-01 3.191791071428570770e-01 1.852460714285714405e-01 3.163794642857142847e-01 -1.740819642857142913e-01 2.794263636363635839e-01 4.001361111111111923e-01 -1.021056363636363706e-01 1.968059259259259952e-01 1.189362962962963316e-01 2.304437037037036784e-01 2.145392727272727174e-01 3.725672222222223273e-01 4.034050000000000691e-01 3.537979245283018881e-01 4.981892452830188334e-01 2.656960377358489889e-01 4.043868888888889068e-01 3.451685999999999921e-01 2.514218867924527534e-01 3.059163636363635419e-01 1.072689285714285845e-01 5.480132142857142563e-01 4.392623214285714672e-01 1.343517857142857187e-02 -3.931571428571428023e-02 4.607929824561403653e-01 1.905731578947368332e-01 3.660438596491228519e-02 2.467545614035087931e-01 6.251447368421052531e-01 2.515857894736842071e-01 3.930526785714286153e-01 2.828523214285714182e-01 1.632650000000000212e-01 3.534624999999999573e-02 2.040869642857142952e-01 2.339107142857142774e-01 3.126571428571428557e-01 3.300071428571428878e-01 3.715819642857143279e-01 1.416924561403508920e-01 5.531644642857143079e-01 3.141766071428571117e-01 5.621285714285714080e-02 1.299038181818181759e-01 3.862665454545455290e-01 3.872301851851851495e-01 2.267240000000000089e-01 2.461229787234042454e-01 2.172079166666666394e-01 2.516239285714285123e-01 2.021707999999999839e-01 3.208735294117647241e-01 3.859534999999999494e-01 1.792426666666666890e-01 3.387928124999999291e-01 2.120016129032257779e-01 2.575175510204081308e-01 2.206885454545454150e-01 1.191749999999999893e-01 4.759309090909090711e-01 3.484209090909091144e-01 6.414654545454545609e-02 1.682343636363636263e-01 5.013192727272728355e-01 4.130209090909091607e-01 6.470145454545454811e-02 2.704998181818181746e-01 3.336076363636363284e-01 2.754910909090909077e-01 3.954520000000000257e-01 2.402445454545454606e-01 1.687118181818181850e-01 5.340370909090909057e-01 1.971785185185185030e-01 2.579137037037037006e-01 -2.741018518518518188e-01 3.867837037037037962e-01 3.474479999999999791e-01 -1.198351851851852008e-02 2.450801851851851787e-01 3.181946296296296328e-01 8.210679245283020178e-02 1.398851020408163337e-01 5.014672727272726505e-01 2.483530769230769542e-01
2.136299999999999866e-01 6.740749999999999797e-01 2.174150000000000249e-01 1.904173684210526130e-01 3.308219354838710102e-01 4.026019607843137060e-01 2.085070370370370463e-01 1.690689473684210409e-01 2.145312280701754393e-01 1.511778947368421222e-01 0.000000000000000000e+00 1.564857894736841892e-01 1.926129824561403636e-01 4.870492982456139930e-01 4.150335087719298488e-01 1.732466666666667154e-01 2.485363636363636664e-01 3.566512499999999752e-01 1.731407142857142589e-01 3.164689285714286093e-01 1.890248214285714379e-01 1.605175000000000352e-01 2.175501785714285818e-01 4.679848214285713959e-01 1.804957142857142871e-01 3.373241071428570992e-01 2.094492727272727617e-01 1.578007407407407414e-01 2.828481818181818319e-01 4.722861111111110177e-01 2.239503703703703830e-01 2.201003703703703074e-01 5.102689090909090508e-01 1.445405555555555888e-01 2.524566666666667181e-01 1.713871698113207664e-01 1.816724528301886799e-01 3.599409433962262872e-01 2.154906666666666637e-01 1.787978000000000067e-01 1.886018867924528220e-01 2.375372727272727080e-01 4.619832142857142609e-01 1.800167857142857264e-01 1.332298214285714266e-01 3.213271428571428667e-01 2.915960714285714128e-01 1.288861403508771708e-01 2.650882456140351007e-01 3.970356140350876917e-01 1.947594736842105101e-01 2.021156140350877373e-01 1.786068421052631749e-01 1.172025000000000011e-01 1.961369642857143103e-01 1.526330357142857141e-01 2.828057142857142714e-01 6.416158928571428222e-01 2.194478571428571390e-01 2.799726785714285460e-01 1.914189285714285871e-01 1.475739285714285642e-01 4.352838596491228063e-01 1.605099999999999860e-01 1.754544642857142900e-01 3.160285714285714365e-01 3.447690909090908029e-01 2.075890909090908343e-01 2.053987037037036945e-01 2.856085999999999903e-01 2.022134042553191402e-01 2.498572916666666754e-01 2.616260714285714162e-01 3.959927999999999781e-01 2.034252941176470653e-01 2.513640000000000319e-01 3.520533333333333292e-01 2.353446875000000105e-01 3.156883870967741590e-01 1.981993877551020411e-01 2.362269090909090985e-01 4.529159259259258885e-01 1.320479999999999987e-01 1.534698181818181517e-01 4.448954545454545939e-01 5.959216363636364866e-01 1.561810909090908805e-01 1.413359999999999894e-01 4.070840000000000014e-01 1.908767272727271980e-01 2.661894545454545069e-01 1.788167272727271828e-01 1.505881818181818432e-01 2.071032727272726914e-01 1.584458181818182154e-01 1.450485454545454578e-01 5.970396296296295313e-01 1.715833333333332822e-01 3.048668518518518611e-01 1.290275925925925826e-01 1.717916363636364241e-01 2.697611111111111182e-01 3.497657407407407937e-01 2.202237037037036993e-01 3.444749056603774173e-01 4.055261224489795646e-01 1.382525000000000004e-01 1.781746153846153757e-01
1.970999999999999835e-02 2.611949999999999550e-01 2.129841666666666689e-01 2.003173684210526329e-01 2.967990322580644769e-01 1.314103921568627320e-01 2.269796296296296700e-01 4.187428070175438499e-01 3.092121052631578992e-01 4.115905263157895733e-01 1.564857894736841892e-01 0.000000000000000000e+00 3.087078947368421256e-01 1.446236842105262932e-01 1.208061403508771947e-01 3.219582222222222567e-01 1.141915909090909231e-01 1.145367857142857021e-01 3.124455357142856826e-01 1.685626785714285647e-01 3.349676785714285621e-01 2.421703571428571178e-01 2.451458928571428331e-01 1.359571428571428320e-01 3.212519642857142310e-01 -1.788425000000000153e-01 2.798081818181818448e-01 4.612224074074073865e-01 -4.278363636363635703e-02 1.622844444444444811e-01 9.718907407407408050e-02 1.685620370370370380e-01 1.389938181818182183e-01 3.128494444444445133e-01 3.592318518518518577e-01 3.507305660377358913e-01 3.627205660377358365e-01 2.045050943396226062e-01 3.675962222222221576e-01 3.710274000000000627e-01 3.295481132075472330e-01 2.330714545454544984e-01 7.810089285714284790e-02 2.839805357142857201e-01 3.317385714285713827e-01 5.172928571428572070e-02 1.426196428571428927e-02 3.190585964912280859e-01 1.457440350877192703e-01 6.763087719298245537e-02 3.365150877192982226e-01 3.715847368421052455e-01 3.166412280701754733e-01 2.874732142857143180e-01 3.147514285714286264e-01 1.629017857142857351e-01 1.136591071428571381e-01 1.902321428571428774e-01 2.702614285714285969e-01 2.069825000000000137e-01 3.580901785714285523e-01 4.018462500000000714e-01 1.546207017543859419e-01 3.711198214285714725e-01 2.687826785714285682e-01 1.001473214285714258e-01 1.200827272727272854e-01 2.633780000000000010e-01 3.090446296296296413e-01 2.101269999999999805e-01 2.187148936170213165e-01 1.700429166666666825e-01 2.645882142857142183e-01 2.553175999999999779e-01 2.167294117647058649e-01 3.282005000000000061e-01 2.186740000000000073e-01 3.489287500000000097e-01 2.449361290322580875e-01 2.580673469387755325e-01 2.578692727272726692e-01 1.000400000000000039e-01 3.299590909090909241e-01 3.221189090909091224e-01 9.715581818181817653e-02 1.509925454545454071e-01 3.527047272727274474e-01 3.598003636363636959e-01 8.572963636363638285e-02 3.338252727272727483e-01 2.282501818181817965e-01 3.424589090909091471e-01 3.039600000000000635e-01 3.107312727272726893e-01 1.564610909090909663e-01 3.972161818181818016e-01 1.817901851851851935e-01 3.095098148148148764e-01 -2.035894444444444618e-01 3.544622222222222896e-01 3.659594545454544212e-01 1.873722222222222109e-02 2.155996296296295855e-01 2.693394444444444091e-01 7.586566037735850698e-02 1.386120408163265261e-01 3.634859090909091095e-01 2.759676923076923027e-01
1.970999999999999835e-02 2.611949999999999550e-01 2.740299999999999958e-01 2.149057894736841889e-01 1.561345161290322858e-01 2.469831372549019521e-01 1.843518518518518223e-01 2.774475438596490928e-01 1.730764912280701451e-01 3.530538596491227810e-01 1.926129824561403636e-01 3.087078947368421256e-01 0.000000000000000000e+00 1.705349122807017503e-01 1.680410526315789521e-01 3.001920000000000699e-01 1.766638636363636328e-01 1.581753571428571592e-01 2.241135714285714398e-01 1.161169642857142748e-01 2.656039285714285603e-01 2.445239285714285449e-01 2.739189285714285771e-01 2.207366071428571441e-01 2.518117857142857519e-01 -6.630964285714285866e-02 2.408767272727272424e-01 3.655033333333332912e-01 8.345454545454312285e-05 2.180746296296296738e-01 1.121498148148147994e-01 1.433711111111111436e-01 1.301196363636363540e-01 2.176283333333332848e-01 2.969864814814814902e-01 2.852828301886792262e-01 3.170486792452830160e-01 2.073673584905660061e-01 2.598208888888888790e-01 2.556418000000000301e-01 1.806645283018867565e-01 1.789274545454545284e-01 1.465623214285714238e-01 2.578585714285714370e-01 2.448321428571428593e-01 6.890910714285715388e-02 7.716678571428570166e-02 2.181331578947368344e-01 1.711189473684210371e-01 1.025414035087719306e-01 2.787696491228069950e-01 2.918661403508771568e-01 2.484931578947368325e-01 2.676348214285714233e-01 2.477298214285714451e-01 1.451169642857142728e-01 1.569300000000000139e-01 2.556091071428571171e-01 2.271803571428571700e-01 1.479192857142857254e-01 2.902721428571428675e-01 3.408482142857142683e-01 1.766389473684210343e-01 2.634042857142857019e-01 2.602060714285713838e-01 8.781267857142857625e-02 1.471770909090908963e-01 2.557192727272726840e-01 2.427316666666666789e-01 2.274827999999999850e-01 1.870821276595744931e-01 2.129674999999999763e-01 2.079557142857142715e-01 1.530512000000000261e-01 2.079358823529411926e-01 1.927995000000000125e-01 1.960786666666666789e-01 2.418746875000000185e-01 2.198670967741935545e-01 1.814567346938775472e-01 2.425241818181817499e-01 1.904005555555555729e-01 3.153558181818181816e-01 3.466765454545455150e-01 1.520736363636363830e-01 1.670754545454545825e-01 2.597078181818181508e-01 2.634627272727272373e-01 1.418174545454545243e-01 2.880178181818180971e-01 2.117640000000000355e-01 2.843427272727271915e-01 2.753200000000000092e-01 2.943936363636363573e-01 1.414945454545454562e-01 2.633129090909090420e-01 2.278044444444444760e-01 2.841981481481481442e-01 -1.335401851851851784e-01 2.839949999999999974e-01 3.448045454545454747e-01 3.234703703703704220e-02 2.221987037037037038e-01 2.508414814814813876e-01 1.180113207547170244e-02 7.888755102040816147e-02 2.810361363636363907e-01 1.763323076923077048e-01
1.970999999999999835e-02 2.611949999999999550e-01 1.477383333333333326e-01 5.683736842105262949e-02 2.734741935483871456e-01 3.425033333333333818e-01 1.782474074074073822e-01 2.014421052631578946e-01 2.285417543859649125e-01 1.042382456140350938e-01 4.870492982456139930e-01 1.446236842105262932e-01 1.705349122807017503e-01 0.000000000000000000e+00 3.697988135593220371e-01 1.179323404255319119e-01 1.889723913043478420e-01 3.189343103448276096e-01 1.400287931034483180e-01 2.619675862068965300e-01 1.645186206896551706e-01 1.296132758620689718e-01 2.037587931034482991e-01 4.557372413793103205e-01 1.509442857142857253e-01 3.316273214285714865e-01 1.780342105263157948e-01 1.088585714285714434e-01 2.920460714285714188e-01 3.906294545454545575e-01 2.019107272727272695e-01 2.253265454545453905e-01 3.883248214285713873e-01 1.312394545454545480e-01 2.438378571428571617e-01 1.576094545454545248e-01 1.422594545454545223e-01 2.640183636363636621e-01 1.893134042553191454e-01 1.709717307692307786e-01 1.699203636363636472e-01 1.824782456140351117e-01 3.977213793103449024e-01 2.085493103448275432e-01 9.812206896551724233e-02 2.494355172413793287e-01 3.333022413793103600e-01 1.475601694915254503e-01 2.172538983050847916e-01 3.156342372881356662e-01 1.924305084745763228e-01 2.024364406779660952e-01 1.929989830508474780e-01 1.540536206896551685e-01 1.619722413793103777e-01 1.309312068965517162e-01 2.455294827586206874e-01 5.361179310344827975e-01 1.698012068965517041e-01 2.468481034482758740e-01 1.445068965517241344e-01 1.122693103448275942e-01 3.512844067796611069e-01 1.477608620689654928e-01 1.659098275862069261e-01 3.154520689655171961e-01 2.973582456140350661e-01 1.765036842105262849e-01 1.178948148148147995e-01 2.041973999999999734e-01 1.553174468085106175e-01 2.283012000000000097e-01 2.278323333333333034e-01 2.240651851851851728e-01 1.973442105263157886e-01 1.204013636363636536e-01 3.524964705882353555e-01 1.655255882352941188e-01 2.121875757575757693e-01 1.111233333333333378e-01 2.171580701754386167e-01 4.602035714285714341e-01 8.547947368421053571e-02 1.293705263157894914e-01 4.867428070175437993e-01 4.548107017543859820e-01 1.460463157894736630e-01 1.526666666666666727e-01 3.326647368421052908e-01 1.958817543859649180e-01 2.838710526315789684e-01 1.767159649122806708e-01 1.430949122807017304e-01 2.046552631578947012e-01 1.574992982456140389e-01 1.170203508771929801e-01 4.899674999999999447e-01 1.861862499999999976e-01 2.441085714285713970e-01 1.281326785714285710e-01 1.556766666666666854e-01 3.250112499999999183e-01 3.251889285714285593e-01 2.083398214285714090e-01 3.620543636363636741e-01 3.060085714285714076e-01 1.634988636363635950e-01 2.117307692307692224e-01
