0.000000000000000000e+00 -4.196031544502618060e-01 -3.943308376963349793e-01 -1.972810863874344955e-01 -2.725096073298429178e-01 -3.140524246395805519e-01 -2.084980340760157203e-01 -3.953150787401574773e-01 -2.741194542974078607e-01 -3.993994979647217947e-01 -3.425314090287277513e-01 -2.677750482758620709e-01 -1.515948211920530031e-01 -2.757526998689384112e-01 -2.859554319371727660e-01 -1.850349869109947087e-01 -2.833124770642201917e-01 -1.590837696335078433e-01 -2.625683769633507803e-01 -2.135580497382198739e-01 -1.590261910994764383e-01 -4.045573132372214942e-01 -2.629266530612244801e-01 -7.982748993288588113e-02 -3.612246335078533876e-01 -3.126551832460732205e-01 -3.568190314136125418e-01 -3.055177064220183092e-01 -1.704731806282722695e-01 -5.929352748691100183e-01 -1.709286649214659948e-01 -1.637650718954248297e-01 -4.442649738219895950e-01 -3.055489121887286497e-01 -1.830240575916229906e-01 -5.871675523560209164e-01 -2.866236351706036301e-01 -2.144396195652173986e-01 -6.523400790513833591e-01 -2.128353754940711384e-01 -2.417085007496251603e-01 -2.480394750656167435e-01 -1.745018073878628340e-01 -5.181016864295125979e-01 -3.051574933687002944e-01 -2.181096697490092218e-01 -3.154705019815059464e-01 -1.778503298153034373e-01 -4.797461030383091130e-01 -5.371931307793923471e-01 -1.706501185770750995e-01 -5.335377206851119603e-01 -3.777102503293807700e-01 -2.730932450331126082e-01 -1.862539389920424282e-01 -2.414928286852589534e-01 -2.475566976127321350e-01 -3.155761803713527658e-01 -4.753994156706506935e-01 -4.265123076923076906e-01 -1.802494687915006388e-01 -3.574002925531915009e-01 -1.920427962716378112e-01 -1.759950865512649454e-01 -1.888852483221475920e-01 -4.628805369127516611e-01 -2.801817551020407970e-01 -1.822281459854014629e-01
-4.196031544502618060e-01 0.000000000000000000e+00 -4.944161547085201835e-01 7.548159865470851493e-01 4.093551008968609461e-01 7.670789450056118008e-01 -2.461282042648709201e-01 -2.973828764044944006e-01 5.596826132404182363e-01 -1.254147630057803331e-01 -1.280017948717948606e-01 -3.864514906103286296e-01 -5.542828004535147457e-01 7.825977777777779476e-01 -1.522706950672645942e-01 7.228158744394617141e-01 8.157645903479237015e-01 -5.846991479820627946e-01 2.867478811659192606e-01 7.629697757847532236e-01 -2.520648654708519953e-01 -2.850446464646465006e-01 7.253795944380070360e-01 -1.153164948453607938e-02 -1.731019506726457213e-01 6.942057399103139792e-01 -8.654143497757846304e-02 7.565915151515152370e-01 -2.791360201793721685e-01 -6.278439573991032585e-01 4.425491255605382701e-01 -5.819423654708519855e-01 -4.402002356902356417e-01 7.230891910112361431e-01 6.799513131313129621e-01 -6.522745791245790903e-01 -1.472070528683914192e-01 4.742622363847045497e-01 -2.218161625282166760e-01 -1.420747231638417873e-01 2.162985750315258304e-01 7.716602362204724175e-01 -3.088326892655366973e-01 -5.053923954802260754e-01 -1.714109090909090582e-01 6.907360633484163071e-01 -2.585175113122171742e-01 -4.779650282485876089e-01 -3.908039977349943017e-01 -5.370745918367346716e-01 4.978020564971752382e-01 -5.299855819209039476e-01 -3.374842146892655936e-01 6.984493189557322568e-01 -3.289542272727272731e-01 -2.610326423690204622e-01 -2.891383580387685281e-01 7.803377080957810685e-01 -4.494930136986302061e-01 -2.320204446978335333e-01 5.221317142857143656e-01 -5.355210526315790087e-02 4.362153493699886253e-01 -2.331343004587156098e-01 7.184292494226327541e-01 -3.970047613504075201e-01 7.690172586412397093e-01 -4.882824373259052053e-01
-3.943308376963349793e-01 -4.944161547085201835e-01 0.000000000000000000e+00 -4.425457688113412780e-01 -4.457244274809160633e-01 -4.940626310043667035e-01 -3.321608951965066003e-01 -2.647224262295082009e-01 -3.866675733634311607e-01 -2.949302808988763513e-01 -3.198645073612683132e-01 -1.849676396807297674e-01 -2.284279713340683915e-01 -4.860825982532751000e-01 -2.595014067611777220e-01 -4.271803271537621960e-01 -4.899790938864628798e-01 -2.271768375136314078e-01 -3.890300763358778835e-01 -4.515827262813522092e-01 -4.164081788440568421e-02 -3.391350545851528064e-01 -4.546903040540540841e-01 -2.262080957683741678e-01 -2.245569465648855068e-01 -4.786155616139585178e-01 -2.413278080697927874e-01 -4.935030567685589342e-01 -2.190402181025081774e-01 -4.865548745910577288e-01 -2.289006215921483012e-01 -2.264544601962922843e-01 -3.992709825327510620e-01 -4.659067431693988959e-01 -4.068651746724890605e-01 -4.244350436681222916e-01 -2.013829978118161779e-01 -3.021498310810811216e-01 -6.565908013172337965e-01 -2.165622417582417636e-01 -3.548569506172839505e-01 -4.755899669239250227e-01 -2.865488580931263574e-01 -4.010120111111110663e-01 -2.363135156249999980e-01 -4.257300222222222263e-01 -2.497191222222222284e-01 -2.185434739178690189e-01 -4.034910233592881035e-01 -4.317718262806235496e-01 -2.439662153163152103e-01 -4.624673029966703819e-01 -3.391079467258601432e-01 -4.278554515050166929e-01 -2.506038950892857109e-01 -2.636323489932885789e-01 -2.597767301231803105e-01 -5.005043337066068521e-01 -4.398342825112107612e-01 -3.833324524076147655e-01 -3.110823344556677417e-01 -2.385893707865168467e-01 -2.476151968503936818e-01 -2.462413400900900773e-01 -4.103149319727891764e-01 -4.018833066361555684e-01 -4.837996365767877616e-01 -1.824480609418282495e-01
-1.972810863874344955e-01 7.548159865470851493e-01 -4.425457688113412780e-01 0.000000000000000000e+00 5.680235199138858881e-01 9.592972306034484031e-01 -6.774072198275860046e-02 -1.977238511326860904e-01 6.890730400890868745e-01 -1.522129933481153052e-01 1.936986592178772254e-02 -3.677443757030371407e-01 -5.542286507072905488e-01 9.245002693965518326e-01 -3.358607104413345590e-02 9.412013024757804880e-01 9.525089547413795321e-01 -5.873685898815930173e-01 5.712406673842841398e-01 9.603253928955869378e-01 -2.514072551130247524e-01 -1.075268857758620439e-01 8.985293444444444333e-01 2.004550329670329867e-01 -1.824148762109795707e-01 8.739498277717977492e-01 -1.317073735199138784e-01 9.532559698275864246e-01 -2.187490958019375487e-01 -4.118269321851453224e-01 7.762750699677071209e-01 -5.908711410118405727e-01 -3.255961961206896849e-01 8.886000431499461172e-01 9.076778232758622167e-01 -5.040005818965517248e-01 -8.309995680345572122e-02 7.475125444444444822e-01 -3.378296641386782651e-01 -4.783827548806939001e-02 3.750896707317073475e-01 9.557038386041440958e-01 -2.345710197368420791e-01 -2.907646365638766328e-01 -1.674550497237569102e-01 9.062749120879121101e-01 -2.374476923076922485e-01 -4.331690669593853404e-01 -1.975705280528052832e-01 -3.588999889867841575e-01 8.687572827282726839e-01 -3.377540154015401530e-01 -1.748364246424642110e-01 8.921073922651934218e-01 -2.802417920353982295e-01 -1.301310421286030750e-01 -1.907114428412874374e-01 9.473911542730302227e-01 -2.369210111111110517e-01 7.155615982241979312e-03 8.419646941045605404e-01 -1.104718930957683670e-01 7.486108472686733295e-01 -9.558805803571425452e-02 9.433214943820226184e-01 -2.072651587301587162e-01 9.443129069767443040e-01 -4.492326620689655048e-01
-2.725096073298429178e-01 4.093551008968609461e-01 -4.457244274809160633e-01 5.680235199138858881e-01 0.000000000000000000e+00 5.448043487621098135e-01 -1.366537674919267864e-01 -2.642919288793103560e-01 3.833782202447163501e-01 -1.556573421926910061e-01 -1.454108370535714123e-01 -4.295251797752808742e-01 -5.276298804347825389e-01 5.268469860064585175e-01 -1.533874193548387388e-01 5.551623870967742347e-01 5.289723789020451816e-01 -5.667108172043010539e-01 3.949899032258064602e-01 5.616370107526881261e-01 -2.841845698924731489e-01 -2.233030032292787903e-01 5.138565704772475318e-01 8.470823271130635893e-03 -2.090865806451612796e-01 4.896015268817204835e-01 -1.673143010752687898e-01 5.331436167922497527e-01 -3.061606236559139549e-01 -3.963060967741935392e-01 4.518731720430107512e-01 -5.675819247311827409e-01 -3.407821851453174955e-01 4.933977155172413198e-01 5.186319375672766574e-01 -4.517619268030139690e-01 -1.716840453074433281e-01 4.151346392896781423e-01 -4.558749567099567579e-01 -1.707880281690140611e-01 2.381210718635811546e-02 5.475499999999999812e-01 -2.688213800657173747e-01 -3.455148844884488590e-01 -1.819690949227372734e-01 5.145937650933040119e-01 -3.207010537870472189e-01 -4.540939912280701485e-01 -2.441008241758241826e-01 -3.319665126512651443e-01 5.236836703296703366e-01 -3.284427472527472469e-01 -2.407313406593406535e-01 4.940266666666666140e-01 -3.430365303867402571e-01 -2.102682281284606880e-01 -2.758716186252770930e-01 5.429589911308203565e-01 -3.021052608213096735e-01 -1.177554988913525613e-01 4.783854333333332765e-01 -1.478905116796440378e-01 4.660707238307350009e-01 -1.897899665551839588e-01 5.559951290684623793e-01 -2.907252661381652947e-01 5.591790243902438062e-01 -4.074116827586206635e-01
-3.140524246395805519e-01 7.670789450056118008e-01 -4.940626310043667035e-01 9.592972306034484031e-01 5.448043487621098135e-01 0.000000000000000000e+00 -1.345882415254237019e-01 -2.437407855626326780e-01 6.751431763417305998e-01 -2.266775245365321434e-01 -2.469186666666666266e-02 -3.992638053097345430e-01 -5.888797856377278039e-01 9.186452598091199295e-01 -4.769663135593218972e-02 9.311392161016951441e-01 9.475183881230118121e-01 -6.232556885593221185e-01 5.553721292372881813e-01 9.546417161016951258e-01 -3.053723834745762367e-01 -1.867996182396606530e-01 8.867297049180328239e-01 9.906652972972972149e-02 -2.435781567796609925e-01 8.733599152542373956e-01 -2.069621080508474431e-01 9.496727995758220686e-01 -2.257808474576271096e-01 -5.318773411016949337e-01 8.110857838983051016e-01 -6.276632309322035530e-01 -3.736216967126192445e-01 8.964950955414014988e-01 8.947680911983033614e-01 -6.013651325556733651e-01 -1.360139638682252849e-01 7.632704309392265296e-01 -4.912705280172413591e-01 -7.905746494066880070e-02 3.297101818181817912e-01 9.476750325379612594e-01 -2.593853485838779616e-01 -4.020559518599561843e-01 -2.055383534577387150e-01 9.094144104803494333e-01 -3.026814628820960751e-01 -4.745245365321701381e-01 -2.746838032786885209e-01 -4.589754595185995267e-01 9.152215846994534720e-01 -4.342006448087431525e-01 -2.305229102844638389e-01 9.196050989010989829e-01 -3.080471067106710370e-01 -1.652395920617419633e-01 -2.245741501103752369e-01 9.461761699779251966e-01 -3.474693480662983114e-01 -5.320217439293596640e-02 8.641878429203541101e-01 -1.879847951273531936e-01 7.685099667405764778e-01 -1.722347391786903104e-01 9.425852008928572445e-01 -3.158271734234234240e-01 9.447701270207852220e-01 -4.927339889958733399e-01
-2.084980340760157203e-01 -2.461282042648709201e-01 -3.321608951965066003e-01 -6.774072198275860046e-02 -1.366537674919267864e-01 -1.345882415254237019e-01 0.000000000000000000e+00 -2.438950735294117544e-01 -1.618399783315276619e-01 -3.286016396979503651e-01 -2.499327912087911940e-01 -3.410521991247264517e-01 -5.156057370095440406e-01 -1.343177964323189755e-01 -2.723806289308176587e-01 -6.721502096436056395e-02 -1.439006295907659938e-01 -5.179508490566038237e-01 -1.462949475890985285e-01 -8.077589098532492184e-02 -3.980439517819706619e-01 -1.779875026232948798e-01 -1.301639135135135017e-01 -1.618934652406416874e-01 -2.870196540880503022e-01 -1.663458280922431864e-01 -3.008200209643606127e-01 -1.330047219307450290e-01 -3.901350524109015172e-01 -2.436494444444444463e-01 -7.112641509433963172e-02 -5.256461425576520741e-01 -2.965246904512067183e-01 -1.520553886554621981e-01 -5.520243441762853059e-02 -2.545733578174186884e-01 -2.680160672975814840e-01 -1.080953551912568339e-01 -6.144866595517608499e-01 -2.911304375667022604e-01 -1.783052574850299277e-01 -1.184950643776823825e-01 -4.215745474137931326e-01 -2.165596103896103852e-01 -2.857879261672096050e-01 -1.026354535637148679e-01 -3.632674730021597798e-01 -4.594667313915857809e-01 -2.187637945945946072e-01 -2.345547294372294367e-01 -3.992151351351352212e-02 -2.451781297297297435e-01 -2.590063095238094859e-01 -1.320274239130434790e-01 -4.364094885745375962e-01 -3.011969465648854372e-01 -3.558556550218340275e-01 -1.541989628820960856e-01 -2.504914863387978086e-01 -1.796126200873362500e-01 -7.094363238512034486e-02 -2.944143483023001218e-01 -8.576677631578946692e-02 -1.941298902305159113e-01 -7.606391832229579542e-02 -1.190461581291759330e-01 -1.303810388127853714e-01 -4.655610453920220881e-01
-3.953150787401574773e-01 -2.973828764044944006e-01 -2.647224262295082009e-01 -1.977238511326860904e-01 -2.642919288793103560e-01 -2.437407855626326780e-01 -2.438950735294117544e-01 0.000000000000000000e+00 -1.878195580678314325e-01 -2.067472671443193188e-01 -2.467030937499999910e-01 -2.826789937759335847e-01 -3.488382762096773893e-01 -1.778181836327345222e-01 -2.758510069790627850e-01 -1.384199800796812596e-01 -1.863979262213359966e-01 -3.585763545816733067e-01 -1.915240836653386292e-01 -1.587000099601593439e-01 -2.302001394422310554e-01 -3.239316550348952939e-01 -2.041976151484134749e-01 -1.510415532994923982e-01 -1.748618426294820671e-01 -2.065179980079681066e-01 -1.744903386454183247e-01 -1.994113559322033546e-01 -2.876595219123506131e-01 -4.455775000000000152e-01 -8.672845617529879869e-02 -3.600419521912350818e-01 -3.553005982053838441e-01 -1.850055888223552658e-01 -1.137407377866400671e-01 -4.111258723828514206e-01 -1.929961238761238873e-01 -1.098217305699481922e-01 -5.699849843260188509e-01 -2.284363406940062846e-01 -2.503023113207547001e-01 -2.233253650793650957e-01 -3.456370394036208937e-01 -4.181409625668449093e-01 -1.916523472668810457e-01 -1.860419722814498633e-01 -2.689415778251598721e-01 -3.412857188498403249e-01 -3.686154535752401706e-01 -4.062090277777777314e-01 -1.227594663820704424e-01 -4.209401921024546467e-01 -3.586096584845250845e-01 -2.173020042872454427e-01 -2.989713626609442065e-01 -2.546879462365591040e-01 -2.904268137782561876e-01 -2.483429278794402617e-01 -4.251887823275861678e-01 -3.303956942949407560e-01 -1.613040992448759314e-01 -1.517245464362851071e-01 -1.178300108108108063e-01 -1.928680411255410954e-01 -1.797800980392156578e-01 -3.856518666666666761e-01 -2.381316438356164411e-01 -3.030908677685950625e-01
-2.741194542974078607e-01 5.596826132404182363e-01 -3.866675733634311607e-01 6.890730400890868745e-01 3.833782202447163501e-01 6.751431763417305998e-01 -1.618399783315276619e-01 -1.878195580678314325e-01 0.000000000000000000e+00 -1.636755947580645076e-01 -1.033537435897435713e-01 -3.312864529058116014e-01 -4.897808043694141800e-01 5.971094198623402294e-01 -1.298085265225933094e-01 5.972850539744847254e-01 6.261158979391560075e-01 -5.107835328753679294e-01 2.607020608439646892e-01 6.046965063788027894e-01 -2.790359371933268107e-01 -1.852027210216109776e-01 5.359879540918163210e-01 2.417226640159046008e-02 -1.686765161923454437e-01 5.526324337585869495e-01 -1.139900490677134420e-01 6.070993719332679062e-01 -2.714582139352305634e-01 -4.274793915603532501e-01 4.174378410206084355e-01 -5.152369283611383244e-01 -3.002820825147347050e-01 5.427300983284170099e-01 5.640869744597249991e-01 -4.718189882121807677e-01 -1.133700787401574761e-01 4.170048469387755419e-01 -3.599489130434782580e-01 -1.430686272439281870e-01 1.740997828571428652e-01 6.332857704569606616e-01 -2.680038247863247847e-01 -3.562051525054465984e-01 -1.493585792349726715e-01 5.974203804347826274e-01 -2.472922282608695510e-01 -4.162889033659066262e-01 -2.810245484221980949e-01 -4.015232570806099854e-01 4.967609477124184103e-01 -3.999102611534275931e-01 -2.361876822633296735e-01 5.819184934497817485e-01 -2.753955798687089396e-01 -2.125665899122806957e-01 -2.519512513721185454e-01 6.389369120879121455e-01 -3.290290099009900993e-01 -1.352905714285714267e-01 4.964029625550661629e-01 -8.446714443219403845e-02 4.289101545253863890e-01 -1.805438410596026666e-01 6.246475000000000222e-01 -2.789741383219954685e-01 6.440925494761350345e-01 -4.476262893982808078e-01
-3.993994979647217947e-01 -1.254147630057803331e-01 -2.949302808988763513e-01 -1.522129933481153052e-01 -1.556573421926910061e-01 -2.266775245365321434e-01 -3.286016396979503651e-01 -2.067472671443193188e-01 -1.636755947580645076e-01 0.000000000000000000e+00 -2.388096930693069386e-01 -3.048414341846757969e-01 -4.290881669865643233e-01 -1.145197243346007671e-01 -2.501189828897338874e-01 -1.471888224121557232e-01 -8.962755703422053966e-02 -4.450626875593542420e-01 -2.458718423551757015e-01 -1.483960968660968938e-01 -3.233420132953466752e-01 -3.409695817490493996e-01 -1.657381286549707566e-01 -2.089510735009671161e-01 -4.182043684710350789e-02 -2.207387464387464138e-01 6.558481481481480413e-02 -2.390748288973383595e-01 -3.530320892687559553e-01 -5.027148812915478437e-01 -1.368912915479582049e-01 -4.519990788224121925e-01 -3.364494296577946741e-01 -1.991744486692015037e-01 -1.494112820512820683e-01 -4.542160588793921483e-01 -1.408571836346336481e-01 -1.611719704433497435e-01 -4.387176482412061262e-01 -2.685551331967213629e-01 -2.392376643990929974e-01 -1.510018575851393430e-01 -3.730907068607068888e-01 -4.376688559322033378e-01 -8.293471398305084230e-02 -1.525996832101372824e-01 -2.385476793248945127e-01 -4.079776712328766486e-01 -4.068155543822597475e-01 -4.704207089947089471e-01 -1.373734566596194473e-01 -4.732738859556493982e-01 -3.515002111932418183e-01 -1.380387685774946693e-01 -3.873708289054197396e-01 -3.521566560170393823e-01 -3.499994776119403350e-01 -2.175801707577374455e-01 -4.616850641025640467e-01 -3.449280876068375190e-01 -1.636138181818181936e-01 1.277060855614972901e-01 -1.181333440514469174e-01 -3.089064876476906862e-01 -1.321170162162162154e-01 -4.282171302428255388e-01 -1.813037015945329899e-01 -4.474570185449358029e-01
-3.425314090287277513e-01 -1.280017948717948606e-01 -3.198645073612683132e-01 1.936986592178772254e-02 -1.454108370535714123e-01 -2.469186666666666266e-02 -2.499327912087911940e-01 -2.467030937499999910e-01 -1.033537435897435713e-01 -2.388096930693069386e-01 0.000000000000000000e+00 -2.581359695817490585e-01 -3.723099351851852368e-01 -1.452343434343434346e-02 -2.476833976124885039e-01 7.454055045871575864e-03 -3.237226813590449951e-03 -3.871352752293578670e-01 -1.372847064220183155e-01 -4.785651376146770990e-03 -2.502834678899082954e-01 -3.156828650137741277e-01 -4.430984976525820240e-02 -1.335730999066293279e-01 -1.641405871559632745e-01 -4.863390825688072849e-02 -1.593162935779816325e-01 -4.154587695133148822e-02 -2.467417247706422123e-01 -4.624285137614679297e-01 -1.874864220183485031e-02 -3.922036788990825307e-01 -3.538705050505050465e-01 -5.291151515151514689e-02 -8.796348623853200710e-03 -4.311022844036697665e-01 -1.890391727941176381e-01 -3.292696479543291005e-02 -5.455976176470587191e-01 -2.127555811623246251e-01 -1.552328268156424607e-01 -4.990848484848475590e-03 -3.125938900203666382e-01 -3.981745124481327336e-01 -1.984633264033263955e-01 6.041768355739413066e-03 -2.727173966942148531e-01 -3.502330340557275323e-01 -3.358631979166666892e-01 -4.191905329153605142e-01 1.319691022964510942e-02 -4.111386027111574859e-01 -3.017484462982273352e-01 -2.274198952879572400e-03 -2.776515094339622736e-01 -2.546334558823529215e-01 -2.712870693277311118e-01 -1.810002103049420177e-02 -3.822007368421052043e-01 -2.785882526315789365e-01 1.151663856691254907e-02 -1.795888489968321122e-01 -1.840895855472900536e-02 -2.349433723404255603e-01 3.034738758029980124e-02 -3.500020742358078696e-01 -2.004151241534988734e-02 -3.251963884892086210e-01
-2.677750482758620709e-01 -3.864514906103286296e-01 -1.849676396807297674e-01 -3.677443757030371407e-01 -4.295251797752808742e-01 -3.992638053097345430e-01 -3.410521991247264517e-01 -2.826789937759335847e-01 -3.312864529058116014e-01 -3.048414341846757969e-01 -2.581359695817490585e-01 0.000000000000000000e+00 -5.915709180918092835e-01 -4.453157857142857057e-01 -2.938057142857142812e-01 -3.501571900089205935e-01 -4.525704732142856179e-01 -6.119113737734165337e-01 -3.102338537020517539e-01 -3.787586619090097528e-01 -5.173253256021408397e-01 -2.990844107142857089e-01 -3.946032728921123889e-01 -3.082555353901996198e-01 -2.852328189116860035e-01 -3.998858786797502285e-01 -2.918259768064228599e-01 -3.993948660714285448e-01 -5.125501516503122579e-01 -2.546942194469223320e-01 -2.554642105263157936e-01 -6.161613559322034472e-01 -2.469415982142857124e-01 -3.814930178571429020e-01 -3.672283229259589166e-01 -2.078707314897413061e-01 -3.154327077747989261e-01 -3.083952287581699370e-01 -6.619179884504331479e-01 -4.110730469530470277e-01 -3.633354233654876309e-01 -4.082523363544813821e-01 -5.556241624365482190e-01 -3.053432988624611988e-01 -2.758085803108808465e-01 -3.581259999999999444e-01 -3.825858702368691855e-01 -5.508020576131686941e-01 -2.492032987551867085e-01 -2.415360208333333092e-01 -2.369357336108220691e-01 -2.648103846153846419e-01 -3.243948544698544989e-01 -3.662619937369520073e-01 -5.189274058577405535e-01 -3.940198742138364407e-01 -4.327543710691824086e-01 -4.004408604407135308e-01 -2.932714180672268967e-01 -2.599101995798319686e-01 -2.680592534174552899e-01 -2.799066596417281727e-01 -2.492534745762711723e-01 -3.804317197452228849e-01 -3.521327991452991024e-01 -3.035459368191721352e-01 -4.193709234234233585e-01 -5.571916426512968368e-01
-1.515948211920530031e-01 -5.542828004535147457e-01 -2.284279713340683915e-01 -5.542286507072905488e-01 -5.276298804347825389e-01 -5.888797856377278039e-01 -5.156057370095440406e-01 -3.488382762096773893e-01 -4.897808043694141800e-01 -4.290881669865643233e-01 -3.723099351851852368e-01 -5.915709180918092835e-01 0.000000000000000000e+00 -5.832428111401217752e-01 -5.026639077458660010e-01 -5.136871801566580409e-01 -5.910260278745644857e-01 -9.076772497824193708e-01 -3.303009399477807029e-01 -5.343118537859006256e-01 -8.646021932114882347e-01 -2.199199128919860913e-01 -5.586846785714284502e-01 -5.252013982300884898e-01 -4.171971801566580207e-01 -5.652094516971278848e-01 -4.518865274151436240e-01 -5.666499041811845494e-01 -7.723899651871192207e-01 4.998877284595287969e-03 -4.180178416013925480e-01 -9.101803829416884595e-01 -2.251786672473868045e-01 -5.453343641114982709e-01 -5.151593559617058116e-01 4.713928633594429568e-02 -4.772260680034874358e-01 -4.614994722474977662e-01 -8.452981554307116285e-01 -6.489462001943635538e-01 -5.594900757575758110e-01 -5.929348188050930224e-01 -8.091024852071007079e-01 -1.696574497991968078e-01 -4.273281369587110246e-01 -5.533923346693386813e-01 -6.116976576576574898e-01 -8.358458700000001018e-01 -1.223042280524722497e-01 -3.447148785425102613e-02 -4.235548129423660213e-01 -5.768472727272728334e-02 -3.543959090909090670e-01 -5.732792393509127393e-01 -8.012649796747968178e-01 -5.637118940936863831e-01 -6.521097148676171518e-01 -6.035286136595311435e-01 -1.537444489795918301e-01 -1.949521632653061221e-01 -4.623883656792645569e-01 -4.558853633572160224e-01 -4.275020185375900672e-01 -5.554968627450981300e-01 -5.476616095534786455e-01 -1.764693015873015636e-01 -6.057068087431694003e-01 -8.075658113730929122e-01
-2.757526998689384112e-01 7.825977777777779476e-01 -4.860825982532751000e-01 9.245002693965518326e-01 5.268469860064585175e-01 9.186452598091199295e-01 -1.343177964323189755e-01 -1.778181836327345222e-01 5.971094198623402294e-01 -1.145197243346007671e-01 -1.452343434343434346e-02 -4.453157857142857057e-01 -5.832428111401217752e-01 0.000000000000000000e+00 -7.943743965517241490e-02 8.985581724137929882e-01 9.201796635030198290e-01 -6.395596120689654995e-01 4.866824310344827209e-01 9.017433620689655482e-01 -2.544848534482758717e-01 -1.749006125970664349e-01 7.687881255526083368e-01 7.290231375985978257e-02 -1.684487499999999804e-01 8.286961637931034019e-01 -9.738375862068965327e-02 9.220434339948232472e-01 -2.094590344827585993e-01 -4.639918965517242366e-01 7.549320258620690893e-01 -6.476276379310343945e-01 -3.678211647972390308e-01 8.365398446937014620e-01 8.726507327586205953e-01 -5.514440517241380180e-01 -8.631706390328150458e-02 7.380558828828828188e-01 -3.627061595547310113e-01 -8.669703846153843652e-02 3.058798395721925578e-01 8.911074321705427792e-01 -2.861453853658535995e-01 -3.454255412115193602e-01 -1.601148007968127285e-01 8.650346085232905047e-01 -2.996040594059405926e-01 -4.722994955489614455e-01 -2.385508882235528871e-01 -4.047268768768768621e-01 8.618754599999999266e-01 -3.883652647352647813e-01 -2.204781018981018803e-01 8.677411334002007592e-01 -3.242793969849245839e-01 -1.699796072507552547e-01 -2.267181955645160840e-01 9.112070232088800292e-01 -2.921946565656565187e-01 -2.721218181818181245e-02 8.155617896865521299e-01 -4.081101317122593636e-02 7.323058307849134030e-01 -1.582645556690500110e-01 9.050013360739980195e-01 -2.790590471204188461e-01 9.091631675675677648e-01 -5.013277397260273993e-01
-2.859554319371727660e-01 -1.522706950672645942e-01 -2.595014067611777220e-01 -3.358607104413345590e-02 -1.533874193548387388e-01 -4.769663135593218972e-02 -2.723806289308176587e-01 -2.758510069790627850e-01 -1.298085265225933094e-01 -2.501189828897338874e-01 -2.476833976124885039e-01 -2.938057142857142812e-01 -5.026639077458660010e-01 -7.943743965517241490e-02 0.000000000000000000e+00 -4.232679586563306562e-02 -9.082922413793101390e-02 -5.106112747631352811e-01 -7.528124031007750461e-02 -6.171024117140393866e-02 -3.861618087855297476e-01 -2.953738793103448113e-01 -9.542840106007065282e-02 -1.732566112084062970e-01 -2.392305943152454595e-01 -9.016109388458225238e-02 -2.407835055986218553e-01 -6.427646551724135182e-02 -3.717563738156761666e-01 -3.542706718346252948e-01 -4.555664082687337774e-02 -5.088599483204133689e-01 -3.248856034482758837e-01 -7.902169974115617890e-02 -5.195487931034480089e-02 -3.310673706896551938e-01 -2.514237651122625539e-01 -9.688437837837839128e-02 -5.934010111317253866e-01 -3.054383173076922753e-01 -2.145848128342245920e-01 -6.284658914728681600e-02 -4.292823707317073856e-01 -3.385325223435948216e-01 -2.367247709163346758e-01 -5.643106045589690173e-02 -3.429264851485148147e-01 -4.714713550939664266e-01 -2.635172255489022231e-01 -2.934889889889889525e-01 -1.104439999999998895e-02 -3.127526573426573919e-01 -3.261273926073926521e-01 -7.339597793380138457e-02 -4.458962110552764369e-01 -3.119088519637462364e-01 -3.601963306451612667e-01 -5.601798183652875046e-02 -3.184069191919192132e-01 -2.520904242424242270e-01 -3.423331648129421256e-02 -2.222502634245187292e-01 -4.644643221202853639e-02 -2.861132482124617016e-01 -2.202191161356626195e-02 -3.528420209424084075e-01 -4.090089729729727563e-02 -4.172871819425444384e-01
-1.850349869109947087e-01 7.228158744394617141e-01 -4.271803271537621960e-01 9.412013024757804880e-01 5.551623870967742347e-01 9.311392161016951441e-01 -6.721502096436056395e-02 -1.384199800796812596e-01 5.972850539744847254e-01 -1.471888224121557232e-01 7.454055045871575864e-03 -3.501571900089205935e-01 -5.136871801566580409e-01 8.985581724137929882e-01 -4.232679586563306562e-02 0.000000000000000000e+00 9.256313253012047326e-01 -5.583373172828890452e-01 4.903357093723130222e-01 8.972657437661221147e-01 -2.688484092863284158e-01 -1.101592771084337063e-01 7.712331834215166992e-01 1.645025437062937468e-01 -1.701566981943250234e-01 8.361759243336198688e-01 -1.467126569217540866e-01 9.324445524956972431e-01 -1.517270077386070337e-01 -3.726923903697333951e-01 7.132664660361136555e-01 -5.624949269131556129e-01 -3.167140017211703684e-01 8.055448578811369442e-01 8.885955593803785968e-01 -4.669269018932874493e-01 -5.976616379310342037e-02 7.175399730215826777e-01 -3.148791388888889098e-01 -4.094508637236082826e-02 3.597919637139807558e-01 9.031505415860736630e-01 -2.431046393762182900e-01 -2.706989880952380689e-01 -1.757256958250496826e-01 8.698913649851632846e-01 -2.153530138339920519e-01 -4.190121421520237588e-01 -1.963697011952190985e-01 -3.535749850149850215e-01 8.412510379241516789e-01 -3.259133200398803276e-01 -1.698884945164506055e-01 8.587849249249249750e-01 -2.688971313941825314e-01 -1.245733467336683220e-01 -1.625602515090542877e-01 9.176028398791541418e-01 -2.203851108870967801e-01 1.077798387096776632e-02 8.082768213925328737e-01 -1.082820626895854288e-01 6.991029908443538998e-01 -8.620049949031598213e-02 9.111826256410255898e-01 -2.010535214211076060e-01 9.136058036677455751e-01 -4.461018144611186287e-01
-2.833124770642201917e-01 8.157645903479237015e-01 -4.899790938864628798e-01 9.525089547413795321e-01 5.289723789020451816e-01 9.475183881230118121e-01 -1.439006295907659938e-01 -1.863979262213359966e-01 6.261158979391560075e-01 -8.962755703422053966e-02 -3.237226813590449951e-03 -4.525704732142856179e-01 -5.910260278745644857e-01 9.201796635030198290e-01 -9.082922413793101390e-02 9.256313253012047326e-01 0.000000000000000000e+00 -6.488605851979345474e-01 4.994628313253012264e-01 9.307876678141134841e-01 -2.546432358003442031e-01 -1.658251248923341969e-01 7.906317813051146892e-01 5.970407699037621335e-02 -1.489246127366609385e-01 8.496183562822718915e-01 -9.561206540447503288e-02 9.465285628227194659e-01 -1.966721944922546761e-01 -4.666938898450945783e-01 7.805577969018934192e-01 -6.571118846815833248e-01 -3.705146683893196236e-01 8.703059224137931205e-01 8.986014125753659654e-01 -5.573015590008613129e-01 -8.341735979292494441e-02 7.727399099909991742e-01 -3.670594068582020419e-01 -8.623338136407297794e-02 3.289635752401280921e-01 9.188140464666023632e-01 -2.830424853801168927e-01 -3.515768222442899327e-01 -1.643190049751243886e-01 8.910018316831683771e-01 -2.987234915924826262e-01 -4.761468774703557227e-01 -2.365812662013958012e-01 -4.137150449550449638e-01 9.005969430569431555e-01 -3.944619960079839838e-01 -2.278801596806387109e-01 8.939845090180361664e-01 -3.244115060240963522e-01 -1.648393158953722071e-01 -2.136284592145014927e-01 9.384994455645163658e-01 -3.022503128153380958e-01 -1.990697275479313619e-02 8.439365454545455503e-01 -5.968825910931172159e-03 7.728537270875763809e-01 -1.717469693877551051e-01 9.237970328542095544e-01 -2.690361192468619378e-01 9.376100970873788576e-01 -5.145615163934426084e-01
-1.590837696335078433e-01 -5.846991479820627946e-01 -2.271768375136314078e-01 -5.873685898815930173e-01 -5.667108172043010539e-01 -6.232556885593221185e-01 -5.179508490566038237e-01 -3.585763545816733067e-01 -5.107835328753679294e-01 -4.450626875593542420e-01 -3.871352752293578670e-01 -6.119113737734165337e-01 -9.076772497824193708e-01 -6.395596120689654995e-01 -5.106112747631352811e-01 -5.583373172828890452e-01 -6.488605851979345474e-01 0.000000000000000000e+00 -3.823987188306104401e-01 -5.824893637145313052e-01 -9.091818142734304775e-01 -2.057330034423408005e-01 -5.789833862433862999e-01 -5.547019055944055754e-01 -4.349611006018915815e-01 -6.152719088564058136e-01 -4.688297850386930476e-01 -6.205068416523235042e-01 -7.998290369733448424e-01 3.313466036113498631e-02 -4.519547549441100820e-01 -9.304278847807394559e-01 -2.130216351118760787e-01 -5.840943066322135113e-01 -5.691949397590362336e-01 6.626088640275386299e-02 -5.126168275862069690e-01 -5.043289658273382159e-01 -8.761737037037037323e-01 -6.627129942418426012e-01 -5.689772785485592843e-01 -6.140278143133461874e-01 -8.221926120857701026e-01 -1.689949107142857121e-01 -4.334689562624254311e-01 -5.736540158259150202e-01 -6.169211561264822397e-01 -8.370663376110563103e-01 -1.133822310756971985e-01 -2.886798201798202249e-02 -4.374325249500997659e-01 -5.651514456630109956e-02 -3.606883748753738628e-01 -5.891395995995996060e-01 -8.131484854563693077e-01 -5.631702412060300977e-01 -6.573267002012072036e-01 -6.223793957703929181e-01 -1.514691229838709408e-01 -1.987743145161290359e-01 -4.716645711402623342e-01 -4.655651769464105860e-01 -4.365483519837232707e-01 -5.551579918450560980e-01 -5.683237846153844641e-01 -1.741147648902821310e-01 -6.262034735706580868e-01 -8.063844065484311319e-01
-2.625683769633507803e-01 2.867478811659192606e-01 -3.890300763358778835e-01 5.712406673842841398e-01 3.949899032258064602e-01 5.553721292372881813e-01 -1.462949475890985285e-01 -1.915240836653386292e-01 2.607020608439646892e-01 -2.458718423551757015e-01 -1.372847064220183155e-01 -3.102338537020517539e-01 -3.303009399477807029e-01 4.866824310344827209e-01 -7.528124031007750461e-02 4.903357093723130222e-01 4.994628313253012264e-01 -3.823987188306104401e-01 0.000000000000000000e+00 4.986228374892519577e-01 -2.238174032674118685e-01 -2.472523063683304267e-01 3.741472574955908570e-01 6.821215034965032870e-03 -2.457524763542562052e-01 4.169124505588994167e-01 -2.317255546001719679e-01 4.895390103270224058e-01 -2.059186758383490801e-01 -4.498246947549441321e-01 3.586637231298366868e-01 -3.850450730868443250e-01 -3.071515834767641895e-01 4.165440568475452521e-01 4.771696557659209081e-01 -5.131100688468157589e-01 -1.289280172413792835e-01 3.396048741007194338e-01 -4.786804259259259675e-01 -7.253185220729364835e-02 7.997209178228388560e-02 4.885008123791103052e-01 -1.561650682261208900e-01 -3.211617559523809451e-01 -2.312857654075546610e-01 4.578371216617210804e-01 -2.648450494071146188e-01 -2.553654689042447745e-01 -2.984184561752987741e-01 -4.168578021978022186e-01 4.288529241516966795e-01 -4.085754735792622161e-01 -1.746073479561316144e-01 4.182600200200200513e-01 -2.110793681043129089e-01 -1.891988140703517451e-01 -1.899958450704225255e-01 4.856449949647533293e-01 -2.924435483870967967e-01 -1.705569556451612956e-01 3.928658425832492473e-01 -2.264781698685540967e-01 3.474810376398780321e-01 -1.353206523955147733e-01 4.987847794871795859e-01 -3.093538349007314281e-01 5.145521574973032086e-01 -3.587999590723055521e-01
-2.135580497382198739e-01 7.629697757847532236e-01 -4.515827262813522092e-01 9.603253928955869378e-01 5.616370107526881261e-01 9.546417161016951258e-01 -8.077589098532492184e-02 -1.587000099601593439e-01 6.046965063788027894e-01 -1.483960968660968938e-01 -4.785651376146770990e-03 -3.787586619090097528e-01 -5.343118537859006256e-01 9.017433620689655482e-01 -6.171024117140393866e-02 8.972657437661221147e-01 9.307876678141134841e-01 -5.824893637145313052e-01 4.986228374892519577e-01 0.000000000000000000e+00 -2.563945313843508100e-01 -1.335327710843373372e-01 7.878729541446208851e-01 1.426938199300699373e-01 -1.784509716251074796e-01 8.413250644883920604e-01 -1.547696560619088446e-01 9.283634337349396803e-01 -1.651968357695614842e-01 -4.169682975064488151e-01 7.288333705932932283e-01 -5.914829578675837585e-01 -3.521728055077452124e-01 8.405644358311800124e-01 8.916425645438899039e-01 -5.183294234079173224e-01 -6.718455172413792531e-02 7.474812230215827080e-01 -3.211283333333333490e-01 -5.146453934740881364e-02 3.666892422625400716e-01 9.208001547388783292e-01 -2.482146588693956990e-01 -2.974615178571428098e-01 -1.811352882703777256e-01 8.960015331355095647e-01 -2.259147924901185600e-01 -4.293043534057255362e-01 -2.105734661354581316e-01 -3.705756243756243573e-01 8.762856586826346383e-01 -3.486105483549352124e-01 -1.882777966101694678e-01 8.920308908908909373e-01 -2.750817151454362786e-01 -1.320168542713567594e-01 -1.717751006036217221e-01 9.423154380664654495e-01 -2.416008770161290342e-01 7.604163306451632021e-03 8.308382845610493561e-01 -9.329316481294237795e-02 7.421540386571718884e-01 -1.046212640163098756e-01 9.355850769230770192e-01 -2.176154336468129336e-01 9.424826860841425402e-01 -4.576975852660299937e-01
-1.590261910994764383e-01 -2.520648654708519953e-01 -4.164081788440568421e-02 -2.514072551130247524e-01 -2.841845698924731489e-01 -3.053723834745762367e-01 -3.980439517819706619e-01 -2.302001394422310554e-01 -2.790359371933268107e-01 -3.233420132953466752e-01 -2.502834678899082954e-01 -5.173253256021408397e-01 -8.646021932114882347e-01 -2.544848534482758717e-01 -3.861618087855297476e-01 -2.688484092863284158e-01 -2.546432358003442031e-01 -9.091818142734304775e-01 -2.238174032674118685e-01 -2.563945313843508100e-01 0.000000000000000000e+00 -1.601413597246127418e-01 -2.833828306878306558e-01 -3.363769055944055286e-01 -3.055369131556319728e-01 -3.209693809114358976e-01 -3.483439122957867617e-01 -3.241589845094663969e-01 -7.179693379191743885e-01 -1.989814273430783043e-02 -3.054881083404986652e-01 -9.161972914875320395e-01 -1.088487263339070615e-01 -2.853458570198105226e-01 -2.551562736660929476e-01 1.034432358003442159e-01 -3.726838793103448566e-01 -3.106109712230216147e-01 -7.520206296296295667e-01 -5.396384548944337389e-01 -3.668689541088580586e-01 -2.812092069632494695e-01 -7.256143567251461812e-01 -1.793351091269841380e-01 -3.029877833001988208e-01 -2.787313452027694871e-01 -4.641294960474308118e-01 -7.765046989141164424e-01 -7.174868525896414828e-02 -9.208031968031972492e-03 -2.977499001996008476e-01 -4.681354935194416422e-02 -3.102477168494516824e-01 -2.929543543543542961e-01 -7.401548645937813253e-01 -5.003230452261306915e-01 -5.716039839034204872e-01 -3.167387411883182402e-01 -1.804727923387096644e-01 -1.668347580645161421e-01 -2.976338546922300821e-01 -3.555693731041456029e-01 -3.057149338758901602e-01 -4.315620285423037439e-01 -2.769956923076922761e-01 -1.571835005224660464e-01 -2.960284789644012649e-01 -7.552173669849930882e-01
-4.045573132372214942e-01 -2.850446464646465006e-01 -3.391350545851528064e-01 -1.075268857758620439e-01 -2.233030032292787903e-01 -1.867996182396606530e-01 -1.779875026232948798e-01 -3.239316550348952939e-01 -1.852027210216109776e-01 -3.409695817490493996e-01 -3.156828650137741277e-01 -2.990844107142857089e-01 -2.199199128919860913e-01 -1.749006125970664349e-01 -2.953738793103448113e-01 -1.101592771084337063e-01 -1.658251248923341969e-01 -2.057330034423408005e-01 -2.472523063683304267e-01 -1.335327710843373372e-01 -1.601413597246127418e-01 0.000000000000000000e+00 -1.660071668137687584e-01 -1.241720822397200247e-01 -2.960601204819276466e-01 -1.785799225473321539e-01 -2.815933993115317668e-01 -1.924897416020671381e-01 -2.127249655765920677e-01 -5.495916781411359642e-01 -9.762753872633389562e-02 -2.168904302925989680e-01 -4.130249267872523333e-01 -1.974146810344827585e-01 -1.102413608957794888e-01 -5.414398794142979421e-01 -2.169356169111302801e-01 -1.451437623762376061e-01 -6.041269972196477989e-01 -1.968588664745437034e-01 -2.011688461538461425e-01 -1.423826137463697905e-01 -2.116376097560975222e-01 -4.314340615690169245e-01 -2.493461194029850392e-01 -1.219404059405940488e-01 -2.521516320474777584e-01 -2.684113241106719228e-01 -3.859070887337985867e-01 -4.845173399999999631e-01 -7.223362637362637506e-02 -4.526458682634730835e-01 -3.753153992015967888e-01 -1.647281062124248130e-01 -1.877117469879517886e-01 -2.371175553319919416e-01 -1.372229103726082255e-01 -1.742969556451612612e-01 -4.260615539858728096e-01 -3.416797578203834562e-01 -9.475738383838383516e-02 -2.731064676113360012e-01 -1.098586761710794169e-01 -1.964690918367346661e-01 -9.511523613963038248e-02 -4.093934100418410438e-01 -1.590667170626349769e-01 -1.982261748633879772e-01
