0.000000000000000000e+00 -3.634115183246073438e-02 -2.473500000000000004e-02 -3.746048429319372153e-02 -3.969675392670157094e-02 -1.094672739187417948e-01 -1.632155963302752213e-02 -1.461427821522309593e-02 -9.210927694406546851e-03 -5.264925373134329151e-03 -3.794172366621067008e-03 -2.134591724137931135e-02 -3.220543046357615680e-02 -3.177243774574049079e-02 -5.023835078534031641e-03 -2.640346858638743105e-02 -2.237678899082567660e-02 -3.219085078534031363e-02 -1.549282722513089031e-02 -3.562793193717276458e-02 -2.235937172774869058e-02 -1.584883355176933128e-02 -3.656542857142856817e-02 -6.425167785234900397e-03 -6.587068062827225803e-03 -1.069276047120418793e-01 -1.639738219895287702e-03 -1.154882568807339277e-01 -2.303988219895287612e-02 -3.438170157068062838e-02 2.960540575916230030e-02 -3.307596078431371961e-02 -2.327571989528795515e-02 -8.213242463958060624e-02 -2.720706806282722004e-02 -3.348793193717277544e-02 -4.156141732283465118e-03 9.359904891304348523e-03 -2.161213438735178072e-02 -1.449852437417654960e-02 -1.328536731634183225e-02 -4.290703412073489792e-02 -3.606298153034300652e-02 -2.780317523056653403e-02 -7.642480106100794923e-03 -2.146696169088507106e-02 -1.215249669749009394e-02 -3.020725593667546519e-02 -2.287853368560105460e-02 -3.039310435931307300e-02 3.103233201581027251e-02 -3.040118577075098805e-02 -1.990239789196310977e-02 -3.133009271523179429e-02 -3.263549071618037506e-02 -1.446892430278884367e-02 -2.988322281167108893e-02 -9.470084880636603364e-02 -3.172292164674635206e-02 -1.120856763925729208e-02 1.736163346613545794e-02 2.176728723404251005e-04 2.790033288948069387e-02 -1.628368841544607440e-02 -1.592416107382550045e-02 -2.540535570469798152e-02 -6.172036734693877452e-02 -2.802068613138685924e-02
-3.634115183246073438e-02 0.000000000000000000e+00 -8.139847533632287024e-02 7.393061883408070800e-01 5.102650672645741015e-01 6.372277441077440763e-01 4.219094276094275536e-02 -1.738642696629212961e-02 5.085256794425087046e-01 -5.359820809248555529e-02 3.689097902097902143e-02 -5.137855633802816679e-02 -1.519724943310657994e-01 7.308607295173961127e-01 2.952950672645740168e-02 7.071324663677129863e-01 7.619995735129067027e-01 -1.562591367713005164e-01 3.362325672645739560e-01 7.322521076233182713e-01 -1.005112331838565187e-01 -1.808294051627378591e-03 6.581341599073001758e-01 1.456297709049255151e-01 -3.354181614349775742e-02 5.908936659192824958e-01 -4.305198430493274026e-02 6.172912345679011370e-01 1.552610986547083190e-02 -1.187819730941704066e-01 2.608424887892376587e-01 -1.521118497757847909e-01 -6.282593714927048323e-02 6.274328651685393554e-01 6.829725813692479885e-01 -1.284049719416386071e-01 1.140454443194600931e-02 3.463437775202781177e-01 -1.499328216704289007e-01 6.806364971751412141e-02 3.012301891551071864e-01 7.251604724409448366e-01 4.786338983050836271e-03 -7.744665536723163712e-02 -2.454744318181818069e-02 6.452583936651583585e-01 -1.781440045248868301e-02 -1.018856836158192614e-01 -3.697955832389580172e-02 -8.289106575963718637e-02 2.842351977401129659e-01 -8.439622598870057113e-02 -3.098212429378531529e-02 6.024098751418841546e-01 -7.239068181818194593e-03 -6.459920273348519239e-03 -1.448415051311290926e-03 6.644225997719497290e-01 -4.093501141552511463e-02 1.185885974914481673e-02 3.875019542857142674e-01 -4.763696796338672684e-02 2.405990034364260954e-01 5.310729357798164851e-02 6.858489491916858194e-01 -8.062782305005813249e-03 6.919648390941597338e-01 -1.025527994428969275e-01
-2.473500000000000004e-02 -8.139847533632287024e-02 0.000000000000000000e+00 -9.934608505997818972e-02 -8.429170119956379270e-02 -9.792329694323143041e-02 -2.674754366812226794e-02 -9.860349726775958015e-03 -3.876230248306997833e-02 -5.365910112359551995e-03 -6.437327293318233917e-03 -1.892376282782212010e-02 -3.035238147739801468e-02 -9.942205240174674385e-02 -1.149904034896401250e-02 -8.868512540894220308e-02 -9.241360262008734006e-02 -3.277640130861504686e-02 -3.733113413304252337e-02 -9.668731733914939785e-02 -9.520916030534351884e-03 -1.525715065502183249e-02 -8.606129504504504701e-02 -2.026389755011136218e-02 -7.487142857142857141e-03 -9.215754634678297030e-02 -6.364231188658669991e-03 -9.998518558951964563e-02 -3.069989094874591221e-02 -2.553856052344601751e-02 1.186236641221374150e-02 -3.303505997818974305e-02 -1.625300218340611225e-02 -8.847837158469945562e-02 -8.445803493449782762e-02 -1.758846069868995679e-02 -8.080809628008752202e-03 -1.783506756756756892e-02 -1.581037321624588488e-02 -2.208161538461538703e-02 -4.635196296296295593e-02 -1.020521058434399192e-01 -4.299356984478935884e-02 -2.552285555555555696e-02 -1.208953125000000219e-02 -7.664461111111110780e-02 -1.173326666666666719e-02 -2.666318534961154008e-02 -1.462203559510567158e-02 -2.275319599109131355e-02 1.190241953385127657e-02 -2.368955604883462782e-02 -1.717743618201997627e-02 -6.494412486064660150e-02 -3.350010044642857260e-02 -1.851459731543624032e-02 -2.778750279955206903e-02 -9.920497200447928043e-02 -3.016590807174887590e-02 -1.190013437849943810e-02 -1.931581369248035543e-02 -5.128179775280900313e-03 1.243502812148481601e-02 -2.624209459459459631e-02 -7.944187074829929529e-02 -2.788737986270023103e-02 -9.573214536928487117e-02 -2.890004155124653584e-02
-3.746048429319372153e-02 7.393061883408070800e-01 -9.934608505997818972e-02 0.000000000000000000e+00 4.708827879440258268e-01 6.887467241379309213e-01 2.060289870689655661e-02 -5.403462783171520192e-03 4.672003229398663526e-01 8.666419068736141637e-03 4.404032402234636656e-02 -4.749164229471315030e-02 -9.951427638737755932e-02 6.833185237068964968e-01 4.407708288482238557e-02 6.686042088266953565e-01 7.133178125000000369e-01 -1.090035737351991024e-01 3.334005705059204239e-01 7.084890742734122338e-01 -1.751252960172228201e-02 -9.226088362068963697e-03 6.423643555555554885e-01 6.471623076923077589e-02 4.813358449946178626e-03 6.364817868675993751e-01 2.440517761033368996e-02 6.819962823275861341e-01 4.913271259418731246e-02 -1.104710118406889013e-01 2.574456512378902051e-01 -1.087478148546824203e-01 -5.041524784482757926e-02 6.409137432578209115e-01 6.346894181034482552e-01 -1.227037715517241140e-01 2.750007559395248324e-02 3.445666777777777745e-01 -9.498906825568798062e-02 7.756607375271148963e-02 2.709847195121951047e-01 7.180024427480915516e-01 5.904129385964913129e-02 -7.100957048458150789e-02 1.395457458563536049e-02 6.227382967032966121e-01 -2.834845054945054482e-02 -5.470369923161359088e-02 -3.023519251925192025e-02 -7.815427312775330426e-02 2.859004510451045311e-01 -7.162029702970296174e-02 -9.300330033003297026e-03 5.656154475138122084e-01 2.747686946902656163e-02 1.096325942350332740e-02 2.655128745837958062e-02 7.033819422863484272e-01 -3.575261111111111695e-02 2.004027746947835767e-02 3.879525250278087478e-01 3.441413140311804647e-02 2.515158305462653066e-01 1.693382812500000140e-02 6.422714831460674123e-01 -2.473414965986393821e-02 6.937231395348836260e-01 -6.299248275862066870e-02
-3.969675392670157094e-02 5.102650672645741015e-01 -8.429170119956379270e-02 4.708827879440258268e-01 0.000000000000000000e+00 5.134013347685683071e-01 8.019817007534986789e-03 -9.453523706896550111e-03 2.893767074527253125e-01 -2.254407530454042609e-03 1.180143973214285540e-02 -5.322482022471909657e-02 -7.487902173913044135e-02 5.116995263724434251e-01 1.309863440860215000e-02 4.413825591397849135e-01 5.259100215285252844e-01 -8.677781720430106926e-02 2.404201612903225649e-01 4.806661075268817696e-01 -3.141205376344086142e-02 -2.059993541442410939e-02 4.580384905660377370e-01 4.560697036223929773e-02 -5.777139784946235326e-03 4.793784946236558930e-01 2.191795698924731747e-03 5.048574703982776635e-01 5.396645161290321638e-03 -8.268613978494622485e-02 1.592133655913978152e-01 -8.592473118279569944e-02 -4.269370290635090409e-02 4.674541918103448102e-01 4.105710548977394847e-01 -9.424083961248652663e-02 8.047206040992450210e-03 2.225429078801332006e-01 -7.824104978354978757e-02 4.106682556879740625e-02 7.411419001218026714e-02 5.024643899782134104e-01 6.020055859802848908e-02 -5.820470847084708438e-02 2.072373068432672473e-03 4.100466849615807541e-01 -2.118301866081229168e-02 -4.866314692982454809e-02 -3.458151648351647650e-02 -5.467195819581958244e-02 1.720045054945054663e-01 -5.820076923076922953e-02 -1.337649450549450482e-02 3.853019205298013339e-01 -8.476574585635356790e-03 -5.318228128460683428e-03 3.500942350332600112e-03 5.283074057649667088e-01 -3.489554938956714036e-02 -2.397915742793789180e-03 2.348978999999999928e-01 6.808531701890991987e-03 1.581155122494432019e-01 8.769442586399112116e-03 4.299470707070706665e-01 -3.543626274065684451e-02 5.107773286875725294e-01 -6.341238620689654271e-02
-1.094672739187417948e-01 6.372277441077440763e-01 -9.792329694323143041e-02 6.887467241379309213e-01 5.134013347685683071e-01 0.000000000000000000e+00 5.879256355932203221e-02 -8.719280254777068973e-02 3.777603943044906543e-01 -6.091866957470010863e-02 -4.315925555555556042e-02 -7.995139380530973117e-02 -6.297983922829580861e-02 8.562764581124071572e-01 -4.224956567796610274e-02 6.353087394067796767e-01 9.185315482502650619e-01 -7.281161016949151688e-02 2.563875317796609488e-01 7.326712182203388712e-01 -6.368182203389828600e-02 -9.892324496288441849e-02 7.562122622950819828e-01 2.008639459459459486e-01 -6.005055084745762606e-02 8.772860063559321242e-01 -5.188717161016949408e-02 9.471733510074232809e-01 7.422830508474577427e-02 -2.091994279661016920e-01 9.429170550847454368e-02 -6.645938559322032979e-02 -1.107165429480381769e-01 8.259804352441614261e-01 5.844586214209966935e-01 -1.968901272534464286e-01 -4.703961742826780201e-02 2.676930607734806511e-01 -1.329579418103448152e-01 4.199879180151024766e-02 2.868840606060605869e-01 8.328112472885031980e-01 1.183910021786492711e-01 -1.503222100656455007e-01 -5.366169045005488719e-02 6.510472379912662921e-01 -7.062400655021833229e-02 -3.356133042529988592e-02 -1.259984480874317136e-01 -1.572343216630196772e-01 1.154298579234972477e-01 -1.590191147540983285e-01 -8.246746170678337373e-02 7.033741978021977870e-01 3.861454345434544438e-02 -3.316539140022050497e-02 3.981887417218545229e-03 9.423782339955849574e-01 -1.093876243093922507e-01 -8.956041942604855977e-02 2.775249004424778509e-01 -4.375852713178294412e-02 9.129050997782704735e-02 5.321879023307436035e-02 5.915564620535713747e-01 -8.995320945945944890e-02 8.858833140877597767e-01 -5.561803301237962932e-02
-1.632155963302752213e-02 4.219094276094275536e-02 -2.674754366812226794e-02 2.060289870689655661e-02 8.019817007534986789e-03 5.879256355932203221e-02 0.000000000000000000e+00 -1.372929621848739505e-02 2.520297941495124386e-02 -6.361057173678533183e-03 -2.995835164835164693e-03 -2.789032822757111368e-02 -4.257012725344644366e-02 6.171747114375656512e-02 -1.204650943396226408e-02 2.882647798742138390e-02 6.756218258132215548e-02 -4.224889937106917487e-02 1.187772536687630928e-02 4.094376310272536401e-02 -3.270445492662473613e-02 -1.228636935991605540e-02 5.490854054054054856e-02 -8.951016042780730354e-04 -9.530461215932914398e-03 4.885375262054508089e-02 -4.506436058700208705e-03 6.127538300104931612e-02 -1.632718029350104655e-02 -3.355051362683437316e-02 4.526457023060796725e-02 -4.357843815513626207e-02 -1.928759706190975864e-02 5.173250000000000071e-02 2.895598111227702318e-02 -3.335985309548793881e-02 -6.026456361724500527e-03 3.766813114754098690e-02 -2.656030949839914904e-02 -4.804855923159017349e-03 1.666439520958084425e-02 4.650751072961373245e-02 -1.721806034482758346e-02 -2.690413419913419840e-02 -7.195765472312703505e-03 4.333307775377969601e-02 -1.638376889848812065e-02 -3.195272923408845611e-02 -1.518789189189189044e-02 -2.364627705627704926e-02 5.346288648648648417e-02 -2.708050810810810893e-02 -1.176452380952380805e-02 5.716868478260869746e-02 -2.566067464635473153e-02 -1.280730643402398956e-02 -1.585353711790393055e-02 5.581749999999999212e-02 -2.631253551912568142e-02 -1.881997816593885446e-03 3.626669584245076350e-02 -4.461555312157724877e-04 4.642628289473683945e-02 -1.781588364434686864e-02 3.124120309050772495e-02 -3.092384187082405228e-02 5.864404109589041458e-02 -3.576048143053645045e-02
-1.461427821522309593e-02 -1.738642696629212961e-02 -9.860349726775958015e-03 -5.403462783171520192e-03 -9.453523706896550111e-03 -8.719280254777068973e-02 -1.372929621848739505e-02 0.000000000000000000e+00 -8.147965056526207395e-03 7.162763561924257935e-03 5.530999999999999459e-03 -1.772025933609958775e-02 -2.744354838709677294e-02 1.844031936127743347e-03 -4.945762711864406429e-04 1.136468127490040253e-02 1.697936191425721128e-03 -3.055137450199203394e-02 3.139760956175299215e-03 1.998458167330677618e-02 -9.747848605577690353e-03 -6.481595214356928626e-03 -2.846908904810644889e-02 -8.037106598984771963e-03 6.896683266932272099e-03 -4.752684262948207033e-02 1.133942231075697055e-02 -5.888635094715852225e-02 -3.301195219123506924e-03 -2.149368525896414028e-02 3.155185258964143813e-02 -3.102069721115537429e-02 -1.649274177467597094e-02 -3.721433133732534454e-02 3.724379860418743082e-02 -2.263782652043868152e-02 3.561478521478521255e-03 3.681891191709844857e-02 -4.040010449320795109e-03 4.951104100946385807e-04 6.331014150943405821e-04 -2.595531216931216620e-02 -3.467062832800851813e-02 -1.334380748663101593e-02 3.430996784565916967e-03 3.997654584221784781e-04 -3.808422174840089347e-04 -2.421261980830670749e-02 -9.612785485592315049e-03 -1.861216880341879862e-02 3.175899679829241595e-02 -1.885998932764141114e-02 -1.414456776947705524e-02 -1.441728831725616090e-02 -2.007730686695278696e-02 -7.974376344086021862e-03 -1.273069967707212043e-02 -7.649618945102260037e-02 -1.516926724137930907e-02 -5.025511302475772161e-04 1.755872707659115323e-02 1.492184665226782038e-02 3.035296216216216286e-02 -1.014523809523809605e-02 1.404180827886710586e-02 -1.329019999999999854e-02 -5.100183789954337160e-02 -2.081206611570247944e-02
-9.210927694406546851e-03 5.085256794425087046e-01 -3.876230248306997833e-02 4.672003229398663526e-01 2.893767074527253125e-01 3.777603943044906543e-01 2.520297941495124386e-02 -8.147965056526207395e-03 0.000000000000000000e+00 4.924516129032258278e-03 3.311408205128205801e-02 -2.095986973947895626e-02 -6.244430983118173101e-02 3.737290658800392906e-01 1.568212180746561893e-02 4.037585181550539803e-01 3.925152993130520129e-01 -6.636194308145239307e-02 1.757948871442590877e-01 4.097687046123650312e-01 -8.903375858684989264e-03 1.352030451866404956e-02 3.360605089820358771e-01 6.496821073558647908e-02 7.550284592737976745e-03 3.232567615309126507e-01 1.843916584887144230e-02 3.334398233562315683e-01 2.600941118743866146e-02 -5.001206084396466606e-02 1.559532679097154206e-01 -6.467443572129538687e-02 -2.639028487229862566e-02 3.363084365781710550e-01 3.988317681728880126e-01 -5.695852652259331822e-02 2.204607283464567538e-02 2.187134489795918568e-01 -5.487809523809524664e-02 5.722599788806758542e-02 1.948802171428571373e-01 4.197447502656748153e-01 1.478685897435897366e-02 -2.599681917211328977e-02 1.790385792349726696e-02 3.871770978260869467e-01 -6.109565217391308041e-04 -3.943981541802389634e-02 -1.288096844396082429e-02 -3.466168845315904107e-02 1.761769281045751367e-01 -3.567838955386289784e-02 -3.633046789989118844e-03 3.409308296943231453e-01 3.380974835886213503e-02 4.510679824561405343e-03 2.242779363336992043e-02 3.816162197802197564e-01 -9.744367436743674518e-03 2.043643956043956003e-02 2.494193502202643464e-01 2.162466372657111113e-02 1.509034768211920396e-01 4.538620309050772628e-02 4.121505000000000862e-01 1.681068027210884039e-02 3.895087892898720372e-01 -3.470057306590258045e-02
-5.264925373134329151e-03 -5.359820809248555529e-02 -5.365910112359551995e-03 8.666419068736141637e-03 -2.254407530454042609e-03 -6.091866957470010863e-02 -6.361057173678533183e-03 7.162763561924257935e-03 4.924516129032258278e-03 0.000000000000000000e+00 1.564850495049505130e-02 -4.733516699410609402e-03 -2.278423224568138644e-02 -4.197111216730037980e-02 9.003203422053230459e-03 1.147271604938271926e-02 -5.291572243346007176e-02 -2.560442545109211862e-02 5.968205128205126934e-03 -4.633665716999049028e-03 -5.434396961063629045e-03 2.087623574144485683e-03 -3.182339181286550356e-02 2.213887814313346240e-03 3.793989553656220565e-02 -5.739901234567900551e-02 5.122553656220322355e-02 -7.280503802281369785e-02 -9.463409306742640720e-03 -1.525257359924026695e-02 3.472076923076922866e-02 -2.774535612535612705e-02 -7.063754752851710873e-03 -3.451189163498099427e-02 1.874605887939221477e-02 -1.573265906932573913e-02 1.992394862036155762e-02 1.740765517241379609e-02 3.267359798994975278e-02 8.962110655737704282e-03 7.535181405895691360e-03 -3.399800825593395082e-02 -2.158525987525987400e-02 -5.474586864406780565e-03 3.117993644067796472e-02 -2.317529039070743253e-04 1.181667721518987399e-02 -1.733319283456269747e-02 -2.977634635691658871e-03 -1.182338624338624342e-02 3.956408033826638165e-02 -1.179103484688489960e-02 -1.485533262935586534e-03 -2.079675159235669021e-02 -1.515665249734325301e-02 -2.282236421725239352e-03 -7.904200426439234733e-03 -6.972791889007470822e-02 -8.967051282051283559e-03 5.529743589743589191e-03 1.930518716577539831e-02 6.232257754010695622e-02 3.663201500535906430e-02 -4.705316863587539339e-03 1.883298378378378546e-02 -1.100323399558498887e-02 -5.054454441913439761e-02 -1.916553495007132860e-02
-3.794172366621067008e-03 3.689097902097902143e-02 -6.437327293318233917e-03 4.404032402234636656e-02 1.180143973214285540e-02 -4.315925555555556042e-02 -2.995835164835164693e-03 5.530999999999999459e-03 3.311408205128205801e-02 1.564850495049505130e-02 0.000000000000000000e+00 -6.868041825095055723e-03 -1.339921296296296173e-02 -8.220826446280988381e-03 7.316602387511477942e-03 4.607156880733945248e-02 -1.715011937557391758e-02 -1.763644036697247647e-02 1.853683486238531797e-02 2.973291743119266251e-02 4.526174311926606068e-03 2.467401285583104183e-03 -5.172769953051630475e-04 4.671848739495798077e-03 1.908705504587155863e-02 -3.060490825688073901e-02 2.343556880733945261e-02 -4.774173553719008450e-02 7.131743119266054781e-03 -1.277409174311926361e-02 3.639926605504587714e-02 -1.791966972477063852e-02 -3.543103764921947101e-03 -1.284544536271809215e-02 4.495433944954128902e-02 -9.532486238532108733e-03 1.179166360294117526e-02 3.296390104662226539e-02 -2.133990196078431375e-03 7.385891783567133384e-03 2.387637988826815660e-02 4.520050505050507775e-03 -1.329838085539714922e-02 -4.892323651452282381e-03 1.403403326403326531e-02 3.321731127197517786e-02 4.199803719008264602e-03 -1.002991744066047443e-02 -7.715833333333328888e-04 -9.013814002089864941e-03 3.953653444676408918e-02 -1.024145985401459825e-02 -1.252033368091756563e-04 -9.292565445026175226e-04 -3.501781970649882228e-04 3.029821428571428162e-03 -2.404117647058823075e-03 -3.449866456361725536e-02 -5.802147368421052033e-03 6.569031578947367826e-03 3.267692307692307563e-02 2.511249208025343599e-02 4.136361317747077465e-02 2.612478723404255444e-03 5.918602783725911143e-02 2.493002183406114753e-03 -1.713934537246050022e-02 -1.088594244604316509e-02
-2.134591724137931135e-02 -5.137855633802816679e-02 -1.892376282782212010e-02 -4.749164229471315030e-02 -5.322482022471909657e-02 -7.995139380530973117e-02 -2.789032822757111368e-02 -1.772025933609958775e-02 -2.095986973947895626e-02 -4.733516699410609402e-03 -6.868041825095055723e-03 0.000000000000000000e+00 -4.512903690369036991e-02 -7.106339285714284582e-02 -1.547774107142857285e-02 -3.235514719000891909e-02 -7.437647321428571268e-02 -4.655123996431757144e-02 -2.995857270294379968e-02 -5.167399643175735885e-02 -4.483817127564674460e-02 -1.611733035714285611e-02 -5.442573889392566394e-02 -2.237554446460980270e-02 -8.257564674397860696e-03 -7.077007136485280459e-02 -4.371766280107047820e-03 -7.971082142857141561e-02 -4.006106155218554926e-02 -2.461401427297055938e-02 1.565308652988403257e-02 -4.754991079393398878e-02 -1.947248214285714554e-02 -6.760233035714285910e-02 -3.547017841213202100e-02 -2.349207850133809214e-02 -1.360453083109919650e-02 -9.868851540616245879e-03 -7.352367661212704658e-03 -2.124052947052947060e-02 -1.801991425509110595e-02 -6.734842900302114022e-02 -4.757875126903553936e-02 -2.283076525336090803e-02 -7.449098445595856571e-03 -3.967951546391752793e-02 -1.640184346035015311e-02 -3.894159465020576028e-02 -1.767157676348547757e-02 -2.106475000000000014e-02 1.758199791883454863e-02 -2.463488565488565485e-02 -2.045326403326403267e-02 -4.598637787056367859e-02 -3.231283472803347240e-02 -2.120743186582809206e-02 -3.245248427672955266e-02 -7.349958027282266215e-02 -2.361575630252100641e-02 -1.163385504201680694e-02 2.077392218717140273e-03 -7.418440463645948561e-04 1.791741525423728651e-02 -2.897778131634819176e-02 -2.976329059829059195e-02 -2.253783224400871671e-02 -7.713572072072071018e-02 -4.129605187319885379e-02
-3.220543046357615680e-02 -1.519724943310657994e-01 -3.035238147739801468e-02 -9.951427638737755932e-02 -7.487902173913044135e-02 -6.297983922829580861e-02 -4.257012725344644366e-02 -2.744354838709677294e-02 -6.244430983118173101e-02 -2.278423224568138644e-02 -1.339921296296296173e-02 -4.512903690369036991e-02 0.000000000000000000e+00 -6.834157528285465799e-02 -2.815806788511749856e-02 -7.664746736292427087e-02 -6.522302264808362005e-02 -5.604303742384682263e-02 -2.213933855526544620e-02 -9.101120974760661120e-02 -6.912044386422976083e-02 -2.374700348432055852e-02 -6.935051785714287098e-02 -3.650430973451327527e-02 -2.647955613577023665e-02 -5.318350739773715363e-02 -2.685041775456919327e-02 -4.997950348432054352e-02 -5.443081810269799481e-02 -3.112548302872062550e-02 1.796733681462141241e-02 -5.701405570060923134e-02 -2.625549651567943982e-02 -6.994681184668989637e-02 -8.451467362924280913e-02 -2.863057441253263544e-02 -2.310534437663470247e-02 -1.096502274795268551e-02 -2.375323033707864989e-02 -4.068543245869776781e-02 -5.678677489177488824e-02 -8.453861900097942028e-02 -5.253823471400394240e-02 -3.201056224899598290e-02 -2.666962739174219901e-02 -7.533341683366732988e-02 -2.990002002002001974e-02 -5.253054000000000057e-02 -2.429324924318869428e-02 -3.151071862348178015e-02 2.032756319514661403e-02 -3.226797979797979554e-02 -2.808388888888889087e-02 -6.048792089249493270e-02 -5.089597560975610280e-02 -3.085859470468431745e-02 -4.516849287169042576e-02 -7.246314984709480156e-02 -3.547620408163264932e-02 -1.381222448979591705e-02 -1.589277834525025523e-02 -2.667987717502559586e-02 1.595363542739444002e-02 -4.728730650154798487e-02 -8.513811007268949627e-02 -3.869034920634920049e-02 -7.691887431693988919e-02 -5.342183079056866263e-02
-3.177243774574049079e-02 7.308607295173961127e-01 -9.942205240174674385e-02 6.833185237068964968e-01 5.116995263724434251e-01 8.562764581124071572e-01 6.171747114375656512e-02 1.844031936127743347e-03 3.737290658800392906e-01 -4.197111216730037980e-02 -8.220826446280988381e-03 -7.106339285714284582e-02 -6.834157528285465799e-02 0.000000000000000000e+00 -1.394929310344827401e-02 5.762816379310343740e-01 8.405706039689385678e-01 -8.817771551724137846e-02 3.020634827586207161e-01 6.961089741379309359e-01 -3.750107758620689624e-02 -3.120522001725624731e-02 6.403570557029177879e-01 1.372802892199824765e-01 -3.385970689655172505e-02 7.667033275862067399e-01 -3.345745689655171828e-02 8.576004400345124123e-01 6.566404310344828299e-02 -1.058758103448275839e-01 1.438906465517241495e-01 -8.481052586206896948e-02 -7.691130284728213418e-02 7.309691026747195952e-01 6.133466206896551753e-01 -1.259010517241379301e-01 -1.770207253885998908e-04 3.277141801801801702e-01 -1.143320037105751419e-01 6.049555769230769570e-02 2.683867914438503033e-01 7.593518604651162685e-01 8.806515121951220826e-02 -6.003338629592848419e-02 -3.571333665338645436e-02 6.226485232903864464e-01 -3.076942574257425858e-02 -3.806909990108803266e-02 -5.015180638722554346e-02 -8.080713713713712221e-02 1.654362500000000069e-01 -8.558001998001996125e-02 -2.916232767232767101e-02 6.476789769307924605e-01 3.429553768844222084e-02 -3.773464249748234925e-03 2.079565524193548870e-02 8.500560242179616699e-01 -2.703290909090907621e-02 -1.874931313131312019e-02 2.936392113245702706e-01 -2.117995947315096453e-02 1.364727115188583140e-01 5.998663942798775767e-02 6.030700822199382971e-01 -1.765768586387433947e-02 8.138043027027026532e-01 -5.491809589041096035e-02
-5.023835078534031641e-03 2.952950672645740168e-02 -1.149904034896401250e-02 4.407708288482238557e-02 1.309863440860215000e-02 -4.224956567796610274e-02 -1.204650943396226408e-02 -4.945762711864406429e-04 1.568212180746561893e-02 9.003203422053230459e-03 7.316602387511477942e-03 -1.547774107142857285e-02 -2.815806788511749856e-02 -1.394929310344827401e-02 0.000000000000000000e+00 4.486576227390181443e-02 -2.613212931034483016e-02 -2.815078380706287353e-02 1.283040482342808104e-02 2.584686477174848521e-02 -1.585955211024978745e-02 -5.273465517241380553e-03 -1.129750000000000025e-02 -1.970761821366023934e-03 6.576503014642549362e-03 -3.614479758828595402e-02 1.208149009474590932e-02 -5.016468103448275956e-02 -1.442341085271317547e-02 -1.514339362618432293e-02 3.014037898363480100e-02 -3.002942291128337521e-02 -1.215340517241379412e-02 -2.570644521138912633e-02 4.531593965517241585e-02 -1.616912931034483053e-02 1.833359240069083870e-03 1.977217117117116563e-02 -3.574897959183673084e-03 -8.056346153846147447e-04 3.953262032085564162e-03 1.655406976744186942e-03 -2.913160975609756231e-02 -7.685302879841112052e-03 6.711215139442230741e-03 2.108862239841427164e-02 -5.473386138613861931e-03 -2.054407517309594575e-02 -4.489720558882234758e-03 -1.268269269269269375e-02 3.779684999999999989e-02 -1.240898101898101763e-02 -6.667462537462537017e-03 -1.316424272818455393e-02 -2.024727638190954720e-02 -6.457895266868076203e-03 -1.472361895161290388e-02 -3.787593340060544517e-02 -7.855454545454547410e-03 2.855060606060604890e-03 2.539280080889787586e-02 1.898322188449848291e-02 3.565443425076453288e-02 -6.486077630234932632e-03 5.355619732785200232e-02 -1.242826178010471294e-02 -1.852086486486486175e-02 -1.766993160054719514e-02
-2.640346858638743105e-02 7.071324663677129863e-01 -8.868512540894220308e-02 6.686042088266953565e-01 4.413825591397849135e-01 6.353087394067796767e-01 2.882647798742138390e-02 1.136468127490040253e-02 4.037585181550539803e-01 1.147271604938271926e-02 4.607156880733945248e-02 -3.235514719000891909e-02 -7.664746736292427087e-02 5.762816379310343740e-01 4.486576227390181443e-02 0.000000000000000000e+00 6.059276161790017046e-01 -8.493398968185725262e-02 2.627302923473774920e-01 6.136725709372312654e-01 -5.158976784178849473e-03 -6.398967297762463103e-04 5.288626543209876685e-01 5.990848776223776928e-02 1.082645743766122264e-02 5.396091573516766937e-01 2.223036973344798273e-02 5.757144750430291946e-01 6.615815993121237915e-02 -8.310353396388650560e-02 2.172031298366294272e-01 -8.417750644883920108e-02 -3.757917383820998103e-02 5.444699397071489644e-01 5.578258003442341240e-01 -9.679180722891565780e-02 3.274490517241379628e-02 3.144338219424460124e-01 -8.053681481481481108e-02 7.031629558541267755e-02 2.651183564567769491e-01 6.584767311411992008e-01 3.870552631578947494e-02 -6.342915674603173681e-02 9.711262425447316285e-03 5.965906429277941792e-01 -2.075499011857707271e-02 -4.809585389930896848e-02 -2.467473107569720728e-02 -7.619873126873126512e-02 2.647367664670658982e-01 -6.552123629112660552e-02 -6.775044865403786858e-03 5.611783083083083934e-01 2.239481444332999671e-02 1.013512562814070789e-02 3.192676056338028534e-02 6.604355589123866999e-01 -3.025334677419354301e-02 2.269612903225807013e-02 3.742327043390514807e-01 3.379537917087967885e-02 2.327083214649033338e-01 2.387911314984709349e-02 6.057619999999999116e-01 -2.302643678160919138e-02 6.568864401294498556e-01 -6.022641200545700985e-02
-2.237678899082567660e-02 7.619995735129067027e-01 -9.241360262008734006e-02 7.133178125000000369e-01 5.259100215285252844e-01 9.185315482502650619e-01 6.756218258132215548e-02 1.697936191425721128e-03 3.925152993130520129e-01 -5.291572243346007176e-02 -1.715011937557391758e-02 -7.437647321428571268e-02 -6.522302264808362005e-02 8.405706039689385678e-01 -2.613212931034483016e-02 6.059276161790017046e-01 0.000000000000000000e+00 -8.407116179001720979e-02 2.973401635111876384e-01 7.343188296041307517e-01 -4.393907917383820666e-02 -3.211357450473728559e-02 6.807755731922399134e-01 1.604096412948381456e-01 -5.019676419965576897e-02 8.302226936316695616e-01 -4.754646299483649557e-02 9.297871514629947320e-01 8.954845094664372340e-02 -1.093635972461273614e-01 1.239180981067125875e-01 -8.136798623063683233e-02 -8.055683893195521306e-02 7.672976724137930971e-01 6.332351851851851787e-01 -1.291438415159345543e-01 -5.505021570319236848e-03 3.327463816381638351e-01 -1.312868489341983136e-01 5.961842459173871678e-02 2.945192102454642358e-01 8.084700677637948196e-01 9.104328460038986492e-02 -5.902939424031777155e-02 -5.156384079601989551e-02 6.542421089108909626e-01 -3.326373887240355320e-02 -3.373868577075098130e-02 -5.569301096709869392e-02 -8.147408591408590584e-02 1.453691508491508633e-01 -7.977285429141715845e-02 -3.298524950099800124e-02 7.076348697394789777e-01 3.870904618473895026e-02 -8.107102615694162032e-03 3.070032225579053670e-02 9.229989616935483365e-01 -2.555137235116043334e-02 -2.497032290615539343e-02 3.150734444444444615e-01 -3.968346153846153551e-02 1.206631771894093735e-01 7.613558163265307654e-02 6.177926488706364516e-01 -1.481066945606683951e-03 8.777991154261057805e-01 -5.043572404371585161e-02
-3.219085078534031363e-02 -1.562591367713005164e-01 -3.277640130861504686e-02 -1.090035737351991024e-01 -8.677781720430106926e-02 -7.281161016949151688e-02 -4.224889937106917487e-02 -3.055137450199203394e-02 -6.636194308145239307e-02 -2.560442545109211862e-02 -1.763644036697247647e-02 -4.655123996431757144e-02 -5.604303742384682263e-02 -8.817771551724137846e-02 -2.815078380706287353e-02 -8.493398968185725262e-02 -8.407116179001720979e-02 0.000000000000000000e+00 -4.457061049011178111e-02 -1.064309888220120182e-01 -7.437552020636284400e-02 -2.465792598967297619e-02 -7.486626102292767704e-02 -3.827916958041958223e-02 -3.039586414445400245e-02 -7.394617368873601659e-02 -3.016958727429062612e-02 -6.757370051635110120e-02 -6.129294067067927315e-02 -3.109040412725709579e-02 1.508677558039553043e-02 -5.663619088564058462e-02 -2.847537005163511270e-02 -8.817540051679585711e-02 -1.032956712564543772e-01 -2.858111876075731042e-02 -2.818099999999999772e-02 -2.732613309352517963e-02 -2.571451851851851503e-02 -4.070200575815739047e-02 -5.761725720384204552e-02 -9.330771760154737970e-02 -5.639923976608186840e-02 -3.377219246031745031e-02 -3.027328031809145212e-02 -8.345929772502470867e-02 -3.128480237154149940e-02 -5.249192497532083335e-02 -2.465514940239043468e-02 -3.156664335664335214e-02 1.652701596806387119e-02 -3.272054835493518749e-02 -3.138921236291126321e-02 -6.814067067067067218e-02 -5.312736208625877532e-02 -3.272127638190953924e-02 -4.511576458752514923e-02 -7.918053373615308033e-02 -3.807097782258064833e-02 -1.538639112903225463e-02 -2.015002018163470840e-02 -2.870464105156724996e-02 1.257798575788402970e-02 -4.838041794087665631e-02 -9.378767179487176864e-02 -3.767204806687565050e-02 -8.340423948220064554e-02 -5.360353342428376272e-02
-1.549282722513089031e-02 3.362325672645739560e-01 -3.733113413304252337e-02 3.334005705059204239e-01 2.404201612903225649e-01 2.563875317796609488e-01 1.187772536687630928e-02 3.139760956175299215e-03 1.757948871442590877e-01 5.968205128205126934e-03 1.853683486238531797e-02 -2.995857270294379968e-02 -2.213933855526544620e-02 3.020634827586207161e-01 1.283040482342808104e-02 2.627302923473774920e-01 2.973401635111876384e-01 -4.457061049011178111e-02 0.000000000000000000e+00 3.083836629406706553e-01 -1.004809974204643082e-02 -2.682532702237521577e-02 2.088624074074073855e-01 2.268781468531468407e-02 5.542407566638004809e-03 2.251465606190885815e-01 1.104665520206363043e-02 2.554398278829603797e-01 1.133081685296647052e-02 -5.564963026655202899e-02 1.107364746345657763e-01 -4.107871023215821371e-02 -2.529865748709122369e-02 2.240249440137811743e-01 2.853242685025817460e-01 -5.907146299483648916e-02 1.322669827586206957e-02 1.592275089928057719e-01 -3.260634259259258955e-02 3.587790786948177185e-02 9.346807897545357513e-02 2.805131044487427228e-01 1.440740740740744383e-03 -2.383175595238094802e-02 1.050441351888668079e-02 2.631756577645895101e-01 -7.998270750988141498e-03 -1.360268509378084398e-02 -1.126925298804780720e-02 -3.062607392607391912e-02 1.338204590818363182e-01 -3.193963110667996652e-02 1.319451645064805521e-03 2.234609009009008995e-01 -2.196589769305833435e-06 1.158978894472361722e-02 -1.029791750503018105e-02 2.332324370594159035e-01 -2.462157258064517646e-03 2.062812499999998675e-03 1.494784460141271587e-01 2.172049544994944167e-02 1.196759511698880923e-01 1.692907237512742205e-02 2.813859589743589740e-01 -1.717700104493207966e-02 2.648215857605177859e-01 -2.228515688949522441e-02
-3.562793193717276458e-02 7.322521076233182713e-01 -9.668731733914939785e-02 7.084890742734122338e-01 4.806661075268817696e-01 7.326712182203388712e-01 4.094376310272536401e-02 1.998458167330677618e-02 4.097687046123650312e-01 -4.633665716999049028e-03 2.973291743119266251e-02 -5.167399643175735885e-02 -9.101120974760661120e-02 6.961089741379309359e-01 2.584686477174848521e-02 6.136725709372312654e-01 7.343188296041307517e-01 -1.064309888220120182e-01 3.083836629406706553e-01 0.000000000000000000e+00 -2.186720550300945767e-02 -1.642309810671255949e-02 5.893707583774250303e-01 7.330166083916084263e-02 -5.476603611349956796e-03 6.659197936371452631e-01 4.120025795356837064e-03 7.173782960413080945e-01 6.768976784178848405e-02 -1.126751762682716984e-01 2.162114875322442009e-01 -1.054406362854685975e-01 -5.754311531841650729e-02 6.390203703703704052e-01 6.318983734939759289e-01 -1.240933304647160035e-01 2.630513793103448489e-02 3.689691636690647369e-01 -8.814911111111112252e-02 7.353175623800384253e-02 2.826497331910352573e-01 7.039928723404254018e-01 5.209911306042884493e-02 -6.701840277777777743e-02 -1.612355864811133724e-03 6.363636102868446276e-01 -2.732878458498023272e-02 -4.872484698914114620e-02 -4.026481075697210116e-02 -8.158193806193807240e-02 2.549015768463073761e-01 -7.602957128614155902e-02 -1.021469591226320528e-02 6.127581181181180892e-01 3.527869608826480347e-02 5.569869346733672885e-03 3.742541247484910266e-02 7.536133434038265744e-01 -3.813405241935483025e-02 1.163012096774193246e-02 3.832554591321896686e-01 1.931787664307381414e-02 2.263381993896235733e-01 3.434262996941896129e-02 6.329948820512819596e-01 -2.338984326018808332e-02 7.340469147788564186e-01 -6.432403819918143528e-02
-2.235937172774869058e-02 -1.005112331838565187e-01 -9.520916030534351884e-03 -1.751252960172228201e-02 -3.141205376344086142e-02 -6.368182203389828600e-02 -3.270445492662473613e-02 -9.747848605577690353e-03 -8.903375858684989264e-03 -5.434396961063629045e-03 4.526174311926606068e-03 -4.483817127564674460e-02 -6.912044386422976083e-02 -3.750107758620689624e-02 -1.585955211024978745e-02 -5.158976784178849473e-03 -4.393907917383820666e-02 -7.437552020636284400e-02 -1.004809974204643082e-02 -2.186720550300945767e-02 0.000000000000000000e+00 -1.313666953528399434e-02 -3.392819223985890642e-02 -1.918419580419580481e-02 -1.094743766122098158e-02 -6.333950988822011074e-02 -9.268718830610492287e-03 -6.443105851979344378e-02 -6.651322441960447196e-02 -2.483410146173688909e-02 3.326446259673258854e-02 -7.372460877042130711e-02 -1.158638554216867567e-02 -5.805912144702840560e-02 -1.155338209982788300e-02 -1.220729776247848550e-02 -9.491784482758620911e-03 1.140438848920863509e-02 2.138148148148146291e-04 -2.242671785028790832e-02 -2.276963713980789672e-02 -3.660034816247581535e-02 -5.980242690058479998e-02 -2.700521825396825365e-02 -1.215922465208747576e-02 -2.150384767556874285e-02 -1.093405138339921014e-02 -5.963739387956563942e-02 -1.203667330677290863e-02 -1.943944055944055865e-02 3.659979041916167769e-02 -2.215715852442672051e-02 -2.310255234297108745e-02 -3.970028028028027567e-02 -5.428806419257774241e-02 -3.201584924623115253e-02 -4.327711267605633544e-02 -6.965116817724066600e-02 -3.049482862903225844e-02 -7.084042338709677956e-03 1.269979818365287588e-02 -1.059280080889787867e-02 3.271827060020345707e-02 -3.528002038735984086e-02 -5.006543589743591219e-03 -2.749771159874608156e-02 -4.890285868392663104e-02 -6.144349249658936224e-02
-1.584883355176933128e-02 -1.808294051627378591e-03 -1.525715065502183249e-02 -9.226088362068963697e-03 -2.059993541442410939e-02 -9.892324496288441849e-02 -1.228636935991605540e-02 -6.481595214356928626e-03 1.352030451866404956e-02 2.087623574144485683e-03 2.467401285583104183e-03 -1.611733035714285611e-02 -2.374700348432055852e-02 -3.120522001725624731e-02 -5.273465517241380553e-03 -6.398967297762463103e-04 -3.211357450473728559e-02 -2.465792598967297619e-02 -2.682532702237521577e-02 -1.642309810671255949e-02 -1.313666953528399434e-02 0.000000000000000000e+00 -3.190950573698146664e-02 -9.906185476815399307e-03 6.346299483648878666e-04 -7.674635972461274491e-02 5.847478485370051146e-03 -1.013799655469422856e-01 -2.380374354561101344e-02 -2.393641996557659135e-02 2.965187607573149808e-02 -2.602413941480206591e-02 -1.636758828596037579e-02 -5.926278448275861671e-02 7.229026701119752258e-04 -2.311106804478897311e-02 2.557247627264883603e-03 1.113801080108010703e-02 -1.279711770157553226e-02 -5.217195004803069610e-04 -5.419508547008545195e-03 -3.517893514036785768e-02 -2.570508292682926674e-02 -1.341582919563058703e-02 3.408965174129353209e-03 -1.144255445544554300e-02 -2.511196834817012655e-03 -2.038004940711462057e-02 -1.040123629112662054e-02 -2.056074000000000096e-02 3.579251748251748716e-02 -1.743097804391217573e-02 -1.213689620758483245e-02 -3.284639278557113795e-02 -1.602853413654618461e-02 -6.212997987927565760e-03 -1.133317220543806660e-02 -8.100432459677418817e-02 -1.750486377396569260e-02 -2.118647830474268325e-03 1.609156565656565813e-02 1.231355263157894557e-02 3.565682281059063402e-02 -9.250857142857144000e-03 7.384733059548256179e-03 -1.444537656903765836e-02 -6.103284017278617218e-02 -2.107340163934426358e-02
