0.000000000000000000e+00 1.135810209424083748e-02 2.280296858638743152e-01 1.777876047120419134e-01 2.199157722513088997e-01 1.937941415465268546e-01 3.524748623853210527e-01 1.817466404199475083e-01 7.806901773533425626e-02 1.473520217096336571e-01 1.739213953488372155e-01 4.346403862068965451e-01 7.147298410596026885e-01 2.323237221494102167e-01 2.589882853403141505e-01 1.699214397905759455e-01 2.453648885976408567e-01 7.118775654450262280e-01 1.275057460732984260e-01 1.864668848167539694e-01 6.865391753926701757e-01 2.050714154652686916e-01 1.944739047619047645e-01 1.995419060402684741e-01 1.553147382198952764e-01 1.988876701570680416e-01 1.258155104712042061e-01 1.879470380078637204e-01 5.588899083769633958e-01 2.817495942408376752e-01 -3.991753926701571177e-03 7.037547320261436923e-01 2.417263743455497493e-01 1.780018086500655405e-01 1.623975523560209355e-01 2.484512958115183690e-01 1.816109973753280982e-01 6.849884510869565235e-02 3.717382608695651847e-01 3.763735441370223422e-01 2.266481709145427292e-01 2.080083202099737572e-01 5.993656860158310673e-01 2.926812648221344126e-01 2.035730901856764030e-01 1.599728269484808341e-01 2.679778599735799238e-01 6.450101319261214439e-01 2.159348745046235363e-01 2.570228005284015960e-01 -1.465835309617918684e-02 2.701682476943346733e-01 2.916816996047431054e-01 1.588774966887417373e-01 5.923724005305038842e-01 3.997970517928287060e-01 4.845825198938992218e-01 1.823180769230769160e-01 3.054615139442231064e-01 1.861855039787798372e-01 4.385702523240371520e-02 1.187989893617021203e-01 -1.230439414114516171e-03 3.659831557922769152e-01 1.570813825503355743e-01 2.744210067114093987e-01 2.024234149659863702e-01 6.219151824817518159e-01
1.135810209424083748e-02 0.000000000000000000e+00 2.660852017937219774e-02 2.774263116591928480e-01 1.806623766816143617e-01 2.831805050505050714e-01 7.369551066217739851e-03 7.767357303370786559e-02 2.753912195121951401e-01 2.133126820809248536e-01 1.183749650349650295e-01 -5.007042253521126057e-02 -2.160077437641723108e-01 3.351142424242424256e-01 4.576272421524662376e-02 2.794392264573991591e-01 3.472786083052750161e-01 -2.276408520179372119e-01 1.891313116591928079e-01 2.837315807174887738e-01 -1.290240358744394467e-01 5.900643097643097634e-02 3.071064310544611708e-01 1.363506414662085109e-01 1.729121188340806692e-01 2.547703139013453022e-01 2.373274663677129859e-01 2.683289898989899003e-01 -9.561769058295963020e-02 -5.143697309417039759e-02 2.503762780269057631e-01 -2.213370291479820062e-01 3.236846240179571798e-03 2.798910674157303324e-01 2.599066666666666747e-01 -3.599640852974185512e-02 1.280848256467941315e-01 2.517040903823870024e-01 1.855095259593679546e-01 1.398414689265536567e-02 1.860070996216897921e-01 3.116883914510686915e-01 -1.123604632768361589e-01 -3.676238418079094683e-02 1.518443749999999759e-01 2.845162443438914446e-01 8.315587104072398594e-02 -1.827790508474576026e-01 2.087784824462060942e-02 -2.611782312925169797e-02 2.646622146892654848e-01 -3.180262146892655351e-02 -1.111589830508474472e-02 3.025894211123723587e-01 -1.303302840909091043e-01 -3.673143507972664173e-02 -7.275426453819838768e-02 2.895396237172177534e-01 -2.876958904109588877e-02 6.050181299885974695e-02 2.461481485714285267e-01 2.618926544622425800e-01 2.727185910652920597e-01 -1.496559633026683353e-05 2.936772748267899025e-01 6.959254947613911606e-05 2.988205244338498212e-01 -1.583266016713092139e-01
2.280296858638743152e-01 2.660852017937219774e-02 0.000000000000000000e+00 1.579592584514722120e-01 2.325472410032715376e-01 2.161252729257641947e-01 3.004528493449781235e-01 2.105823497267759470e-01 1.033802144469526119e-01 2.161641348314606581e-01 1.803464779161948195e-01 3.968002850627138645e-01 6.160262403528115049e-01 2.262810371179039548e-01 2.556131624863685614e-01 1.540465866957470009e-01 2.410136681222707633e-01 6.186850926935659745e-01 1.285475463467830037e-01 1.708049836423118917e-01 6.785177426390404110e-01 2.012041266375545756e-01 1.881118130630630714e-01 2.430444877505567869e-01 2.097824427480916021e-01 2.228477208287895639e-01 2.052247764449291190e-01 2.228309934497816891e-01 4.752005234460196514e-01 2.501012868047982063e-01 1.008297709923663965e-02 6.175294547437295556e-01 2.440168122270742479e-01 1.781915628415300934e-01 1.470866921397380456e-01 2.535874890829694084e-01 2.354818052516411409e-01 8.435902027027027128e-02 3.916935894621295100e-01 3.488781648351648168e-01 2.195241728395061487e-01 2.008817971334068420e-01 5.009044456762750119e-01 2.710896666666666732e-01 2.414298325892857144e-01 1.502106444444444577e-01 2.577329111111111293e-01 5.627647835738068816e-01 2.086683203559510646e-01 2.552271158129175710e-01 -4.222053274139846157e-03 2.396932519422863284e-01 2.716308435072142258e-01 1.440806688963210680e-01 5.060984263392857008e-01 3.523920805369127329e-01 4.144336506159014277e-01 2.100650951847704839e-01 2.848427354260089639e-01 1.679505935050392140e-01 5.615290684624017065e-02 1.941261460674157113e-01 2.007113610798649805e-02 3.482393468468468756e-01 1.372684807256235873e-01 2.460079977116704786e-01 2.123774560375146503e-01 5.774706925207756525e-01
1.777876047120419134e-01 2.774263116591928480e-01 1.579592584514722120e-01 0.000000000000000000e+00 5.593974703982776964e-01 4.480673491379310591e-01 1.992639331896551569e-01 1.662862675296655768e-01 3.915415590200445606e-01 1.896447671840354454e-01 1.960951173184357632e-01 8.496183352080989570e-02 6.890406964091404241e-02 6.883998275862071026e-01 1.327255005382131370e-01 7.309544348762109234e-01 7.099215625000000474e-01 5.680348762109796446e-02 4.005667922497308520e-01 7.395490742734122103e-01 9.141815931108719651e-02 1.725532327586207226e-01 5.658693555555556198e-01 2.325537032967033013e-01 1.643802691065661681e-01 4.166695586652313654e-01 1.795697416576964300e-01 4.153759482758619948e-01 1.919103121636168141e-01 1.509674703982777644e-01 2.431731431646931563e-01 6.232427341227125134e-02 1.669170150862069324e-01 4.363589644012944579e-01 7.104686099137930144e-01 1.660867780172413932e-01 1.553349460043196573e-01 3.213130333333332755e-01 1.982618959913326484e-01 1.807845661605206045e-01 3.921157926829267892e-01 6.826001853871319636e-01 1.526413925438596386e-01 1.571729405286343695e-01 1.627226629834253868e-01 6.327666483516484197e-01 1.538986263736263904e-01 9.300843029637761994e-02 1.792777447744774433e-01 1.706319933920704968e-01 2.523676127612760611e-01 1.544566446644664581e-01 1.555658085808580837e-01 5.269109944751381169e-01 1.465263384955752257e-01 1.395699999999999996e-01 1.254535183129855680e-01 4.426572475027746312e-01 1.791039888888889264e-01 1.823840732519423080e-01 3.602247719688543293e-01 1.888059688195990460e-01 2.408204793756967554e-01 2.097785937500000197e-01 7.048544157303370250e-01 1.918835147392290719e-01 5.748747906976744426e-01 9.028895172413793635e-02
2.199157722513088997e-01 1.806623766816143617e-01 2.325472410032715376e-01 5.593974703982776964e-01 0.000000000000000000e+00 3.440944886975241812e-01 2.580861356297093900e-01 2.021592241379310262e-01 2.818912569521691003e-01 2.255856589147286761e-01 1.987305803571428608e-01 1.780682808988764132e-01 2.449439673913043625e-01 5.628291280947256281e-01 1.980972473118279564e-01 5.469386881720430527e-01 5.831139181916039638e-01 2.373882043010752674e-01 3.980909032258064251e-01 5.543804516129031690e-01 2.333925806451613294e-01 2.063892357373519892e-01 4.364048834628191931e-01 2.502154884742041618e-01 1.992507204301075252e-01 3.234842258064515863e-01 1.874343978494623641e-01 3.168638858988159779e-01 2.667572688172043516e-01 2.570006129032258446e-01 1.757162795698924695e-01 2.421728817204301110e-01 2.342510979547901273e-01 3.323921982758620830e-01 5.030141657696447499e-01 2.704166953713670885e-01 1.929580690399137211e-01 2.351954384017758137e-01 2.659888528138528163e-01 2.245113867822318421e-01 2.691206699147381531e-01 5.341089760348584070e-01 2.895761007667031484e-01 2.350829042904290511e-01 2.017475165562913897e-01 4.748810867178924200e-01 2.363890669593853022e-01 2.349447807017543965e-01 2.525066373626373983e-01 2.788750715071507402e-01 1.725819340659340839e-01 2.574894395604395703e-01 2.333911318681318736e-01 3.996246578366445812e-01 2.624266740331491765e-01 2.305919269102990055e-01 2.296278381374722566e-01 3.389560643015521180e-01 2.593088790233074037e-01 2.078056541019955572e-01 2.604030222222222246e-01 1.834820689655172476e-01 1.789126280623607734e-01 2.611045373467112407e-01 5.252902918069584093e-01 2.308284031710079454e-01 4.746860278745644313e-01 2.354022758620689659e-01
1.937941415465268546e-01 2.831805050505050714e-01 2.161252729257641947e-01 4.480673491379310591e-01 3.440944886975241812e-01 0.000000000000000000e+00 1.962073622881356227e-01 2.114816454352441699e-01 3.070928148959474191e-01 1.775319847328244161e-01 2.096878111111111220e-01 1.391995353982300732e-01 7.882578778135046482e-02 4.249018875927890182e-01 1.626110911016949157e-01 4.346722987288135776e-01 4.326620360551431954e-01 7.475626059322035277e-02 2.895027224576271485e-01 4.390558368644067455e-01 7.628644067796606400e-03 1.893188123011664836e-01 3.767814972677595575e-01 2.531834054054054040e-01 1.867734745762711368e-01 3.456998622881355399e-01 1.830943749999999481e-01 3.597409862142099124e-01 1.603750741525423740e-01 1.508328919491525311e-01 2.568691101694915990e-01 8.008881355932204182e-02 1.809885896076351974e-01 3.362195753715498947e-01 4.279656309650052837e-01 1.838342735949098916e-01 1.978704357066949915e-01 2.837899668508287454e-01 1.331990193965517100e-01 1.801895469255663240e-01 2.889470666666666410e-01 4.247392190889370811e-01 1.426470806100217925e-01 1.594074398249452906e-01 1.847454555433589440e-01 4.013521834061135607e-01 2.088678930131004086e-01 9.976365321701198552e-02 1.866765792349726616e-01 1.719923522975929930e-01 2.554899672131147881e-01 1.637265573770491645e-01 1.684369256017505256e-01 3.549540000000000473e-01 1.296686248624862314e-01 1.501741896361631634e-01 1.313061258278145627e-01 3.590741059602648444e-01 1.611374917127071926e-01 1.916242163355408312e-01 2.943398893805310168e-01 1.719706090808416077e-01 2.430479046563193135e-01 1.987246614872363870e-01 4.229653794642857512e-01 1.876190653153153032e-01 3.980283256351039856e-01 9.850484181568089359e-02
3.524748623853210527e-01 7.369551066217739851e-03 3.004528493449781235e-01 1.992639331896551569e-01 2.580861356297093900e-01 1.962073622881356227e-01 0.000000000000000000e+00 2.687902941176470439e-01 1.242838244853737978e-01 2.156950377562028009e-01 2.130255714285713975e-01 3.546879540481400750e-01 4.566897454931070355e-01 2.485354669464848176e-01 2.569633228511530310e-01 1.974437840670859867e-01 2.626930430220356660e-01 4.584168972746330839e-01 1.969317714884696313e-01 2.153811844863731673e-01 4.457596855345911657e-01 2.932434837355718527e-01 2.065829837837837857e-01 2.802662245989304135e-01 2.171494444444444227e-01 1.954406394129978852e-01 1.896294444444444338e-01 1.979026442812172326e-01 3.740658805031446543e-01 3.925684486373166027e-01 6.549966457023059796e-02 4.574388469601677332e-01 3.277213955928646172e-01 1.733201785714285625e-01 2.051225708289611815e-01 3.858406190975866012e-01 2.379389800210304773e-01 1.209867103825136708e-01 3.166117716115261493e-01 3.058514407684098657e-01 2.559134970059880332e-01 2.237527360515021435e-01 3.991523060344827623e-01 3.849889393939394111e-01 2.325250380021715302e-01 1.914613498920086365e-01 2.718472786177105749e-01 4.247781445523193256e-01 3.217176324324324543e-01 3.750504112554112757e-01 5.647177297297297643e-02 3.690071783783783754e-01 3.251347294372294305e-01 1.765446956521739275e-01 3.930884330794340853e-01 3.322973064340239979e-01 3.538944868995632653e-01 1.881521179039301328e-01 3.742061202185792412e-01 2.796356659388645749e-01 1.066217067833697962e-01 1.770560021905805137e-01 6.899387061403508548e-02 3.912460482985730126e-01 1.835875165562913802e-01 3.947904677060133372e-01 2.207150228310502393e-01 4.221279504814305361e-01
1.817466404199475083e-01 7.767357303370786559e-02 2.105823497267759470e-01 1.662862675296655768e-01 2.021592241379310262e-01 2.114816454352441699e-01 2.687902941176470439e-01 0.000000000000000000e+00 1.070906577595066855e-01 1.623551791197543337e-01 1.531865520833333438e-01 2.846011929460580681e-01 4.502886794354838962e-01 2.314790019960080159e-01 1.876357427716849602e-01 1.531753386454183241e-01 2.385620338983051036e-01 4.552237848605578119e-01 1.425767330677290834e-01 1.862436952191235118e-01 4.690353685258964456e-01 1.706715054835493683e-01 1.852502661207778845e-01 2.000067005076142379e-01 1.576930577689242829e-01 2.116038147410358450e-01 1.290206772908366328e-01 2.165621236291126184e-01 3.404811653386453640e-01 2.133211653386454243e-01 2.659327689243027801e-02 4.569859960159362577e-01 1.934772083748753646e-01 1.835547205588821951e-01 1.615334795613160568e-01 2.090364606181455698e-01 1.745058341658341783e-01 1.016067979274611344e-01 3.707025809822361850e-01 2.689332386961093557e-01 1.937084787735849079e-01 2.061527936507936420e-01 3.841094675186368934e-01 2.149674545454545449e-01 1.649959163987138322e-01 1.565859061833688726e-01 2.440895628997867828e-01 4.218434185303515105e-01 1.796771824973319442e-01 2.169448183760684101e-01 4.896414087513338564e-03 2.146091675560299061e-01 2.050837033084311756e-01 1.448360128617363352e-01 3.931862660944206445e-01 2.977550645161290421e-01 3.303562970936491094e-01 2.055777179763186024e-01 2.324343750000000541e-01 1.451849407965554450e-01 5.639548004314994673e-02 1.183185637149027913e-01 2.004482162162162309e-02 3.185109740259740030e-01 1.413315359477124167e-01 2.017072222222222322e-01 2.058567694063926923e-01 4.387896418732782355e-01
7.806901773533425626e-02 2.753912195121951401e-01 1.033802144469526119e-01 3.915415590200445606e-01 2.818912569521691003e-01 3.070928148959474191e-01 1.242838244853737978e-01 1.070906577595066855e-01 0.000000000000000000e+00 1.157868145161290163e-01 1.160507999999999956e-01 1.120721442885771468e-01 9.085528301886793001e-02 3.852047984267453207e-01 9.185303536345773567e-02 3.469744651619234843e-01 3.856526104023553225e-01 9.917565260058881782e-02 1.987465652600588495e-01 3.737320019627085044e-01 1.171588518155054076e-01 1.129936640471512627e-01 3.151850499001996320e-01 1.635101689860835317e-01 1.196629146221786094e-01 2.782455446516192143e-01 1.312031010794896813e-01 2.841919921491658507e-01 1.185316388616290406e-01 7.287272816486752014e-02 1.415309028459273422e-01 1.050961334641805772e-01 1.107899705304518645e-01 2.607666863323500617e-01 3.448913359528487099e-01 7.570415520628684392e-02 1.243597342519685012e-01 1.917374897959183699e-01 1.685923498964803369e-01 1.309476768743400021e-01 2.101858400000000127e-01 3.804431987247609559e-01 1.162236645299145332e-01 6.401392156862745209e-02 1.209366885245901635e-01 3.371438043478260926e-01 1.234438478260869443e-01 8.247770901194355353e-02 8.013355821545158075e-02 7.254862745098038246e-02 1.483491067538126040e-01 6.130984766050054380e-02 8.158067464635472554e-02 2.966014628820960453e-01 1.292019474835886528e-01 9.228728070175437614e-02 8.856515916575193048e-02 3.079007362637362633e-01 6.970721672167216887e-02 8.972096703296703057e-02 2.052667951541850000e-01 1.372500882028665770e-01 1.502521964679911781e-01 1.290425607064017710e-01 3.645101666666666351e-01 9.009021541950112955e-02 3.638316530849826091e-01 8.789148997134668684e-02
1.473520217096336571e-01 2.133126820809248536e-01 2.161641348314606581e-01 1.896447671840354454e-01 2.255856589147286761e-01 1.775319847328244161e-01 2.156950377562028009e-01 1.623551791197543337e-01 1.157868145161290163e-01 0.000000000000000000e+00 1.357517029702970113e-01 2.470840471512769920e-01 3.652278023032630161e-01 1.818347718631178334e-01 1.633382129277566319e-01 1.649309971509971273e-01 1.832332604562737222e-01 3.749207217473883857e-01 1.263785565052231719e-01 1.827833618233618007e-01 3.931259449192783251e-01 1.429072813688213039e-01 1.679095906432748475e-01 1.920443423597679167e-01 8.983748338081672113e-02 1.678939316239315971e-01 6.076137701804368990e-02 1.767327091254752569e-01 2.734455460588793296e-01 1.910162108262108416e-01 -5.152355175688504499e-03 3.703384710351376730e-01 2.353034695817490252e-01 1.354597528517110239e-01 1.714463247863247664e-01 2.174851756885090026e-01 1.370229400570884826e-01 5.916945812807881955e-02 3.191111658291457265e-01 2.227381147540983819e-01 1.786749659863945405e-01 1.895328276573786941e-01 3.166614345114345253e-01 1.732521398305084670e-01 1.085304872881355936e-01 1.563638753959873118e-01 2.088399472573839732e-01 3.383008535300315867e-01 1.543302428722281017e-01 1.816403280423280198e-01 -2.005605708245242549e-02 1.706054593453009416e-01 1.978234952481520703e-01 1.295597770700636919e-01 3.010460255047821554e-01 1.941830777422789700e-01 2.413025479744136392e-01 1.851049092849519351e-01 1.821380555555555669e-01 1.210129594017094051e-01 5.467942245989304562e-02 2.141331550802139799e-02 -8.975348338692384215e-03 2.275400751879699257e-01 1.584942270270269793e-01 1.611590286975717601e-01 1.832923462414578486e-01 2.880372895863052563e-01
1.739213953488372155e-01 1.183749650349650295e-01 1.803464779161948195e-01 1.960951173184357632e-01 1.987305803571428608e-01 2.096878111111111220e-01 2.130255714285713975e-01 1.531865520833333438e-01 1.160507999999999956e-01 1.357517029702970113e-01 0.000000000000000000e+00 2.908212072243346324e-01 4.018802129629629460e-01 2.133072176308540013e-01 1.831144077134986281e-01 1.590565688073394546e-01 2.213152800734618786e-01 4.087347339449540762e-01 1.327407706422018552e-01 1.913089082568807109e-01 4.144854587155963332e-01 1.423109825528007244e-01 1.836567511737089431e-01 1.718658730158730275e-01 1.224903394495412690e-01 1.991972568807339472e-01 1.165653486238532044e-01 2.089597520661157226e-01 3.085480917431192571e-01 1.795444862385320861e-01 2.187548623853210680e-02 4.059388348623853560e-01 1.926316804407713357e-01 1.680038567493112867e-01 1.752543211009174318e-01 1.821011376146788874e-01 1.565018290441176629e-01 8.730385347288296960e-02 2.739853725490196124e-01 2.277123747494989858e-01 1.740443798882681525e-01 2.073917575757575626e-01 3.371907637474542141e-01 1.940289107883817477e-01 1.512413513513513608e-01 1.709288728024819237e-01 2.074670557851239772e-01 3.617511455108359808e-01 1.629270833333333612e-01 1.812987774294670951e-01 3.858392484342379990e-03 1.861755057351408282e-01 2.036629614181439119e-01 1.498845654450261800e-01 3.444823375262054954e-01 2.382359558823529677e-01 2.760162394957983434e-01 2.056673080967402756e-01 2.064258315789473663e-01 1.348283894736842237e-01 7.163222339304529951e-02 1.068535902851108499e-01 2.048614240170031769e-02 2.261491808510638635e-01 1.644544646680941857e-01 1.943224017467249098e-01 2.079040180586907427e-01 3.819692949640287605e-01
4.346403862068965451e-01 -5.007042253521126057e-02 3.968002850627138645e-01 8.496183352080989570e-02 1.780682808988764132e-01 1.391995353982300732e-01 3.546879540481400750e-01 2.846011929460580681e-01 1.120721442885771468e-01 2.470840471512769920e-01 2.908212072243346324e-01 0.000000000000000000e+00 4.166132133213321653e-01 1.698320803571428395e-01 3.205358303571428924e-01 7.723078501338090374e-02 1.892285267857143072e-01 4.236616592328278363e-01 2.003306779661016834e-01 9.297491525423730307e-02 4.691057091882248620e-01 3.521373750000000302e-01 1.605051405258386132e-01 3.258838929219600722e-01 2.400158876003568309e-01 1.367819714540588760e-01 2.059638180196253499e-01 1.337985267857143001e-01 3.119629081177520136e-01 4.916175735950044645e-01 5.455503122212311540e-02 4.196007404103478944e-01 3.992628303571428838e-01 7.738982142857143975e-02 8.916695807314897748e-02 4.784072167707403844e-01 2.565288203753350871e-01 8.344328664799252615e-02 4.425972281039460832e-01 2.795657242757242922e-01 2.367133440514469223e-01 1.433599194360523632e-01 3.373439086294416356e-01 4.425129369183040118e-01 2.650428082901554183e-01 1.084018041237113372e-01 3.135835427394438879e-01 3.906333436213991761e-01 3.858418672199170341e-01 4.567843958333333565e-01 3.169870967741935525e-02 4.467987110187110478e-01 3.635276299376299369e-01 1.258417849686847279e-01 3.528174790794978977e-01 3.145172222222222258e-01 3.338766142557652028e-01 1.351677439664218383e-01 4.587433508403361282e-01 3.168119327731092616e-01 8.386529968454257966e-02 1.720286090621706843e-01 5.080061440677965945e-02 3.395683970276008323e-01 8.754202991452991744e-02 4.137468409586056439e-01 1.437970945945946100e-01 4.045044812680115287e-01
7.147298410596026885e-01 -2.160077437641723108e-01 6.160262403528115049e-01 6.890406964091404241e-02 2.449439673913043625e-01 7.882578778135046482e-02 4.566897454931070355e-01 4.502886794354838962e-01 9.085528301886793001e-02 3.652278023032630161e-01 4.018802129629629460e-01 4.166132133213321653e-01 0.000000000000000000e+00 1.588704351610095711e-01 3.549237249782419834e-01 7.865869451697127257e-02 1.835294860627177671e-01 4.165156135770234913e-01 3.276444299390774972e-01 7.690671018276762361e-02 4.507338555265448243e-01 5.747461933797909373e-01 1.402717678571428483e-01 3.847505752212389551e-01 3.429634812880765216e-01 9.113453437771976140e-02 3.000749260226283632e-01 8.003273519163764393e-02 3.187860574412532122e-01 8.423909225413402924e-01 1.079766666666666652e-01 4.116915404699739156e-01 6.184210627177700870e-01 3.203929442508710729e-02 8.868339425587468128e-02 8.427832288946911499e-01 3.355341673931996338e-01 1.204776069153776080e-01 5.074002434456929000e-01 3.175247327502429551e-01 2.835863852813852448e-01 1.108842017629774745e-01 3.518313313609467419e-01 7.344940963855420835e-01 3.665317623363544830e-01 1.065832565130260534e-01 3.998105505505505919e-01 4.120365100000000225e-01 6.776840565085772150e-01 8.069266497975707830e-01 8.622001011122344682e-02 7.819895555555556044e-01 5.442587373737374223e-01 1.081049999999999928e-01 3.633313821138212107e-01 4.118378207739307739e-01 3.871410081466394870e-01 5.797556574923547895e-02 7.427859183673469756e-01 5.629233571428571281e-01 1.151779060265576971e-01 2.749749334698055048e-01 1.101240782698248988e-01 4.482985036119710442e-01 8.020601246105918403e-02 6.964003809523808819e-01 1.013236939890710397e-01 4.365603467406379279e-01
2.323237221494102167e-01 3.351142424242424256e-01 2.262810371179039548e-01 6.883998275862071026e-01 5.628291280947256281e-01 4.249018875927890182e-01 2.485354669464848176e-01 2.314790019960080159e-01 3.852047984267453207e-01 1.818347718631178334e-01 2.133072176308540013e-01 1.698320803571428395e-01 1.588704351610095711e-01 0.000000000000000000e+00 1.888758879310344641e-01 5.950716293103449628e-01 7.937781535806729405e-01 1.489772327586206813e-01 3.679218620689655439e-01 6.602920000000001011e-01 9.204901724137931618e-02 2.035494823123382424e-01 5.357996640141468037e-01 2.531623049956179261e-01 1.889929827586206701e-01 4.008781637931034258e-01 1.745892844827586221e-01 3.781604314063848338e-01 2.406262931034482966e-01 1.899148620689655176e-01 2.278728620689654538e-01 1.548783620689655194e-01 2.094686194995686312e-01 4.118850129421914863e-01 6.698890431034483228e-01 2.141352327586207027e-01 1.993031951640759913e-01 3.186700270270270141e-01 2.266335435992578862e-01 2.377904038461538250e-01 3.988246203208556384e-01 6.490493313953489274e-01 2.052842634146341827e-01 2.025412611717974098e-01 1.896496215139441832e-01 6.014600396432111529e-01 2.152840792079208088e-01 1.774271018793274202e-01 2.159089321357285374e-01 2.100222722722722701e-01 2.280546300000000359e-01 1.989456943056942817e-01 2.013128371628371549e-01 5.193798696088264277e-01 2.131357788944724108e-01 1.939606545820745376e-01 1.872563709677419197e-01 4.352938244197780415e-01 2.225990101010101030e-01 2.048019292929292856e-01 3.340221739130435075e-01 1.682600101317122399e-01 2.164881855249745080e-01 2.561461287027579359e-01 6.468340596094553918e-01 2.354149109947643870e-01 5.689984972972974564e-01 1.642130547945205576e-01
2.589882853403141505e-01 4.576272421524662376e-02 2.556131624863685614e-01 1.327255005382131370e-01 1.980972473118279564e-01 1.626110911016949157e-01 2.569633228511530310e-01 1.876357427716849602e-01 9.185303536345773567e-02 1.633382129277566319e-01 1.831144077134986281e-01 3.205358303571428924e-01 3.549237249782419834e-01 1.888758879310344641e-01 0.000000000000000000e+00 1.142500689061154429e-01 1.977848965517241542e-01 3.749028768303186987e-01 2.109745564168820087e-01 1.333596124031007912e-01 3.832219293712316732e-01 2.335927155172413394e-01 1.632591961130742120e-01 2.268423467600700627e-01 1.672673729543496801e-01 1.628323944875107454e-01 1.328791300602928660e-01 1.619211120689655059e-01 2.707988113695090626e-01 3.233807149009474968e-01 2.556325581395348448e-02 3.723734280792420637e-01 2.470046206896551466e-01 1.127107333908541897e-01 1.297716810344827498e-01 3.069993189655172428e-01 1.859891796200345282e-01 7.351817117117116773e-02 3.193076252319109187e-01 2.205451442307692356e-01 1.744518395721925130e-01 1.653232655038759658e-01 2.850592975609756441e-01 2.880356405163853051e-01 1.750985657370518200e-01 1.289939246778988857e-01 2.354005940594059432e-01 3.169165776458952033e-01 2.582460079840319667e-01 3.035783483483483480e-01 1.461771000000000251e-02 2.930619280719281017e-01 2.273504395604395434e-01 1.191624674022066233e-01 2.755247336683416814e-01 2.475894964753272975e-01 2.512503326612903209e-01 1.603028355196771115e-01 2.993826565656565464e-01 1.939976363636363721e-01 6.127590495449949243e-02 1.053694022289766857e-01 2.920039755351682212e-02 2.604847906026557802e-01 1.249811408016443942e-01 2.604128062827225643e-01 1.720911567567567635e-01 3.240969630642954735e-01
1.699214397905759455e-01 2.794392264573991591e-01 1.540465866957470009e-01 7.309544348762109234e-01 5.469386881720430527e-01 4.346722987288135776e-01 1.974437840670859867e-01 1.531753386454183241e-01 3.469744651619234843e-01 1.649309971509971273e-01 1.590565688073394546e-01 7.723078501338090374e-02 7.865869451697127257e-02 5.950716293103449628e-01 1.142500689061154429e-01 0.000000000000000000e+00 6.146630981067126021e-01 7.060128976784178778e-02 3.406296130696474522e-01 6.392850558899396685e-01 9.152981083404987395e-02 1.412820309810671471e-01 4.639319488536155500e-01 2.001297377622377749e-01 1.326441272570937080e-01 3.694759243336198651e-01 1.495449785038692747e-01 3.850520998278829099e-01 1.906520464316422969e-01 1.118819432502149575e-01 2.033308942390369967e-01 7.891779019776438975e-02 1.320949139414802354e-01 3.831400516795865907e-01 6.148829087779690283e-01 1.267695266781411478e-01 1.400304913793103123e-01 2.887756115107913413e-01 1.810205462962962975e-01 1.660630998080614151e-01 3.676467982924225830e-01 6.262648936170213121e-01 1.492166081871345029e-01 1.506779464285714354e-01 1.562542644135188619e-01 6.007890900098912246e-01 1.517636264822134484e-01 1.009149753208292144e-01 1.712012848605578008e-01 1.615975824175824582e-01 2.386966866267464515e-01 1.458520338983050890e-01 1.472425224327019166e-01 4.985784784784784707e-01 1.547704312938816551e-01 1.401518492462311694e-01 1.313763480885311863e-01 4.332702114803624882e-01 1.755258770161290671e-01 1.685942036290322688e-01 3.455107366296670257e-01 1.750967138523761013e-01 2.285263479145472898e-01 2.010348521916411890e-01 6.620890769230768358e-01 1.861845768025078562e-01 5.522203020496224690e-01 9.158652114597544414e-02
2.453648885976408567e-01 3.472786083052750161e-01 2.410136681222707633e-01 7.099215625000000474e-01 5.831139181916039638e-01 4.326620360551431954e-01 2.626930430220356660e-01 2.385620338983051036e-01 3.856526104023553225e-01 1.832332604562737222e-01 2.213152800734618786e-01 1.892285267857143072e-01 1.835294860627177671e-01 7.937781535806729405e-01 1.977848965517241542e-01 6.146630981067126021e-01 0.000000000000000000e+00 1.689700172117039600e-01 3.736092512908777974e-01 6.935939156626506064e-01 9.076959552495696137e-02 2.218628251507321347e-01 5.702005996472663263e-01 2.646916535433070927e-01 1.951059036144578152e-01 4.151744148020654057e-01 1.843099741824440752e-01 3.849115576592082033e-01 2.814690877796902080e-01 2.062639070567986455e-01 2.279017900172117250e-01 1.781747676419965787e-01 2.223139793281653787e-01 4.282140258620689144e-01 6.872422222222223098e-01 2.283264082687338770e-01 2.144047282139775745e-01 3.369092169216920674e-01 2.406180074142725001e-01 2.491056195965418163e-01 4.258083564567769486e-01 6.786220038722169390e-01 2.257234015594542786e-01 2.175100595829195516e-01 2.036659004975124310e-01 6.284296633663366549e-01 2.461936696340257247e-01 1.927114328063241344e-01 2.273661415752742110e-01 2.269103096903097028e-01 2.316617882117882332e-01 2.135113772455089765e-01 2.150968163672654920e-01 5.604719639278558097e-01 2.399615963855422085e-01 1.996700804828973885e-01 2.065625377643504623e-01 4.485199697580646294e-01 2.367079011099899044e-01 2.116403027245206681e-01 3.520030909090909321e-01 1.663653036437246768e-01 2.201992871690427733e-01 2.672464489795918219e-01 6.761578850102669680e-01 2.549249163179916344e-01 5.927266235167207853e-01 1.872064480874316983e-01
7.118775654450262280e-01 -2.276408520179372119e-01 6.186850926935659745e-01 5.680348762109796446e-02 2.373882043010752674e-01 7.475626059322035277e-02 4.584168972746330839e-01 4.552237848605578119e-01 9.917565260058881782e-02 3.749207217473883857e-01 4.087347339449540762e-01 4.236616592328278363e-01 4.165156135770234913e-01 1.489772327586206813e-01 3.749028768303186987e-01 7.060128976784178778e-02 1.689700172117039600e-01 0.000000000000000000e+00 3.192174548581255267e-01 6.181220120378333460e-02 4.508822871883061412e-01 6.024980722891566387e-01 1.528168871252204575e-01 3.994049650349649760e-01 3.515999570077386061e-01 8.260191745485812032e-02 3.088258383490971593e-01 6.823450946643717929e-02 3.111149441100601876e-01 8.772843594153052482e-01 1.134030610490111696e-01 4.128827515047291397e-01 6.382449225473322274e-01 2.382453057708872404e-02 7.702763339070568815e-02 8.719641652323580905e-01 3.393992758620689165e-01 1.106568705035971129e-01 5.128378148148148297e-01 3.157295105566218507e-01 2.843986339381003869e-01 1.061349903288201085e-01 3.491387426900585123e-01 7.383866765873016158e-01 3.656767196819085686e-01 9.562713155291789613e-02 4.018724703557312039e-01 4.098104442250740109e-01 6.840793924302789319e-01 8.094616983016983403e-01 8.404079840319360339e-02 7.829191126620139718e-01 5.422003090727816055e-01 1.010821421421421312e-01 3.557976028084252063e-01 4.135948241206029996e-01 3.844092655935613667e-01 5.501098690835851124e-02 7.431282560483870592e-01 5.629802116935485046e-01 1.122154490413723310e-01 2.724227704752274493e-01 1.086420244150559239e-01 4.518644648318042578e-01 7.361690256410255428e-02 7.052641692789969330e-01 9.825879180151024517e-02 4.337487994542973957e-01
1.275057460732984260e-01 1.891313116591928079e-01 1.285475463467830037e-01 4.005667922497308520e-01 3.980909032258064251e-01 2.895027224576271485e-01 1.969317714884696313e-01 1.425767330677290834e-01 1.987465652600588495e-01 1.263785565052231719e-01 1.327407706422018552e-01 2.003306779661016834e-01 3.276444299390774972e-01 3.679218620689655439e-01 2.109745564168820087e-01 3.406296130696474522e-01 3.736092512908777974e-01 3.192174548581255267e-01 0.000000000000000000e+00 3.689920292347377284e-01 3.014509974204643838e-01 1.180287005163511427e-01 2.811506172839505768e-01 1.832293968531468475e-01 1.204088564058469618e-01 2.633703611349957341e-01 1.222025451418744524e-01 2.687597934595524762e-01 2.575096904557179767e-01 1.738032932072227088e-01 9.636001719690455436e-02 3.195810146173688748e-01 2.087566092943201335e-01 2.382284496124031092e-01 3.544901290877797151e-01 1.779578399311531889e-01 1.477351637931034467e-01 1.609855575539568262e-01 2.053370462962962884e-01 2.339940019193857967e-01 2.225936392742796366e-01 3.580562669245647700e-01 3.100188304093567382e-01 1.714342162698412608e-01 1.279810437375745180e-01 3.294929673590504260e-01 1.510545158102766794e-01 3.121736327739388361e-01 1.400212450199203318e-01 1.590066933066933141e-01 8.281491017964071055e-02 1.445782253240279203e-01 2.168523030907278104e-01 2.753013513513513644e-01 2.848929287863590787e-01 1.858749045226130436e-01 2.066892957746478965e-01 2.826886304128902183e-01 1.899275907258064777e-01 1.135253931451612880e-01 1.698903834510595290e-01 8.986988877654195074e-02 8.641150559511698304e-02 2.043404892966360631e-01 3.392742051282051086e-01 1.579438244514106693e-01 3.381306364617043814e-01 1.952217871759891199e-01
1.864668848167539694e-01 2.837315807174887738e-01 1.708049836423118917e-01 7.395490742734122103e-01 5.543804516129031690e-01 4.390558368644067455e-01 2.153811844863731673e-01 1.862436952191235118e-01 3.737320019627085044e-01 1.827833618233618007e-01 1.913089082568807109e-01 9.297491525423730307e-02 7.690671018276762361e-02 6.602920000000001011e-01 1.333596124031007912e-01 6.392850558899396685e-01 6.935939156626506064e-01 6.181220120378333460e-02 3.689920292347377284e-01 0.000000000000000000e+00 7.493368873602751501e-02 1.637253872633391005e-01 5.033158024691357646e-01 2.184757517482517619e-01 1.677885296646603464e-01 3.938852622527944103e-01 1.773403095442820376e-01 3.958190189328743003e-01 2.041360705073086979e-01 1.391063198624248043e-01 2.348610146173688573e-01 6.904549441100601981e-02 1.641622805507745309e-01 4.082152024117139955e-01 6.797428657487091241e-01 1.642997246127366751e-01 1.604708189655172368e-01 3.213060161870503473e-01 1.988360462962963093e-01 1.887302111324376253e-01 3.930450800426893987e-01 6.447200386847197207e-01 1.536957894736842023e-01 1.679534920634921102e-01 1.754522862823061635e-01 6.255096933728981901e-01 1.661459980237154077e-01 1.146804146100691008e-01 1.863184462151394327e-01 1.796757842157842289e-01 2.541936726546906167e-01 1.637434297108674164e-01 1.661448255234297122e-01 5.189667967967969142e-01 1.722623269809427926e-01 1.507898793969849327e-01 1.440299899396378369e-01 4.427286203423968503e-01 1.867123387096774334e-01 1.873599798387096949e-01 3.685208980827446856e-01 1.846869868554094629e-01 2.343792878942013713e-01 2.222336085626911151e-01 6.786402461538462161e-01 2.082035214211076235e-01 5.823510355987056020e-01 9.824680763983628662e-02
6.865391753926701757e-01 -1.290240358744394467e-01 6.785177426390404110e-01 9.141815931108719651e-02 2.333925806451613294e-01 7.628644067796606400e-03 4.457596855345911657e-01 4.690353685258964456e-01 1.171588518155054076e-01 3.931259449192783251e-01 4.144854587155963332e-01 4.691057091882248620e-01 4.507338555265448243e-01 9.204901724137931618e-02 3.832219293712316732e-01 9.152981083404987395e-02 9.076959552495696137e-02 4.508822871883061412e-01 3.014509974204643838e-01 7.493368873602751501e-02 0.000000000000000000e+00 5.841077022375215089e-01 1.150887037037037069e-01 3.419006381118881444e-01 3.860241960447119425e-01 2.667866723989681388e-02 3.310420636285468787e-01 -9.059862306368333604e-03 3.405852020636285782e-01 8.729494496990541919e-01 6.083659501289768318e-02 4.445728890799656163e-01 6.777170051635111880e-01 -4.002222222222225588e-03 1.063414802065404396e-01 9.072952581755594492e-01 3.475889999999999813e-01 8.243042266187050604e-02 4.480793055555556403e-01 3.240315834932821493e-01 2.710668089647812473e-01 8.749710831721470294e-02 3.588563937621833122e-01 7.276989682539682924e-01 4.028216103379722024e-01 9.680993076162215660e-02 3.926737845849802566e-01 4.297809871668312187e-01 6.886636155378487167e-01 8.171623376623377011e-01 3.869819361277445496e-02 7.916587238285145434e-01 5.391013459621136761e-01 6.718968968968967725e-02 3.797210130391173721e-01 4.150812361809045892e-01 3.961971730382294332e-01 2.249164149043302117e-03 7.273562802419355489e-01 5.480163407258064057e-01 7.947858728557011254e-02 3.059781698685540841e-01 7.421859613428280489e-02 4.345338532110092356e-01 9.780533333333332746e-02 6.882531661442007342e-01 5.189285868392663759e-02 4.623729740791269194e-01
2.050714154652686916e-01 5.900643097643097634e-02 2.012041266375545756e-01 1.725532327586207226e-01 2.063892357373519892e-01 1.893188123011664836e-01 2.932434837355718527e-01 1.706715054835493683e-01 1.129936640471512627e-01 1.429072813688213039e-01 1.423109825528007244e-01 3.521373750000000302e-01 5.747461933797909373e-01 2.035494823123382424e-01 2.335927155172413394e-01 1.412820309810671471e-01 2.218628251507321347e-01 6.024980722891566387e-01 1.180287005163511427e-01 1.637253872633391005e-01 5.841077022375215089e-01 0.000000000000000000e+00 1.906206001765225200e-01 1.972156430446194431e-01 1.398982099827882908e-01 1.871392082616178953e-01 1.248352409638554400e-01 1.890594573643410992e-01 4.299139070567986054e-01 2.340535542168674932e-01 2.975068846815834452e-03 5.983249913941480758e-01 2.272527562446167437e-01 1.498631551724137756e-01 1.630856072351421493e-01 2.055444358311800113e-01 1.955165056082830144e-01 7.699249324932494476e-02 3.301314457831324711e-01 2.969736311239192794e-01 2.053901923076923153e-01 1.989244917715391747e-01 4.623283707317072944e-01 2.501342204568024474e-01 1.706822388059701656e-01 1.578551584158416066e-01 2.632374678536102963e-01 4.863441205533597378e-01 1.977508673978066178e-01 2.168007100000000076e-01 -1.378471528471528554e-02 2.292934331337325160e-01 2.286430738522954031e-01 1.447364829659318619e-01 4.732213855421686932e-01 3.014639134808853038e-01 4.275368177240684853e-01 1.787891633064516150e-01 2.529745913218970910e-01 1.567252774974773055e-01 5.829497979797979706e-02 9.291103238866396663e-02 -6.197627291242362516e-03 2.961815510204081625e-01 1.453272997946611911e-01 2.346290481171547926e-01 1.929255831533477350e-01 5.612172677595629322e-01
1.944739047619047645e-01 3.071064310544611708e-01 1.881118130630630714e-01 5.658693555555556198e-01 4.364048834628191931e-01 3.767814972677595575e-01 2.065829837837837857e-01 1.852502661207778845e-01 3.151850499001996320e-01 1.679095906432748475e-01 1.836567511737089431e-01 1.605051405258386132e-01 1.402717678571428483e-01 5.357996640141468037e-01 1.632591961130742120e-01 4.639319488536155500e-01 5.702005996472663263e-01 1.528168871252204575e-01 2.811506172839505768e-01 5.033158024691357646e-01 1.150887037037037069e-01 1.906206001765225200e-01 0.000000000000000000e+00 2.301109400179051356e-01 1.623239172535211328e-01 3.248505809859155158e-01 1.631360739436619745e-01 3.307119014084506925e-01 2.261893303964757906e-01 1.659550704225352391e-01 1.960703345070422543e-01 1.579008362676056210e-01 1.835001850220264463e-01 3.270014991181657837e-01 4.892595682819383396e-01 1.860040792951541955e-01 1.738151632833186411e-01 2.466744066237350763e-01 1.874362203228869816e-01 1.925354285714285796e-01 3.320686767895878466e-01 5.315884905660377413e-01 1.798459300000000149e-01 1.620436187563710495e-01 1.693503865717192192e-01 4.954969004065040705e-01 1.981736649746192735e-01 1.372093610547667486e-01 1.755811054247697067e-01 1.716298666666666861e-01 2.171351076923076773e-01 1.651120286885245925e-01 1.690526639344262505e-01 4.575848559670781524e-01 1.688987216494845511e-01 1.608753615702479267e-01 1.535052119958634775e-01 3.809240786749482632e-01 1.720742901554404292e-01 1.774116891191709899e-01 2.945437863070539675e-01 1.588915696465696137e-01 2.061833995815899601e-01 2.125414150943396308e-01 5.237124894514768592e-01 1.966394408602150645e-01 4.764474583795783036e-01 1.387735977337110627e-01
