0.000000000000000000e+00 -1.378359743040685065e-02 3.682207264957264303e-02 2.580932543103447996e-01 4.441665948275862197e-02 -2.955639130434782602e-02 -8.499695652173910182e-03 2.938844251626898663e-01 -2.569913419913417030e-03 2.181467532467533041e-02 1.388357483731019471e-01 5.458353711790393109e-02 -7.837346491228070616e-03 2.230518847006651706e-02 6.436423162583519708e-02 1.546850678733031371e-02 2.074431590413943205e-01 3.756864035087717837e-03 2.187183006535947660e-02 9.544878587196466493e-03 -5.361140692640691680e-02 2.853300867678958963e-01 8.020015151515151597e-02 -2.817442516268980207e-02 6.735982646420825282e-02 2.005387311827957209e-01 1.767008948545861075e-02 2.177152422907489004e-01 -2.112242152466369677e-03 -1.721596452328158803e-03 1.251212446351931094e-02 6.495941810344826872e-02 2.649604319654427775e-01 2.771272138228941806e-02 -9.377796976241904031e-03 2.197422004357298120e-01 3.666265795206971601e-02 -7.479762419006480596e-03 2.751612554112554260e-02 7.895717439293599774e-03 3.001823399558498778e-02 2.565470588235293711e-02 2.640481069042316387e-02 7.316795206971678234e-02 1.441683406113536577e-02 7.855039130434783579e-02 2.372098039215686238e-01 1.118191008771929895e-01 1.389349240780910974e-02 2.697534989200863764e-01 1.245337796976241918e-01 -1.445430434782608506e-02 1.253451555555555597e-01 2.680886888888888708e-01 -8.144336283185843114e-03 2.290459910913140718e-01 -1.809305122494431900e-02 1.269838018433180060e-01 1.042862470862471191e-02 1.161767307692307682e-01 2.894513936430317957e-01 1.711505471124620259e-01 5.089942567567568021e-02 5.363274725274724819e-02 4.830275229357804752e-04
-1.378359743040685065e-02 0.000000000000000000e+00 -8.283438438438437204e-03 9.571210925644917100e-02 2.037610015174506906e-02 -2.493960305343511166e-02 -3.764167938931297849e-03 1.247601674277016848e-01 -1.628223404255318973e-02 -3.636762917933131830e-03 6.521891603053435460e-02 7.231056661562023508e-03 -7.618496932515336426e-03 -7.922253086419750456e-03 1.549224458204334284e-02 -3.894053208137706256e-04 1.048874124809741348e-01 -2.756917177914110315e-03 -1.954725609756091740e-04 -1.016612903225806372e-02 -3.004074242424242119e-02 1.230136626139817779e-01 4.792650986342943814e-02 -2.578360730593607514e-02 6.845356600910473648e-03 9.790876319758673452e-02 -1.485209302325582025e-03 9.969269230769231549e-02 -3.104890965732087955e-03 -6.058217054263567020e-03 -5.594193061840119739e-03 1.871345921450151203e-02 1.128862632375189218e-01 -2.591363636363640016e-04 -2.212275340393343379e-02 1.072334703196346911e-01 -9.730641221374044039e-03 -1.888943854324734439e-02 1.254114977307109122e-03 7.866151468315314742e-04 6.807669753086419313e-03 -5.400347551342811470e-03 7.274883720930243455e-04 3.259064122137404762e-02 -6.117195121951219706e-03 3.049259878419453840e-02 1.157265905631659070e-01 2.238588325652841882e-02 -8.811398176291791728e-03 1.337854848484848480e-01 6.574353030303030365e-02 -2.531538812785388143e-02 6.893688372093023653e-02 1.196757585139318902e-01 -1.315186728395061760e-02 1.082592403100775258e-01 -1.177375196232339181e-02 5.864624584717607891e-02 -1.748170689655172833e-02 4.363790613718411537e-02 1.229047329650092002e-01 8.467026442307692968e-02 7.059073033707866270e-03 1.039507739938080357e-02 -1.564433823529411821e-02
3.682207264957264303e-02 -8.283438438438437204e-03 0.000000000000000000e+00 9.779703284258210727e-02 2.802722222222222420e-02 -1.967522184300340982e-02 -1.130229545454545549e-02 1.266269012485811696e-01 -1.433312570781426938e-02 2.615243488108719844e-03 8.373854379977246909e-02 3.212559127439724299e-02 -1.714845005740528710e-03 6.597528868360278721e-03 1.494192799070862519e-04 -8.016741176470587246e-03 9.629375000000002516e-02 -6.379577142857144507e-03 1.089349999999999867e-02 -9.417217787913339036e-04 -1.744215575620767719e-02 1.308012556561085893e-01 4.773383050847457287e-02 -2.063639864099660326e-02 2.333176271186441011e-02 1.146944656917885247e-01 -1.265021839080460002e-02 1.067936321839080410e-01 -3.253569767441860053e-03 5.728146002317499423e-03 -9.451289954337900243e-03 3.127002262443438763e-02 1.266084240362811975e-01 9.534875565610861914e-03 -7.415683615819209165e-03 1.114806249999999860e-01 5.786063708759957118e-03 -9.545745164960183979e-03 5.846886363636363132e-03 -4.784653579676673672e-03 1.086472157772622009e-02 9.594588235294118639e-03 1.260170560747663621e-02 2.698737385321100732e-02 -1.473226909920182393e-03 3.466436218678815850e-02 1.095719977168949921e-01 2.641287356321838850e-02 5.289374288964733550e-03 1.271497959183673365e-01 6.681430192962542480e-02 -1.182064846416382500e-02 6.912550173010381660e-02 1.191927073732718945e-01 -1.735388761467889993e-02 1.078068778801843236e-01 -1.750204439252336583e-02 5.190845018450185311e-02 -1.006243902439024444e-02 4.507618403247632549e-02 1.353396121883656544e-01 8.172348794063080679e-02 1.125771929824561333e-02 1.571298329355608203e-02 -1.589494117647058738e-02
2.580932543103447996e-01 9.571210925644917100e-02 9.779703284258210727e-02 0.000000000000000000e+00 6.712088799192734989e-02 -1.300510121457489586e-02 9.137847165991901111e-02 6.886882317073169668e-01 4.186428571428571499e-02 6.854561740890688371e-02 3.565105792682926600e-01 1.370854200819671964e-01 9.709880000000001288e-02 3.777810950413224012e-02 1.725139067357512879e-01 -4.203207764952781450e-02 5.421454175152748967e-01 1.279676200204290203e-02 1.140130182926829272e-01 3.423939672801636080e-02 -3.849624493927125690e-02 6.424357969543147417e-01 1.335211336032388618e-01 -3.018732251521297379e-03 1.661268319838056506e-01 4.376474798387096632e-01 -3.806745623069000828e-02 5.611471472708549069e-01 -1.117001041666666403e-02 6.089877338877339175e-02 6.024106776180698265e-03 1.577977563451776755e-01 6.435566261398175669e-01 5.094748987854250816e-02 1.091206268958544445e-02 5.438555849440488421e-01 6.528623469387755118e-02 3.160621814475028397e-03 -2.107975535168195649e-02 6.386488082901554952e-02 9.088267912772587942e-02 8.897550052687037969e-02 6.450754697286012473e-02 2.077001946721311609e-01 4.002434250764527052e-02 2.052311009174311862e-01 6.077271530612243788e-01 2.578696817248459783e-01 5.158552390640894908e-02 6.716777710233029497e-01 2.373912373225152417e-01 5.478861788617909708e-04 3.091169824922759823e-01 6.290745174537987205e-01 -6.130623336745138346e-02 5.162190937178167127e-01 -4.120272158498435727e-02 3.134864894795127421e-01 3.050123112659698307e-02 2.045294981640146670e-01 6.687417462311557870e-01 4.562441525423728828e-01 1.411574028629856981e-01 2.807112107623319086e-02 2.538387096774194149e-02
4.441665948275862197e-02 2.037610015174506906e-02 2.802722222222222420e-02 6.712088799192734989e-02 0.000000000000000000e+00 -4.963015873015875178e-03 1.622002976190476189e-02 7.766177644710579864e-02 1.018631840796019837e-02 1.450122388059701777e-02 5.028731268731267967e-02 2.822898288016112769e-02 6.333229061553985982e-03 7.703638211382112834e-03 1.263303771661569881e-02 1.407436401240951679e-02 8.167767535070140361e-02 9.021787148594376249e-03 1.018813186813186979e-02 1.376042253521126725e-02 -6.873731343283586781e-04 8.445329341317364680e-02 5.823746268656716102e-02 8.656600199401792359e-03 2.856828855721393196e-02 8.343488095238095481e-02 2.015317122593718313e-02 8.708558257345491715e-02 8.186844262295081900e-03 9.369938650306747219e-03 1.430950505050504994e-02 4.481087999999999738e-02 9.448737524950098776e-02 1.914404785643070844e-02 5.022250996015934464e-03 9.329156156156157009e-02 6.849929789368101526e-03 2.998495486459372026e-04 2.751085170340681479e-02 8.787566191446029296e-03 2.429167517875382987e-02 1.922276970954357039e-02 2.274186405767249924e-02 4.481953582240161271e-02 1.076448795180722819e-02 3.689847695390781335e-02 7.119552657973921006e-02 3.420462701612903694e-02 2.154225774225774267e-03 7.925139442231075859e-02 8.240529411764706269e-02 -3.558441558441559783e-03 6.119370820668693089e-02 8.103667340748228753e-02 4.150392749244713290e-03 1.149510435663627234e-01 1.184773662551440003e-03 6.651052805280528724e-02 1.110020761245674760e-02 4.043469512195121962e-02 5.922214999999999424e-02 5.012465313028763997e-02 2.900115618661257277e-02 2.353659242761692652e-02 -1.675828877005349285e-03
-2.955639130434782602e-02 -2.493960305343511166e-02 -1.967522184300340982e-02 -1.300510121457489586e-02 -4.963015873015875178e-03 0.000000000000000000e+00 -1.779237742830712052e-02 -1.720178171641790696e-02 -2.666494413407821326e-02 -2.481539106145251583e-02 -9.359570093457943857e-03 -2.776569679849340971e-02 -2.539427762039660544e-02 -1.624334919124643256e-02 -2.172957975167144271e-02 -1.218658914728682277e-02 -1.465588732394366121e-02 -8.553264346190027692e-03 -2.212860486891385717e-02 -1.307849198868991231e-02 -2.488873370577281141e-02 -8.128197945845001479e-03 2.678621973929236344e-02 -2.290702425373134302e-02 -1.559146182495344500e-02 -1.400139275766013438e-03 -9.529375000000001386e-03 -1.170975378787875729e-03 -9.192306220095694189e-03 -1.647264565425023836e-02 -9.652637051039698879e-03 -7.028644859813085871e-03 -6.742537313432822501e-04 -2.991405959031658273e-03 -2.354379888268156445e-02 4.637502338634239517e-03 -1.620229831144465518e-02 -1.772334269662921569e-02 -1.938885767790263226e-03 -1.723429523809523814e-02 -9.784627862595419306e-03 -1.462084220716360072e-02 -1.686851923076923207e-02 -7.142499999999999544e-03 -1.455788732394366208e-02 -6.347420262664165043e-03 -9.283971830985912263e-03 -7.879962228517469608e-03 -2.697511214953270814e-02 -7.083218283582089735e-03 3.786673507462686578e-02 -1.988308123249299744e-02 -1.235222327341531281e-03 -1.377652502360717825e-02 -1.558980244590780877e-02 2.199631031220435073e-02 -1.871613832853026224e-02 -8.530770020533880171e-03 -1.087764642082429505e-02 -1.025462857142856897e-03 -2.609618266978922310e-02 -3.192327841845139791e-02 -1.452286000000000028e-02 -1.064203539823008887e-02 -2.594735449735449673e-02
-8.499695652173910182e-03 -3.764167938931297849e-03 -1.130229545454545549e-02 9.137847165991901111e-02 1.622002976190476189e-02 -1.779237742830712052e-02 0.000000000000000000e+00 1.068109900090826458e-01 -2.494867633726201642e-02 -1.582894832275611938e-02 3.939656960873521435e-02 -7.501090742438128525e-03 -1.532444852941176362e-02 -1.695526851851851882e-02 1.920449814126394192e-02 -2.123656927426955873e-02 8.664281793229644535e-02 -7.537825688073395737e-03 1.350610603290676448e-02 -4.156071757129716458e-03 -2.890315454545454646e-02 1.037087158469945508e-01 5.320496821071753202e-02 -2.132785974499089646e-02 1.434572727272727388e-02 9.652312783318223177e-02 -1.000682994454713676e-02 9.351148798521256855e-02 -2.546007462686567316e-03 -8.689581005586593729e-03 2.482792626728110973e-03 3.607567000911577476e-02 1.229240036396724300e-01 1.000725703905540331e-02 -1.404396003633060983e-02 1.175309580291970801e-01 -1.159426349496797681e-02 -2.176128884826325147e-02 -4.966913242009132236e-03 -1.031114206128133648e-02 5.685516279069767129e-03 8.858584905660375763e-03 1.095804123711340006e-02 4.375986200551977567e-02 -8.863241758241758445e-03 2.919723696248856248e-02 9.336590659340658627e-02 3.070089318600368808e-02 -2.574241567912488593e-02 1.111151501364877336e-01 9.482971792538671951e-02 -2.147580145719489922e-02 7.424102398523983737e-02 1.019793738489871149e-01 -2.317707339449541493e-02 1.185397968605724911e-01 -1.458222326454033761e-02 4.415886868686869082e-02 9.021563169164881560e-03 -9.976745495495495733e-03 8.264621965317918428e-02 2.357991843393148976e-02 1.180037623762376052e-02 2.338533916849014956e-03 -1.665010471204188269e-02
2.938844251626898663e-01 1.247601674277016848e-01 1.266269012485811696e-01 6.886882317073169668e-01 7.766177644710579864e-02 -1.720178171641790696e-02 1.068109900090826458e-01 0.000000000000000000e+00 5.662978817299205853e-02 7.178371908127209600e-02 4.367262399999999878e-01 1.913537578475336398e-01 1.097715737410071973e-01 5.596801630434783403e-02 1.998680145058930324e-01 -4.681731192660550794e-02 6.462020822162645173e-01 9.802506714413607158e-03 1.182368482142857197e-01 2.717004492362983317e-02 -5.573503558718861245e-02 7.646630570409981287e-01 1.145096003552397712e-01 -9.238806767586817473e-03 1.904114590747330860e-01 5.153311978704525620e-01 -4.747801809954750596e-02 6.533995294117647123e-01 -2.500023679417122044e-02 6.920955373406192934e-02 -3.109369369369351468e-04 1.724520785013380908e-01 7.322147415329768316e-01 4.235604982206406244e-02 1.738691555555555920e-02 6.131639875111507543e-01 8.548200357781753078e-02 7.642359249329764995e-04 -2.520119642857142697e-02 7.418473684210526164e-02 1.119674954462659411e-01 9.861057090239411238e-02 7.940488990825689264e-02 2.332748694869486439e-01 3.918723366159355265e-02 2.395712544802867661e-01 6.781857937219730736e-01 2.808054283137961793e-01 6.901195535714285678e-02 7.868999644128112925e-01 2.098189314336598443e-01 -2.051828724353201017e-04 3.198338211382114049e-01 7.358366456266907107e-01 -7.483965765765766831e-02 5.614047597461467864e-01 -5.360002764976957990e-02 3.709683730158729875e-01 1.299036880927292165e-02 2.124601328903654718e-01 8.017524259681093612e-01 5.375245954692556838e-01 1.461154313725490095e-01 1.096865800865801273e-02 5.192473684210529780e-03
-2.569913419913417030e-03 -1.628223404255318973e-02 -1.433312570781426938e-02 4.186428571428571499e-02 1.018631840796019837e-02 -2.666494413407821326e-02 -2.494867633726201642e-02 5.662978817299205853e-02 0.000000000000000000e+00 -1.617124890061565762e-02 1.701835398230088989e-02 -1.736225892857143002e-02 -2.504460161145926483e-02 -1.317775473399459066e-02 -8.415036101083031572e-03 -2.014816849816849706e-02 2.529023152270703720e-02 -1.056351158645276421e-02 -2.684289777777777719e-02 -1.982278424350939969e-02 -2.708297608503099779e-02 5.372003549245785853e-02 3.626603006189212802e-02 -2.269445921985815615e-02 -1.237711248892825466e-02 5.707713780918728663e-02 -1.966323423423423783e-02 4.727063063063063203e-02 -1.264400725294650973e-02 -2.461927470534904655e-02 -1.511912028725314293e-02 6.574245115452915719e-04 6.436880212954748659e-02 -1.224074402125775035e-02 -2.880720106288751220e-02 3.760204444444444766e-02 -1.122892156862745003e-02 -2.345286731967943100e-02 -1.088696619217081885e-02 -2.026210478771454243e-02 -8.458663636363635344e-03 -9.820321691176471871e-03 -1.081122486288848238e-02 7.554910394265233926e-03 -1.988074933095450650e-02 -5.103068688670828364e-03 5.632922321428571188e-02 7.130879712746852981e-04 -2.219018666666666695e-02 5.870155890168290980e-02 4.779936170212766011e-02 -2.895519538188276801e-02 2.586454136690647526e-02 4.370019748653500985e-02 -2.470278026905829705e-02 6.394086642599278170e-02 -2.235142201834862397e-02 1.407114511352418849e-02 -1.148216981132075404e-02 -1.500571585903083711e-02 5.300698754246885996e-02 2.316871382636656596e-02 -5.830330739299609266e-03 7.742575107296134455e-03 -1.592968749999996948e-03
2.181467532467533041e-02 -3.636762917933131830e-03 2.615243488108719844e-03 6.854561740890688371e-02 1.450122388059701777e-02 -2.481539106145251583e-02 -1.582894832275611938e-02 7.178371908127209600e-02 -1.617124890061565762e-02 0.000000000000000000e+00 4.252207712532866252e-02 -7.612201591511934783e-04 -8.351410825199644811e-03 -4.759749552772808831e-04 7.658533094812163683e-03 -1.377538112522685987e-02 4.980139575971731514e-02 -7.261946902654866677e-03 -1.526302469135802468e-02 -1.047978704525288560e-02 -2.022824407374890221e-02 7.205144239226032865e-02 4.209107800175284492e-02 -1.985217047451669908e-02 4.133248463564532203e-03 7.546378283712784629e-02 -1.249267202859696314e-02 7.040041964285714826e-02 -8.477517985611511195e-03 -1.127796945193171654e-02 -6.819056099732858679e-03 1.911354185022026350e-02 8.015525528169013814e-02 2.612467076382788377e-04 -1.995933216168717383e-02 6.547216931216931490e-02 -4.032546419098141308e-03 -1.636931978798586429e-02 -4.937034421888791998e-03 -3.446466367713003735e-03 1.780731707317073208e-03 5.114421148587055925e-03 3.284315503173161448e-03 1.259677333333333350e-02 -1.299283185840707962e-02 2.204457522123893717e-02 6.133217891939770489e-02 1.675357079252003806e-02 -5.506578483245151180e-03 8.211597539543058488e-02 5.222511443661971564e-02 -1.378768077601410895e-02 5.147869642857142575e-02 6.489950177935943643e-02 -1.412928888888888984e-02 9.340061717352415860e-02 -1.524050909090908686e-02 4.597882352941175949e-02 -1.147459937565036524e-02 4.357045901639343410e-02 8.871305961754780145e-02 5.982859872611465818e-02 2.268284615384615413e-02 -2.464989429175476737e-03 -1.299429292929293010e-02
1.388357483731019471e-01 6.521891603053435460e-02 8.373854379977246909e-02 3.565105792682926600e-01 5.028731268731267967e-02 -9.359570093457943857e-03 3.939656960873521435e-02 4.367262399999999878e-01 1.701835398230088989e-02 4.252207712532866252e-02 0.000000000000000000e+00 1.058431476569407503e-01 5.053078152753108510e-02 2.438788719785138850e-02 4.893220825852782896e-02 -1.707845173041894551e-02 3.499303014184397265e-01 4.822839396628215286e-03 5.671838053097345150e-02 1.934803921568627530e-02 -3.519917253521127193e-02 4.147115432098765764e-01 8.652601933216169661e-02 -7.331480176211453877e-03 1.020525088028169103e-01 3.047348990342405028e-01 -1.929697403760071914e-02 3.781033690795352897e-01 -8.067198198198200290e-03 5.074386138613861535e-02 8.204437500000001660e-03 1.015591342756183707e-01 4.081818623124448542e-01 2.790011443661971971e-02 9.724299559471363819e-03 3.281098143236074183e-01 4.674622340425531319e-02 6.905713020372008723e-03 -4.338398230088496253e-03 4.611708633093525300e-02 6.066712862318841132e-02 6.503877513711152358e-02 3.953461328480437076e-02 1.416691451469278551e-01 1.331998226950354726e-02 1.471750310559006292e-01 3.676600887311446408e-01 1.406013648528099680e-01 4.185496466431094797e-02 4.329703876651982419e-01 1.363487643424536599e-01 -3.245636042402827437e-03 1.856925491949910356e-01 3.697619786096256189e-01 -3.118796972395369502e-02 3.342043369175627388e-01 -2.387168488160291285e-02 2.281143025540275093e-01 1.695797916666666807e-02 1.340370208105147731e-01 4.441390868094701183e-01 3.126570144462279544e-01 9.595447674418604300e-02 1.908149253731342837e-02 1.248789743589743401e-02
5.458353711790393109e-02 7.231056661562023508e-03 3.212559127439724299e-02 1.370854200819671964e-01 2.822898288016112769e-02 -2.776569679849340971e-02 -7.501090742438128525e-03 1.913537578475336398e-01 -1.736225892857143002e-02 -7.612201591511934783e-04 1.058431476569407503e-01 0.000000000000000000e+00 -2.303622241835833959e-02 -6.591245551601422441e-03 1.162272808586762088e-02 -1.283053064958829086e-02 9.503313167259787309e-02 -6.173250222617988198e-03 1.006296625222025468e-02 9.753124999999997907e-03 -2.774246913580247220e-02 1.715939699381078543e-01 6.359344493392070363e-02 -1.133304770318021258e-02 1.169302736098852720e-02 1.329499735915493086e-01 -1.039754260089686098e-02 1.483703408071748997e-01 -2.288888888888904259e-04 -1.836935978358881713e-02 -2.148898836168307985e-03 4.675990265486725667e-02 1.908783200707338534e-01 1.463755300353356860e-02 -1.518583554376657860e-02 1.383790062111801278e-01 1.149436622222222287e-01 -1.184954666666666878e-02 -8.974866785079948714e-04 -7.670938628158845661e-03 2.443583106267029764e-02 3.277375802016498085e-02 4.388687329079307697e-03 3.870876003568243101e-02 -2.555013333333334101e-03 2.458356761565836518e-02 1.376205782918149545e-01 4.918823634735899897e-02 1.422448979591836235e-03 1.890993805309734432e-01 8.963079787234042028e-02 -2.387505767524401162e-02 8.475028751123089843e-02 1.642908863025962507e-01 -2.320909579230080386e-02 1.687331711711711757e-01 -1.431289112534309474e-02 7.711016781836130263e-02 -1.103808176100629090e-02 6.198811674008811168e-02 1.976823382519863892e-01 1.287724198717948576e-01 3.316320463320462930e-02 2.351985138004246065e-02 9.472373737373737668e-03
-7.837346491228070616e-03 -7.618496932515336426e-03 -1.714845005740528710e-03 9.709880000000001288e-02 6.333229061553985982e-03 -2.539427762039660544e-02 -1.532444852941176362e-02 1.097715737410071973e-01 -2.504460161145926483e-02 -8.351410825199644811e-03 5.053078152753108510e-02 -2.303622241835833959e-02 0.000000000000000000e+00 -2.071354609929077981e-02 7.553628239499553601e-03 -2.358947031963470539e-02 7.828830222222223079e-02 -1.128030276046304570e-02 -4.453197158081681744e-04 -1.704618409294012676e-02 -3.389205128205127759e-02 1.120737732506643103e-01 3.516507502206530494e-02 -2.604956637168141451e-02 1.415557029177718848e-02 8.707970899470900139e-02 -2.206103231597845646e-02 1.100192902066487038e-01 -2.116902262443438876e-02 3.848128390596744323e-03 -1.396867145421903066e-02 1.520775510204081492e-02 1.094501595744681033e-01 1.771424778761060154e-03 -1.929846767050487008e-02 8.972352888888888989e-02 -2.133376334519573175e-02 -2.436957257346393513e-02 -9.837651245551602697e-03 -8.715108499095840233e-03 2.163621474067335421e-03 3.409568411386595770e-03 -1.623744292237444520e-04 3.635617515638963487e-02 -1.575286476868327512e-02 2.410793410507568874e-02 9.880398395721926019e-02 3.494046678635547715e-02 -1.290701067615658212e-02 1.206034605146406313e-01 6.724215808170515285e-02 -1.582831111111111105e-02 5.798256525652564775e-02 1.201069838420108088e-01 -2.869772890484739367e-02 9.389335140018068016e-02 -1.995760330578512376e-02 3.380518811881187691e-02 -1.227722397476340571e-02 1.071848785871964277e-02 7.655042093287828253e-02 3.615804487179487270e-02 6.671143410852711265e-03 -5.460833333333333164e-03 -2.110422110552763811e-02
2.230518847006651706e-02 -7.922253086419750456e-03 6.597528868360278721e-03 3.777810950413224012e-02 7.703638211382112834e-03 -1.624334919124643256e-02 -1.695526851851851882e-02 5.596801630434783403e-02 -1.317775473399459066e-02 -4.759749552772808831e-04 2.438788719785138850e-02 -6.591245551601422441e-03 -2.071354609929077981e-02 0.000000000000000000e+00 1.446293643688453204e-03 -8.539560439560439989e-03 2.285301516503122563e-02 -9.638738819320214965e-03 -1.464631578947367917e-02 -3.769344703770197060e-03 -2.376783303730017893e-02 5.554384888888888594e-02 4.102162234042553562e-02 -2.212828444444444459e-02 -2.374511545293085527e-04 5.894852967227635215e-02 -8.698827772768260094e-03 5.894729241877257053e-02 -9.712809090909090351e-03 -3.854165154264972432e-03 -5.155491433724075645e-03 1.879126672613737684e-02 7.382576648841354672e-02 -6.817364203027614054e-04 -1.946329474621549122e-02 5.263613392857142970e-02 -1.569709302325581271e-02 -1.379151298119964120e-02 -4.284338103756710203e-03 -3.306472727272727688e-03 3.266557077625569828e-03 1.872493074792244043e-03 -3.719615032080666041e-04 3.234582210242586964e-03 -1.563606440071556303e-02 6.380617173524150663e-03 4.308133393017010010e-02 2.211825067628494373e-02 -9.985326184092939775e-03 6.082525846702317718e-02 4.607347011596787945e-02 -1.256703571428571635e-02 4.119817359855334343e-02 4.030425608656447445e-02 -1.586695220919747892e-02 7.675090661831368566e-02 -1.490971428571428656e-02 4.007495029821073196e-02 -6.234107708553326271e-03 3.618536585365853681e-02 6.809974885844749526e-02 3.469048387096774350e-02 2.480466796875000282e-02 -1.067370689655172591e-03 -1.368782828282828247e-02
6.436423162583519708e-02 1.549224458204334284e-02 1.494192799070862519e-04 1.725139067357512879e-01 1.263303771661569881e-02 -2.172957975167144271e-02 1.920449814126394192e-02 1.998680145058930324e-01 -8.415036101083031572e-03 7.658533094812163683e-03 4.893220825852782896e-02 1.162272808586762088e-02 7.553628239499553601e-03 1.446293643688453204e-03 0.000000000000000000e+00 -1.824664850136240024e-02 1.577724396782841931e-01 -8.795326768128917255e-03 -2.818305084745763040e-03 -1.239624100719424575e-02 -3.602016903914590645e-02 1.812971568627451124e-01 4.829755772646536494e-02 -2.592192341941228564e-02 1.878760676156583653e-02 1.410425732031942991e-01 -1.672544796380090806e-02 1.676799277326106730e-01 -5.489535941765242427e-03 -4.013581818181817008e-03 -1.570178700361011051e-02 3.844228775692582617e-02 1.914906339285714354e-01 4.142076648841354521e-03 -1.599421944692239195e-02 1.581748121645795702e-01 -2.314775985663083957e-03 -1.334215053763440802e-02 -9.539776386404295525e-03 3.022493175614193121e-03 1.193056828597616886e-02 1.367998148148147873e-02 1.247872928176796620e-03 4.203176576576576201e-02 1.763192825112109077e-03 5.008022401433692011e-02 1.826695605381165877e-01 7.076896115627823169e-02 -5.206884512085944994e-03 1.883715165031222272e-01 8.586289285714285291e-02 -1.777404293381037656e-02 8.577711956521738568e-02 1.844416260162601851e-01 -2.348674796747967503e-02 1.607911534968211043e-01 -2.252568790397044968e-02 9.437911354581673962e-02 4.267058201058201126e-03 4.968312569521690647e-02 2.003297477064220344e-01 1.464138834951456414e-01 4.516287109374999414e-02 2.815269978401726842e-03 -3.692639593908628171e-03
1.546850678733031371e-02 -3.894053208137706256e-04 -8.016741176470587246e-03 -4.203207764952781450e-02 1.407436401240951679e-02 -1.218658914728682277e-02 -2.123656927426955873e-02 -4.681731192660550794e-02 -2.014816849816849706e-02 -1.377538112522685987e-02 -1.707845173041894551e-02 -1.283053064958829086e-02 -2.358947031963470539e-02 -8.539560439560439989e-03 -1.824664850136240024e-02 0.000000000000000000e+00 -4.152116801437556043e-02 -2.449230769230769083e-03 -1.530246167718665555e-02 -3.349618528610354661e-03 -1.237213513513513684e-02 -3.964367328519855654e-02 3.296206834532373897e-02 -1.957336339044184192e-02 -1.607706306306306426e-02 -7.555507637017069671e-03 1.335534372135655651e-02 -1.908395985401459966e-02 3.999632352941176645e-03 -7.002093663911846538e-03 4.332629193109700273e-03 4.365212669683257024e-03 -2.442463833634719514e-02 4.749521660649818310e-03 -1.198506762849414070e-02 -1.547601809954751023e-02 -1.841377495462795041e-02 -8.524016319129646899e-03 1.679029810298103206e-02 -1.363919889502762488e-02 -5.058504155124653699e-03 -6.319123134328357740e-03 -4.539907235621521570e-03 -1.155951642335766548e-02 -9.285349682107174596e-03 -1.006025362318840530e-02 -2.854768392370572380e-02 -1.327419561243144315e-02 -2.019426244343891508e-02 -4.092266245487364423e-02 4.011041553748870975e-02 -1.640429475587703786e-02 -3.643406593406600300e-04 -3.549351598173515476e-02 3.495050228310503295e-03 9.282993572084482017e-03 4.552474323062552877e-04 -6.684777777777778200e-03 -4.508096774193548310e-03 -4.539322033898316594e-04 -4.284985997666277552e-02 -2.386827759197324497e-02 -3.135983606557377849e-03 1.776063781321184781e-02 -2.045671957671958002e-02
2.074431590413943205e-01 1.048874124809741348e-01 9.629375000000002516e-02 5.421454175152748967e-01 8.167767535070140361e-02 -1.465588732394366121e-02 8.664281793229644535e-02 6.462020822162645173e-01 2.529023152270703720e-02 4.980139575971731514e-02 3.499303014184397265e-01 9.503313167259787309e-02 7.828830222222223079e-02 2.285301516503122563e-02 1.577724396782841931e-01 -4.152116801437556043e-02 0.000000000000000000e+00 1.849452173913043382e-02 6.956549393414211691e-02 1.010821272885789081e-02 -6.665805363321800070e-02 6.002228856152512781e-01 1.054338321799307837e-01 -2.129474414570684676e-02 1.572973852813852880e-01 4.142129360967184426e-01 -1.920613415710503355e-02 5.092480457746478839e-01 -1.112220940550133312e-02 5.055623560673162126e-02 1.638402107111500399e-03 1.399140347826086928e-01 5.589748913987836465e-01 3.842318576388888823e-02 9.944319167389450032e-04 4.935006788511749343e-01 1.935871727748691637e-02 5.239877835951132308e-04 -4.875850043591980869e-03 5.253637732506642732e-02 7.650824420677362903e-02 8.936789568345325507e-02 6.415745080500895314e-02 1.969575087719298290e-01 2.160122270742358130e-02 2.018777768090671276e-01 5.295920611353711616e-01 2.095168101933216065e-01 4.540638501742160632e-02 6.058401996527779110e-01 1.952226759339704687e-01 -2.383460869565217580e-03 2.623782746478873773e-01 5.964193415276558552e-01 -4.682659350307287471e-02 4.589148896734333571e-01 -3.802434080717489312e-02 2.898942940038685134e-01 2.541558762886598002e-02 1.644852705627705414e-01 6.043996655518395489e-01 3.946585243328100678e-01 1.218207969639468757e-01 3.488668776371308539e-02 1.916296482412060270e-02
3.756864035087717837e-03 -2.756917177914110315e-03 -6.379577142857144507e-03 1.279676200204290203e-02 9.021787148594376249e-03 -8.553264346190027692e-03 -7.537825688073395737e-03 9.802506714413607158e-03 -1.056351158645276421e-02 -7.261946902654866677e-03 4.822839396628215286e-03 -6.173250222617988198e-03 -1.128030276046304570e-02 -9.638738819320214965e-03 -8.795326768128917255e-03 -2.449230769230769083e-03 1.849452173913043382e-02 0.000000000000000000e+00 -1.608740708729472502e-02 -6.220725524475525375e-03 -9.209636678200691998e-03 1.675121317157709936e-03 2.748047577854671394e-02 -1.301720728534258575e-02 -2.207456747404845047e-03 2.128546160483174923e-02 5.001084656084655612e-03 4.763394898856639949e-03 -1.232786596119929716e-03 -1.426960141718334671e-02 -4.990807726075505157e-03 -2.035373913043479407e-03 2.305890529973934205e-03 6.932333044232436882e-03 -1.146645833333333371e-02 1.497725609756097448e-02 -1.427851657940663183e-02 -1.277992146596858801e-02 9.082816041848299632e-03 -1.083517699115044142e-02 -7.508556149732619964e-03 -5.801915467625898444e-03 -3.777706093189964458e-03 -8.973707274320808891e-05 -8.215448997384482491e-03 1.317862129144850352e-03 1.476751748251747993e-02 -1.692231985940246966e-03 -1.145759581881533248e-02 1.604455729166666400e-02 5.209730668983492824e-02 -1.256596170583115790e-02 7.207621145374449451e-03 1.172970123022846686e-02 -3.337917398945518255e-03 2.649186560565870707e-02 -7.625938903863433392e-03 -1.223035887487876295e-03 -2.462105263157895237e-03 1.478892624728850129e-02 7.138480446927374448e-03 6.610901898734177114e-03 -1.300019047619048592e-03 5.516093418259024328e-03 -9.759214659685863658e-03
2.187183006535947660e-02 -1.954725609756091740e-04 1.089349999999999867e-02 1.140130182926829272e-01 1.018813186813186979e-02 -2.212860486891385717e-02 1.350610603290676448e-02 1.182368482142857197e-01 -2.684289777777777719e-02 -1.526302469135802468e-02 5.671838053097345150e-02 1.006296625222025468e-02 -4.453197158081681744e-04 -1.464631578947367917e-02 -2.818305084745763040e-03 -1.530246167718665555e-02 6.956549393414211691e-02 -1.608740708729472502e-02 0.000000000000000000e+00 -1.284514731369150627e-02 -3.030002579535683374e-02 1.143027045650301526e-01 2.629682717110920151e-02 -2.854025884383089295e-02 1.617476313522824959e-03 6.689444158075601166e-02 -7.038928884986831065e-03 1.178691506129597305e-01 -1.481102383053839282e-02 1.256655506607929663e-02 -5.948689956331877464e-03 2.419010380622837325e-02 1.349969403630077724e-01 6.707176165803108679e-03 -1.744372193436960136e-02 1.032027469670710601e-01 3.586860364267132392e-03 -1.777541268462206475e-02 -3.964348958333335782e-03 5.545811287477954085e-03 1.302020390070922004e-02 -6.104601611459263728e-03 5.418931433659840771e-03 1.894055797733217028e-02 -1.148212858384013886e-02 3.836680555555556371e-02 9.320085217391305132e-02 2.918277486910994881e-02 -1.634378682842288141e-02 1.181137737478411137e-01 5.299891097666378087e-02 -1.941503896103895926e-02 4.800346187554777044e-02 1.050414510489510733e-01 -1.828911713286713453e-02 1.291360070360597911e-01 -2.550064343163538708e-02 7.014215043394407545e-02 -7.403377823408626053e-03 2.575996763754045266e-02 1.023946273637375004e-01 7.239910658307209534e-02 1.839165725047081298e-02 4.801949685534590700e-03 -1.375944444444444220e-02
9.544878587196466493e-03 -1.016612903225806372e-02 -9.417217787913339036e-04 3.423939672801636080e-02 1.376042253521126725e-02 -1.307849198868991231e-02 -4.156071757129716458e-03 2.717004492362983317e-02 -1.982278424350939969e-02 -1.047978704525288560e-02 1.934803921568627530e-02 9.753124999999997907e-03 -1.704618409294012676e-02 -3.769344703770197060e-03 -1.239624100719424575e-02 -3.349618528610354661e-03 1.010821272885789081e-02 -6.220725524475525375e-03 -1.284514731369150627e-02 0.000000000000000000e+00 -1.678780550774526537e-02 2.480328151986183061e-02 3.651643103448275890e-02 -1.848317474048442877e-02 -5.885069084628671843e-03 3.492508620689654952e-02 -3.360616740088112945e-04 3.035394551845342972e-02 -4.304428697962799436e-03 -9.417294429708223530e-03 -5.315263157894736974e-03 1.094658854166666653e-02 4.071096270598439232e-02 1.684588031222896114e-03 -1.510401561144839380e-02 3.264361183637945474e-02 -8.944407665505225286e-03 -1.351245200698080427e-02 3.489616390584131516e-03 -8.205597874224977370e-03 5.743306595365419397e-03 2.569820143884892286e-03 -6.065317815577441277e-03 -3.646713409290100721e-04 -8.498655021834061393e-03 1.086312118570182837e-03 3.043081293706293572e-02 1.161307624890446991e-02 -1.167436901653611837e-02 3.363583333333333703e-02 5.221493043478260543e-02 -1.322553135888501936e-02 2.538191358024691202e-02 1.589759226713532633e-02 -8.794463971880493378e-03 5.178178603006189373e-02 -1.177050269299820609e-02 1.925501454898156939e-02 -2.827673216132369112e-03 1.521638436482084661e-02 2.376415453527435523e-02 1.558055205047318564e-02 3.443072519083969097e-03 2.737515923566877316e-03 -1.188881188118811986e-02
-5.361140692640691680e-02 -3.004074242424242119e-02 -1.744215575620767719e-02 -3.849624493927125690e-02 -6.873731343283586781e-04 -2.488873370577281141e-02 -2.890315454545454646e-02 -5.573503558718861245e-02 -2.708297608503099779e-02 -2.022824407374890221e-02 -3.519917253521127193e-02 -2.774246913580247220e-02 -3.389205128205127759e-02 -2.376783303730017893e-02 -3.602016903914590645e-02 -1.237213513513513684e-02 -6.665805363321800070e-02 -9.209636678200691998e-03 -3.030002579535683374e-02 -1.678780550774526537e-02 0.000000000000000000e+00 -6.124841296928328072e-02 1.948876490630323602e-02 -2.723942735042734695e-02 -2.811042662116040869e-02 -2.052091141396933383e-02 -9.896971279373367389e-03 -2.766032986111110689e-02 -6.992554680664916575e-03 -2.092154585152838225e-02 -9.104861351819757906e-03 -1.358439108061749480e-02 -3.370345329905741205e-02 -2.902724935732647806e-03 -2.264244215938303328e-02 -2.059587274290627240e-02 -3.287793103448276300e-02 -1.795375862068965614e-02 -5.534237726098192867e-03 -2.418011373578302786e-02 -1.032360915492957880e-02 -1.447882770870337343e-02 -2.464739168877099970e-02 -2.500503030303029978e-02 -1.644074201898187981e-02 -1.827738793103448126e-02 -4.307953367875647782e-02 -2.650494362532523560e-02 -2.610906276870163592e-02 -4.618267811158797975e-02 2.364699054170249157e-02 -2.730029259896729968e-02 -1.980348432055749081e-03 -5.415182291666667536e-02 -1.594909722222222215e-02 -5.267423580786022817e-03 -1.670756205673758904e-02 -2.293200956937798893e-02 -1.987323139653414741e-02 -1.616324411134903785e-02 -6.351539735099337447e-02 -3.244642301710730370e-02 -1.121811567164178979e-02 -9.043229813664597355e-03 -2.852797029702970263e-02
2.853300867678958963e-01 1.230136626139817779e-01 1.308012556561085893e-01 6.424357969543147417e-01 8.445329341317364680e-02 -8.128197945845001479e-03 1.037087158469945508e-01 7.646630570409981287e-01 5.372003549245785853e-02 7.205144239226032865e-02 4.147115432098765764e-01 1.715939699381078543e-01 1.120737732506643103e-01 5.554384888888888594e-02 1.812971568627451124e-01 -3.964367328519855654e-02 6.002228856152512781e-01 1.675121317157709936e-03 1.143027045650301526e-01 2.480328151986183061e-02 -6.124841296928328072e-02 0.000000000000000000e+00 1.251002728047740653e-01 -2.283999999999999572e-02 1.874128717948717882e-01 4.975032337883958378e-01 -4.425920731707316813e-02 6.182767391304347937e-01 -2.428765994741454923e-02 6.828660542432196667e-02 -3.187298001737620332e-03 1.622648925193465042e-01 7.049143298969072768e-01 4.206971673819742685e-02 2.420250643776824737e-02 5.875370456503014038e-01 7.362176876617773646e-02 -3.614853195164078378e-04 -1.788635893011216935e-02 6.428162138475021492e-02 1.018245414462081166e-01 1.081782295373665548e-01 7.206159433126660407e-02 2.225882307025151829e-01 2.931900605012965552e-02 2.372727892918825576e-01 6.261581833910033756e-01 2.531085577758470651e-01 5.879572782084410698e-02 7.595344282029234950e-01 2.175167700258398007e-01 -3.902646551724133460e-03 3.075489528795811722e-01 7.124341826086957319e-01 -6.885662608695651554e-02 5.422423447069116831e-01 -5.625416888888889327e-02 3.515076295585412569e-01 1.786940695296523884e-02 2.226258861439312509e-01 7.308698338870431854e-01 4.853756875000000415e-01 1.510363414634146306e-01 1.828670833333332843e-02 8.261940298507464142e-03
8.020015151515151597e-02 4.792650986342943814e-02 4.773383050847457287e-02 1.335211336032388618e-01 5.823746268656716102e-02 2.678621973929236344e-02 5.320496821071753202e-02 1.145096003552397712e-01 3.626603006189212802e-02 4.209107800175284492e-02 8.652601933216169661e-02 6.359344493392070363e-02 3.516507502206530494e-02 4.102162234042553562e-02 4.829755772646536494e-02 3.296206834532373897e-02 1.054338321799307837e-01 2.748047577854671394e-02 2.629682717110920151e-02 3.651643103448275890e-02 1.948876490630323602e-02 1.251002728047740653e-01 0.000000000000000000e+00 2.193620630861040088e-02 4.653927536231883960e-02 1.056196170212766045e-01 3.297042608695652938e-02 1.458150390286209741e-01 2.666717030567685581e-02 3.904974694589877920e-02 3.455426343154245628e-02 6.902937392795882587e-02 1.425460154241645350e-01 4.305505993150684357e-02 2.989470034246574995e-02 1.215742096219931401e-01 4.332647717484926914e-02 2.818403100775193626e-02 4.119240103270224024e-02 4.406092657342657037e-02 4.630852242744062930e-02 5.427818101153504549e-02 3.787936395759717439e-02 6.109347750865051774e-02 3.321906896551723998e-02 7.633411714039620155e-02 1.064848835202760885e-01 7.485632582322356010e-02 3.254431271477663257e-02 1.151648198970840614e-01 1.003857560137457056e-01 2.835616509028374838e-02 1.089826196692776222e-01 1.147243018213356391e-01 2.277683434518647243e-02 1.612207068062827264e-01 1.844243794326240818e-02 8.380701435406698319e-02 3.322635066258919356e-02 8.225050321199142700e-02 1.069145584988962366e-01 1.006550778816199393e-01 6.902624299065421298e-02 4.618006211180123582e-02 2.745683168316831457e-02
-2.817442516268980207e-02 -2.578360730593607514e-02 -2.063639864099660326e-02 -3.018732251521297379e-03 8.656600199401792359e-03 -2.290702425373134302e-02 -2.132785974499089646e-02 -9.238806767586817473e-03 -2.269445921985815615e-02 -1.985217047451669908e-02 -7.331480176211453877e-03 -1.133304770318021258e-02 -2.604956637168141451e-02 -2.212828444444444459e-02 -2.592192341941228564e-02 -1.957336339044184192e-02 -2.129474414570684676e-02 -1.301720728534258575e-02 -2.854025884383089295e-02 -1.848317474048442877e-02 -2.723942735042734695e-02 -2.283999999999999572e-02 2.193620630861040088e-02 0.000000000000000000e+00 -2.824833617747440212e-02 -3.227689684569479394e-03 -1.444535714285714173e-02 4.625299739357082753e-03 -1.079203152364273215e-02 -2.219342957130358840e-02 -1.299242397914856725e-02 1.616895958727428747e-03 9.211125429553266783e-03 -1.252227467811158935e-02 -2.591862660944205948e-02 6.186158484065459352e-03 -2.903088082901554220e-02 -2.122654576856649461e-02 -1.084258843830888941e-02 -2.077114811568799360e-02 -1.199354497354497388e-02 -1.321051601423487397e-02 -1.320945035460992928e-02 -1.019162326388888679e-02 -1.481537597234226615e-02 -1.982389464594127432e-02 9.354584775086526418e-04 -1.617038227628149472e-02 -2.499092161929371281e-02 -2.100472914875319529e-03 3.174281653746769544e-02 -2.675518965517241499e-02 7.638743455497373682e-04 -1.333981739130434517e-02 -1.947742608695652092e-02 2.112700787401575186e-02 -1.570869333333333243e-02 -1.066284069097888330e-02 -1.430948927477017352e-02 -1.095549356223175785e-02 -1.345745856353587405e-03 -1.461982812500000131e-02 -1.694552434456928977e-02 -7.538796680497927491e-03 -1.929386138613861656e-02
