0.000000000000000000e+00 2.004469164882227150e-01 2.152923076923076995e-01 2.250085775862068760e-01 1.595398275862068838e-01 2.154915869565217357e-01 2.165413260869565037e-01 2.722610845986984662e-01 2.415577489177489212e-01 1.944567316017316028e-01 1.737488069414316882e-01 1.937802620087336336e-01 2.320380482456140536e-01 1.951983813747228680e-01 2.166039420935411963e-01 1.830305203619909116e-01 1.425265577342048062e-01 1.991811622807017623e-01 1.782858605664488227e-01 1.964912362030905024e-01 2.107309523809523799e-01 2.072564859002169468e-01 1.011748051948052063e-01 2.123509978308026069e-01 2.085665943600867878e-01 2.152651397849462134e-01 1.700341387024608686e-01 2.593682378854625936e-01 1.833029147982062901e-01 2.198964745011086352e-01 1.779741201716738275e-01 1.273748706896551675e-01 2.643575161987041233e-01 1.497864146868250756e-01 1.816398488120950505e-01 5.832825708061003395e-02 2.462468627450980496e-01 2.139448380129589655e-01 1.661216450216450036e-01 2.386632891832229930e-01 2.285709492273730881e-01 2.131501809954751137e-01 2.225695322939866549e-01 2.008843137254902045e-01 2.291838646288209824e-01 2.009830434782608755e-01 2.344014814814814884e-01 2.189666228070175635e-01 1.989639696312364425e-01 2.742577321814254621e-01 1.246367386609071176e-01 2.229779347826086888e-01 1.512043777777777875e-01 1.670308222222222361e-01 1.753177212389380735e-01 2.670463251670378568e-01 2.041588864142538928e-01 2.396739861751151779e-01 1.970220745920745753e-01 -1.970805288461538116e-02 2.312690953545231964e-01 1.714332826747720362e-01 1.698666554054054090e-01 1.765369230769230913e-01 2.240261467889908265e-01
2.004469164882227150e-01 0.000000000000000000e+00 2.438336936936936761e-01 1.866456449165402320e-01 1.861586039453717867e-01 2.974736488549618030e-01 3.269887022900763718e-01 2.421733181126331791e-01 3.370413221884498434e-01 2.592985410334346930e-01 1.859053740458015136e-01 3.193010107197549741e-01 3.091921932515337978e-01 2.804986882716049568e-01 2.611136068111455377e-01 2.362296400625978066e-01 1.401996803652967860e-01 2.604420245398773037e-01 2.312889176829268090e-01 2.579747311827957357e-01 2.919580909090909171e-01 1.729721580547112225e-01 9.031024279210925210e-02 2.871658143074581337e-01 2.466646130500758927e-01 1.904095625942684722e-01 2.121839689922480343e-01 2.456328923076923076e-01 2.608134112149532724e-01 2.797087906976744032e-01 2.392061387631976288e-01 1.355519939577039257e-01 2.152044175491679423e-01 2.100498636363636595e-01 2.655848714069591887e-01 3.399321156773211366e-02 3.205638473282442780e-01 2.769196965098634222e-01 2.003772012102874034e-01 2.993810973724884139e-01 2.797629475308642255e-01 2.666172669826224473e-01 2.740877674418604748e-01 2.477573740458015317e-01 2.599981402439024425e-01 2.231453799392097148e-01 2.116707305936073036e-01 2.155067741935484116e-01 2.934710030395136782e-01 2.252408333333333346e-01 1.359976515151515297e-01 2.938527397260273788e-01 1.490659224806201444e-01 1.301388080495356203e-01 2.537299845679012456e-01 2.367436589147286774e-01 2.842154474097331462e-01 2.488411129568106062e-01 2.340989655172413808e-01 2.789812274368231107e-02 1.967232044198894969e-01 2.050589423076923101e-01 1.866874438202247577e-01 2.006928173374613045e-01 2.746142647058823494e-01
2.152923076923076995e-01 2.438336936936936761e-01 0.000000000000000000e+00 2.018976783691958932e-01 1.860239455782312923e-01 2.688701478953355872e-01 2.843169318181818506e-01 2.420294665153235047e-01 3.025773725934314817e-01 2.550387542468856017e-01 2.140245733788395943e-01 3.230150172215844329e-01 2.875919632606200316e-01 2.666444803695149912e-01 2.567516376306620551e-01 2.368742117647058554e-01 1.738446931818181662e-01 2.467200457142857128e-01 2.560380340909090835e-01 2.322217217787913568e-01 2.518639616252821845e-01 2.018795814479637796e-01 1.042284180790960524e-01 2.662620045300113092e-01 2.510338757062146597e-01 2.030520134983127001e-01 1.989040114942528803e-01 2.346633218390804798e-01 2.298386627906977009e-01 2.698060486674391800e-01 2.239160159817351614e-01 1.487114253393664876e-01 2.193249206349206781e-01 2.103279864253393416e-01 2.712149039548022444e-01 9.197702272727271977e-02 2.734071786120591541e-01 2.783502389078498229e-01 1.920337840909090987e-01 2.768931755196304967e-01 2.702704872389791180e-01 2.577784117647058948e-01 2.671950000000000158e-01 2.422892545871559722e-01 2.379482896237172240e-01 2.283884624145785525e-01 2.179428652968036784e-01 2.213020344827586194e-01 2.953742662116040640e-01 2.412236281179138409e-01 1.296646765039727589e-01 2.807655403868031807e-01 1.483127220299884641e-01 1.589505875576036897e-01 2.310314908256880517e-01 2.298725576036866336e-01 2.493480724299065587e-01 2.148479704797048029e-01 2.222227471116816622e-01 8.340687415426252527e-02 2.158185041551246852e-01 2.165249536178107670e-01 1.900453947368421215e-01 1.958513126491646938e-01 2.592588235294117638e-01
2.250085775862068760e-01 1.866456449165402320e-01 2.018976783691958932e-01 0.000000000000000000e+00 2.019665993945509441e-01 1.590383198380566632e-01 1.669796255060728707e-01 4.375619410569105971e-01 1.477832522796352632e-01 1.649305668016194382e-01 2.653485873983740251e-01 1.398139959016393430e-01 1.943147897435897609e-01 1.723748657024793407e-01 1.688225492227979629e-01 1.546164218258131995e-01 3.349618024439918185e-01 1.932003472931562715e-01 1.335844817073170709e-01 1.678538445807771229e-01 1.475373886639676224e-01 3.533308730964467292e-01 2.106063157894736693e-01 1.490284178498985646e-01 2.014286538461538267e-01 3.399965624999999880e-01 1.742808341915551007e-01 4.045953861997940160e-01 1.836439062499999886e-01 1.467357172557172684e-01 1.634182648870636523e-01 2.043148527918781932e-01 4.204447517730496298e-01 1.823814676113360012e-01 1.307644287158746255e-01 3.401708646998982677e-01 1.979569795918367237e-01 1.493059734964322094e-01 1.778423241590213755e-01 1.839831917098445624e-01 1.984643198338525705e-01 2.205043940990516205e-01 2.027476096033402897e-01 2.600271618852458833e-01 1.917588685015290673e-01 2.244689908256880806e-01 3.499958571428571363e-01 2.460507186858316153e-01 1.594518413021363268e-01 4.229224214792300374e-01 2.630607505070993724e-01 1.507489126016260117e-01 2.752678887744593461e-01 3.115119096509240126e-01 1.563885875127942748e-01 4.046840473738413935e-01 1.778577580813347214e-01 3.008971317829458036e-01 2.057455632984901139e-01 2.176779559363525018e-01 3.521959673366834576e-01 2.907857457627118225e-01 2.039918200408997739e-01 1.945145291479820626e-01 1.843827419354838737e-01
1.595398275862068838e-01 1.861586039453717867e-01 1.860239455782312923e-01 2.019665993945509441e-01 0.000000000000000000e+00 1.942210714285714235e-01 2.074469940476190155e-01 2.189986726546906126e-01 2.379426368159204275e-01 1.838428059701492645e-01 1.766692207792207592e-01 2.404509365558912537e-01 2.097938143289606316e-01 1.731801219512195122e-01 1.961496432212028462e-01 1.297899999999999887e-01 1.803308817635270456e-01 1.860545281124498240e-01 1.660066933066932926e-01 1.769065694164989877e-01 1.759269552238806322e-01 1.962945708582834181e-01 6.373753233830845022e-02 1.949765802592223207e-01 1.958765870646765883e-01 1.690749404761904551e-01 1.208912563323201461e-01 2.084888551165146597e-01 1.764704713114754187e-01 1.921531288343558130e-01 1.762521414141414167e-01 1.344210499999999864e-01 2.007800998003991533e-01 1.446270488534396603e-01 1.923685159362549801e-01 1.165945245245245260e-01 1.647575025075225796e-01 1.968519358074222458e-01 1.151195891783567266e-01 2.004633706720977682e-01 1.960886414708886694e-01 2.003028838174273629e-01 2.026328733264675941e-01 2.069439152371341795e-01 2.049039457831325628e-01 1.839092084168336416e-01 1.977981243731193328e-01 1.846875705645160959e-01 1.943110389610389621e-01 2.189105776892430189e-01 1.063784546360917183e-01 2.038179720279720275e-01 1.261491489361702134e-01 1.773971081900909963e-01 1.592192346424974869e-01 2.063635460992907789e-01 2.042630349794238853e-01 2.109429042904290286e-01 1.775462629757785515e-01 8.932176829268291540e-02 2.058587749999999938e-01 1.807960913705583816e-01 1.768919878296145998e-01 1.209375501113585799e-01 2.088150802139037421e-01
2.154915869565217357e-01 2.974736488549618030e-01 2.688701478953355872e-01 1.590383198380566632e-01 1.942210714285714235e-01 0.000000000000000000e+00 3.825071045328399810e-01 1.831297201492537441e-01 3.993937337057728576e-01 2.899891247672253258e-01 1.858252897196261966e-01 3.990572316384181084e-01 3.244220774315391687e-01 2.819193720266413572e-01 3.120231327602674409e-01 2.722818604651163210e-01 1.367191643192488260e-01 2.727984195672624734e-01 2.935422191011236026e-01 3.054957775683317944e-01 3.264850931098696729e-01 1.336449673202614319e-01 7.002628491620112305e-02 3.513440951492537434e-01 2.914760428305401274e-01 1.614236583101206768e-01 2.430853409090909245e-01 1.854487026515151682e-01 2.622116555023923379e-01 3.221360458452721676e-01 2.667391965973534562e-01 1.356414953271027901e-01 1.331435447761194213e-01 2.244650372439478403e-01 3.263620297951583260e-01 1.937913002806361529e-02 3.427165384615384336e-01 3.279945880149812698e-01 2.269819288389512968e-01 3.373990476190475984e-01 2.977954675572518917e-01 2.930795546950629715e-01 2.851464230769230612e-01 2.425643584905660399e-01 3.090041877934272541e-01 2.209989024390243972e-01 1.632041408450704278e-01 2.383620491029272981e-01 3.433123831775700685e-01 1.674307649253731489e-01 1.080292164179104397e-01 3.418947432306255751e-01 1.169405108798486359e-01 9.678201133144474777e-02 2.852640451552210799e-01 1.855046736045411482e-01 2.973357252641690152e-01 2.316293223819302083e-01 2.600973427331886856e-01 6.187361142857142338e-02 1.516885597189695789e-01 1.662884349258649253e-01 1.829492799999999919e-01 2.096799778761062050e-01 3.416506349206349658e-01
2.165413260869565037e-01 3.269887022900763718e-01 2.843169318181818506e-01 1.669796255060728707e-01 2.074469940476190155e-01 3.825071045328399810e-01 0.000000000000000000e+00 1.660247865576748583e-01 3.138263735267452503e-01 2.965057479601088120e-01 1.498489535941765205e-01 3.077114390467461380e-01 3.263025183823529130e-01 3.018172592592592851e-01 2.543212546468401891e-01 2.911632799245994496e-01 1.343958554437328368e-01 2.951809174311926798e-01 2.689816544789762620e-01 3.057786568537258498e-01 3.907983181818182050e-01 1.395935792349726756e-01 1.241622706630336193e-01 3.538456010928962003e-01 2.592886818181818209e-01 1.839355666364460296e-01 2.923703049907578344e-01 1.874039186691312531e-01 2.815295242537313447e-01 2.645898696461825295e-01 2.890034654377880430e-01 1.693729261622607118e-01 1.509269244767970919e-01 2.416412443233424134e-01 3.078353769300635756e-01 4.176803832116788434e-02 3.907440988106130053e-01 3.087820475319926761e-01 2.816527397260274457e-01 3.161972423398328735e-01 2.860378139534883735e-01 2.879092924528302011e-01 2.995246954076851154e-01 2.523453633854645939e-01 3.495074633699633559e-01 2.317594602012808813e-01 1.529639377289377378e-01 2.355377716390423815e-01 2.836928258887875809e-01 1.632669790718835334e-01 1.618222474977251968e-01 3.559012112932604666e-01 1.596851014760147791e-01 9.388487108655615976e-02 3.388724954128440880e-01 2.068453924284395229e-01 3.383019230769230834e-01 2.270872828282828604e-01 3.701324089935760231e-01 8.515438063063064666e-02 1.079638265895953853e-01 1.414160358890701741e-01 2.397549108910891624e-01 3.214804376367614847e-01 4.203936125654450517e-01
2.722610845986984662e-01 2.421733181126331791e-01 2.420294665153235047e-01 4.375619410569105971e-01 2.189986726546906126e-01 1.831297201492537441e-01 1.660247865576748583e-01 0.000000000000000000e+00 1.607414298323036339e-01 1.977372438162544321e-01 3.164459644444444497e-01 1.469975426008968411e-01 2.149315737410072147e-01 1.910978894927536087e-01 2.031946509519492183e-01 1.677362660550458795e-01 3.973377747989276232e-01 2.231128469113697055e-01 1.632843214285714384e-01 1.915213746630727853e-01 1.764554715302490973e-01 3.840548128342246015e-01 2.405057015985790358e-01 1.813980676758682187e-01 2.191956405693950283e-01 3.785379769299023756e-01 1.760384162895927418e-01 4.712656923076923299e-01 2.116100910746812336e-01 1.792952732240437053e-01 1.924569099099099068e-01 2.506668688670830036e-01 4.862644919786096032e-01 2.231166192170818685e-01 1.533659111111111140e-01 4.563233541480821165e-01 2.290667531305903559e-01 1.723491867739052885e-01 1.778349821428571453e-01 2.010186116152449798e-01 2.264333970856102218e-01 2.258085174953959329e-01 2.328533394495412856e-01 2.820428442844284400e-01 2.142696866606983164e-01 2.745101433691756743e-01 4.032748340807174592e-01 2.788383318304779035e-01 1.787958124999999843e-01 4.776255604982206360e-01 2.726649777382012529e-01 1.830664495985727114e-01 3.065645257452574990e-01 3.400126961226330180e-01 1.735554864864864988e-01 4.413915321849501416e-01 2.045382857142857003e-01 3.436934623015873158e-01 2.312468703898840905e-01 3.167755481727574374e-01 3.908947722095671984e-01 3.511411812297734469e-01 2.403490196078431340e-01 1.855898701298701325e-01 2.086291578947368219e-01
2.415577489177489212e-01 3.370413221884498434e-01 3.025773725934314817e-01 1.477832522796352632e-01 2.379426368159204275e-01 3.993937337057728576e-01 3.138263735267452503e-01 1.607414298323036339e-01 0.000000000000000000e+00 3.319778891820581168e-01 1.742956902654867191e-01 3.391245089285714887e-01 3.492885138764547648e-01 3.467264923354373418e-01 2.777668231046931391e-01 3.131682417582418165e-01 1.110780053428317010e-01 3.179490909090909034e-01 2.764296800000000109e-01 3.342965890778871740e-01 4.368814791851196033e-01 1.050167169476486223e-01 1.313034129089301616e-01 4.169523758865247842e-01 2.707354118689105360e-01 1.774961130742049586e-01 3.074801801801801959e-01 1.768764054054053902e-01 3.211407524932003987e-01 2.939879147778785562e-01 2.984304219030520233e-01 1.832458259325044636e-01 1.275755723158828736e-01 2.505652258635961416e-01 3.165279893711248627e-01 1.398947555555555590e-02 5.125691800356506622e-01 3.360437934105076074e-01 2.879339145907473529e-01 3.365061156278230103e-01 3.044886454545454590e-01 3.129845312500000309e-01 3.241474497257769150e-01 2.659487903225806749e-01 3.655362533452274354e-01 2.420549152542373073e-01 1.484875624999999755e-01 2.493787701974865267e-01 3.326321955555555654e-01 1.575480070859167359e-01 1.561357180851063731e-01 3.740035079928952788e-01 1.447784892086330655e-01 6.752855475763014370e-02 3.660086816143497401e-01 1.947414079422382649e-01 3.846027614678898532e-01 2.382952813425469052e-01 3.746861740041928512e-01 1.110352973568281970e-01 1.180028086070215310e-01 1.616517684887459894e-01 2.348515564202334482e-01 2.851031759656652564e-01 3.840022395833333491e-01
1.944567316017316028e-01 2.592985410334346930e-01 2.550387542468856017e-01 1.649305668016194382e-01 1.838428059701492645e-01 2.899891247672253258e-01 2.965057479601088120e-01 1.977372438162544321e-01 3.319778891820581168e-01 0.000000000000000000e+00 1.898865381244522199e-01 3.181248629531388539e-01 2.847162999112688442e-01 2.851134794275492212e-01 2.605045169946332839e-01 2.416392831215971038e-01 1.444351590106006944e-01 2.441628672566371894e-01 2.387731305114638436e-01 2.679920408163264933e-01 2.924966900790166857e-01 1.483372647317502124e-01 9.290631025416301592e-02 3.107781634446397101e-01 2.614307901668130318e-01 1.778318213660245173e-01 2.205171134941912303e-01 1.937760357142856993e-01 2.457897931654676182e-01 2.539815363881401389e-01 2.299949154051647293e-01 1.384160704845814882e-01 1.545902904929577493e-01 2.085180772607550248e-01 2.708481546572934495e-01 4.270769841269841938e-02 3.296410079575596841e-01 2.661602915194346552e-01 2.002503000882612516e-01 2.908081883408071833e-01 2.575226829268292827e-01 2.568151777575204964e-01 2.762635720761559832e-01 2.192967111111110978e-01 2.709415840707964929e-01 2.066518849557522353e-01 1.708179273693533895e-01 2.184634194122885287e-01 2.946658289241622097e-01 1.821417223198594226e-01 1.248804665492957572e-01 2.956294091710758853e-01 1.222783214285714515e-01 1.114003647686832715e-01 2.518246311111110858e-01 1.995522987477638954e-01 2.741684818181818195e-01 2.235624019607843349e-01 2.373093964620187346e-01 7.391187978142076120e-02 1.641880989876265129e-01 1.673483598726114852e-01 1.767652500000000126e-01 1.913829386892177686e-01 2.649403030303030815e-01
1.737488069414316882e-01 1.859053740458015136e-01 2.140245733788395943e-01 2.653485873983740251e-01 1.766692207792207592e-01 1.858252897196261966e-01 1.498489535941765205e-01 3.164459644444444497e-01 1.742956902654867191e-01 1.898865381244522199e-01 0.000000000000000000e+00 1.744618125552608312e-01 1.774907815275310885e-01 2.048878603401969589e-01 1.375933662477558383e-01 1.566683515482695799e-01 2.563846808510638065e-01 1.837534693877551362e-01 1.380540088495575413e-01 1.789499732620320749e-01 1.747578433098591344e-01 2.602432804232803765e-01 1.546879173989454959e-01 1.781825022026431726e-01 1.832018133802816862e-01 2.535875153643546986e-01 1.513262130707251352e-01 3.143227613941018683e-01 1.813073513513513424e-01 1.687834383438343577e-01 1.679032142857142806e-01 1.501850176678445059e-01 3.033941571050309260e-01 1.637473943661972020e-01 1.613299207048458084e-01 2.384117771883289272e-01 2.153320478723404485e-01 1.636518069087688210e-01 1.515209203539822913e-01 1.925441276978417104e-01 1.870767934782608666e-01 1.992840219378427813e-01 1.918985350318471728e-01 2.081439804096170965e-01 1.959408510638297740e-01 1.970354392191659421e-01 2.580079236912156126e-01 1.869752720785013422e-01 1.722309805653710058e-01 3.111260792951541787e-01 1.819110150044130902e-01 1.800465371024735084e-01 1.989668962432916133e-01 2.109987878787878690e-01 1.859624666073018684e-01 3.164700268817204898e-01 1.927750819672131022e-01 2.432663654223968241e-01 1.925368125000000152e-01 2.125524863088718852e-01 2.711367643742954026e-01 2.453346548956661377e-01 1.882152131782945936e-01 1.530360767590618343e-01 2.047807692307692107e-01
1.937802620087336336e-01 3.193010107197549741e-01 3.230150172215844329e-01 1.398139959016393430e-01 2.404509365558912537e-01 3.990572316384181084e-01 3.077114390467461380e-01 1.469975426008968411e-01 3.391245089285714887e-01 3.181248629531388539e-01 1.744618125552608312e-01 0.000000000000000000e+00 3.418776610767872981e-01 3.329919839857651831e-01 2.455644722719141082e-01 3.525461299176578245e-01 1.028776690391459137e-01 2.935847818343722548e-01 2.784218294849022945e-01 3.757085892857143228e-01 4.826475925925926558e-01 1.171244120247568327e-01 1.380577533039647475e-01 4.211600706713780617e-01 2.700274580759046694e-01 1.788686619718309612e-01 3.310937757847534080e-01 2.006206636771300511e-01 3.171911020776874146e-01 2.835415779981965700e-01 3.010008683974932930e-01 1.796537787610619497e-01 1.411088240495136925e-01 2.585322703180212289e-01 3.367984261715296079e-01 5.775305235137533078e-02 6.754594222222222166e-01 3.420512799999999576e-01 3.042924333925399738e-01 3.414204693140794333e-01 3.275140054495912501e-01 3.200736755270394140e-01 2.980626344576116082e-01 2.553602765388046647e-01 3.826541777777777709e-01 2.347394483985764946e-01 1.428309519572953656e-01 2.519677887197851462e-01 3.355511268855368434e-01 1.524174955752212179e-01 1.687344858156028249e-01 3.985600088731144908e-01 1.623182479784366639e-01 6.287731423455684976e-02 4.025856311548791644e-01 2.283655225225225405e-01 3.905604483074108235e-01 2.259698321816387134e-01 3.904254926624737831e-01 2.169571255506607954e-01 1.226610102156640431e-01 1.685679647435897321e-01 2.396209073359073238e-01 2.634968152866242197e-01 3.701013636363635895e-01
2.320380482456140536e-01 3.091921932515337978e-01 2.875919632606200316e-01 1.943147897435897609e-01 2.097938143289606316e-01 3.244220774315391687e-01 3.263025183823529130e-01 2.149315737410072147e-01 3.492885138764547648e-01 2.847162999112688442e-01 1.774907815275310885e-01 3.418776610767872981e-01 0.000000000000000000e+00 2.936328014184397261e-01 2.795984003574620291e-01 2.612376621004565691e-01 1.556126044444444412e-01 2.887222261798753076e-01 2.931990319715808146e-01 2.976960947274352454e-01 3.479809637488948115e-01 1.626520017714791766e-01 1.185189408649603010e-01 3.559438230088495803e-01 2.827402387267904382e-01 1.950606172839506047e-01 2.494841831238778784e-01 2.315421743036837898e-01 2.713752941176471034e-01 3.095436980108499103e-01 2.688973698384201083e-01 1.666008873114463162e-01 1.733934042553191557e-01 2.307743628318584261e-01 3.137300265721877368e-01 4.547642666666666666e-02 3.856353736654804520e-01 3.078530721282279337e-01 2.350453825622775827e-01 3.146162206148282459e-01 2.874468152866241910e-01 3.058247474747474715e-01 3.001597351598174201e-01 2.702733780160857524e-01 3.134729003558718308e-01 2.393636242208370124e-01 1.979808734402851988e-01 2.493299371633752315e-01 3.142091014234875135e-01 1.983277373558119117e-01 1.449976110124334139e-01 3.460471466666666940e-01 1.517025112511251328e-01 1.199099820466786454e-01 3.002147935368043030e-01 2.146115447154471334e-01 3.213989164370982810e-01 2.381667326732673506e-01 2.887458780231335620e-01 8.252231788079469887e-02 1.587648577929465232e-01 1.878360096153846304e-01 2.190869186046511541e-01 2.365299786324786546e-01 3.073134170854271430e-01
1.951983813747228680e-01 2.804986882716049568e-01 2.666444803695149912e-01 1.723748657024793407e-01 1.731801219512195122e-01 2.819193720266413572e-01 3.018172592592592851e-01 1.910978894927536087e-01 3.467264923354373418e-01 2.851134794275492212e-01 2.048878603401969589e-01 3.329919839857651831e-01 2.936328014184397261e-01 0.000000000000000000e+00 2.783624977618621155e-01 2.339058791208791510e-01 1.471872613737734425e-01 2.356517710196780191e-01 2.514833809099018547e-01 2.573726750448833145e-01 2.839540408525755288e-01 1.524550488888888888e-01 8.419277482269503510e-02 3.054392888888888824e-01 2.650839520426287454e-01 1.684173604960141901e-01 1.974476375112713955e-01 2.026676444043321312e-01 2.238937272727272998e-01 2.739983030852994883e-01 2.351785392245265838e-01 1.296051471900089291e-01 1.618759893048128395e-01 1.898121193232413517e-01 2.779109706144256564e-01 6.126113392857143042e-02 2.940433542039356252e-01 2.829498925693822442e-01 1.884385509838998329e-01 2.990044272727272467e-01 2.718951050228310407e-01 2.641557617728532148e-01 2.561781301558203605e-01 2.302160916442048399e-01 2.558520572450804775e-01 1.998774776386404162e-01 1.739917278424351066e-01 2.203423985572587618e-01 3.064463985701519899e-01 1.933048573975044704e-01 1.035753880463871623e-01 3.035863482142857062e-01 1.296012386980108511e-01 1.249956627592425651e-01 2.461810820559062196e-01 1.975725747960108691e-01 2.702111336405529918e-01 2.273311033797216496e-01 2.313667159450897848e-01 7.288666297117517290e-02 1.769901484018265303e-01 1.832418064516128930e-01 1.829669921875000105e-01 2.027731465517241261e-01 2.573155050505050445e-01
2.166039420935411963e-01 2.611136068111455377e-01 2.567516376306620551e-01 1.688225492227979629e-01 1.961496432212028462e-01 3.120231327602674409e-01 2.543212546468401891e-01 2.031946509519492183e-01 2.777668231046931391e-01 2.605045169946332839e-01 1.375933662477558383e-01 2.455644722719141082e-01 2.795984003574620291e-01 2.783624977618621155e-01 0.000000000000000000e+00 2.559636784741144422e-01 1.412676586237712195e-01 2.718462130707252067e-01 2.241962355040142407e-01 2.643481474820144062e-01 3.239101334519572939e-01 1.586919875222816412e-01 1.307790586145648470e-01 3.051457346393589010e-01 2.232004003558718808e-01 1.990879769299024049e-01 2.500688325791854960e-01 2.171542366757001075e-01 2.647350955414012885e-01 2.479253909090909369e-01 2.408024007220216922e-01 1.668213226094727719e-01 1.752602500000000063e-01 2.258415597147949982e-01 2.591490276538804816e-01 8.625340787119856190e-02 3.622273566308243375e-01 2.849481989247311664e-01 2.304782826475849644e-01 2.830912738853502697e-01 2.504692667277726992e-01 2.525170648148148400e-01 2.678231860036832668e-01 2.483259279279279585e-01 2.985835246636771578e-01 2.265942204301075458e-01 1.856986816143497976e-01 2.451040198735320585e-01 2.435988451208594696e-01 1.938634433541480961e-01 1.576263392857142620e-01 3.103169230769231013e-01 1.431249728260869658e-01 1.179551761517615427e-01 2.925117163504968310e-01 1.984153950953678192e-01 3.136071283471837390e-01 2.327454780876494211e-01 2.957210687830688078e-01 1.619918242491657501e-01 1.668634977064220315e-01 1.875124919093851261e-01 1.909172265624999865e-01 2.011215550755938997e-01 2.755765989847715480e-01
1.830305203619909116e-01 2.362296400625978066e-01 2.368742117647058554e-01 1.546164218258131995e-01 1.297899999999999887e-01 2.722818604651163210e-01 2.911632799245994496e-01 1.677362660550458795e-01 3.131682417582418165e-01 2.416392831215971038e-01 1.566683515482695799e-01 3.525461299176578245e-01 2.612376621004565691e-01 2.339058791208791510e-01 2.559636784741144422e-01 0.000000000000000000e+00 1.336948876909254125e-01 2.463707149321266998e-01 2.392683228133453410e-01 2.450362851952770094e-01 2.692199819819819373e-01 1.388857039711191288e-01 4.932353417266187312e-02 2.821914337240757353e-01 2.418457477477477524e-01 1.461523989218328767e-01 1.686131347387717638e-01 1.658750821167883083e-01 2.344970496323529330e-01 2.774860789715334897e-01 2.236789573889392535e-01 1.417201266968325934e-01 1.339026220614828178e-01 1.895580234657039675e-01 2.761016140667267860e-01 5.639341176470588635e-02 2.723334936479128721e-01 2.754911151405258773e-01 1.608156097560975439e-01 2.655137200736648051e-01 2.505567128347184203e-01 2.564499813432835618e-01 2.649957884972170552e-01 2.315600364963503466e-01 2.794742779291553569e-01 1.997628985507246269e-01 1.491190463215258943e-01 2.057890219378427643e-01 2.800435384615384549e-01 1.612886642599277720e-01 8.369343270099367793e-02 2.726473146473779585e-01 1.032402014652014782e-01 1.179119086757990931e-01 2.305311963470319803e-01 1.600005509641873325e-01 2.922094397759103512e-01 2.209456464646464557e-01 2.256001290322580677e-01 9.601794350282485957e-02 1.589300466744457407e-01 1.588437458193979746e-01 1.792376844262295044e-01 1.544557175398633408e-01 2.742424867724867488e-01
1.425265577342048062e-01 1.401996803652967860e-01 1.738446931818181662e-01 3.349618024439918185e-01 1.803308817635270456e-01 1.367191643192488260e-01 1.343958554437328368e-01 3.973377747989276232e-01 1.110780053428317010e-01 1.444351590106006944e-01 2.563846808510638065e-01 1.028776690391459137e-01 1.556126044444444412e-01 1.471872613737734425e-01 1.412676586237712195e-01 1.336948876909254125e-01 0.000000000000000000e+00 1.773746173913043345e-01 1.109525649913344764e-01 1.365340889276373260e-01 1.306891955017301099e-01 3.326803032928942194e-01 1.684998356401384012e-01 1.388785949696444144e-01 1.706547619047618924e-01 2.961692400690846272e-01 1.343644307149161332e-01 3.733424295774648294e-01 1.634005678793256644e-01 1.276709300265721769e-01 1.420495610184372426e-01 1.697903043478260765e-01 3.869988184187662661e-01 1.512496527777777711e-01 1.112575195143104961e-01 2.832016623150565016e-01 1.800612739965095910e-01 1.221351483420593381e-01 1.468942371403661740e-01 1.524169619131975073e-01 1.767773618538324432e-01 1.657424280575539588e-01 1.790127549194991119e-01 2.122706228070175005e-01 1.654246986899563232e-01 2.036197471665213699e-01 3.097653711790392950e-01 2.129543145869947085e-01 1.427669686411149885e-01 3.940337326388889116e-01 2.045301824500434518e-01 1.391175391304347864e-01 2.488659683098591313e-01 2.810357243195785726e-01 1.333061106233538462e-01 3.675835834068843511e-01 1.563868699551569375e-01 2.641946034816247679e-01 1.716107319587628910e-01 1.285661688311688367e-01 3.218268561872908995e-01 2.591639246467817848e-01 1.839800948766603383e-01 1.545574472573839619e-01 1.662619095477386733e-01
1.991811622807017623e-01 2.604420245398773037e-01 2.467200457142857128e-01 1.932003472931562715e-01 1.860545281124498240e-01 2.727984195672624734e-01 2.951809174311926798e-01 2.231128469113697055e-01 3.179490909090909034e-01 2.441628672566371894e-01 1.837534693877551362e-01 2.935847818343722548e-01 2.887222261798753076e-01 2.356517710196780191e-01 2.718462130707252067e-01 2.463707149321266998e-01 1.773746173913043345e-01 0.000000000000000000e+00 2.932769662921348441e-01 2.314034790209790471e-01 2.673501038062284230e-01 1.873345147313691672e-01 8.992777681660898970e-02 2.684244492627927414e-01 2.533541868512110273e-01 1.852500517687661885e-01 2.201515520282187055e-01 1.933290061565523521e-01 2.510200440917107478e-01 2.747080425155004058e-01 2.409693590869183832e-01 1.658340956521739129e-01 1.629252823631624769e-01 2.174749176062445721e-01 2.789384375000000249e-01 7.261734320557493294e-02 2.181086823734729452e-01 2.902989005235602216e-01 2.040324324324324368e-01 2.783326725663717305e-01 2.558259269162210803e-01 2.531221492805755258e-01 2.611426254480286868e-01 2.331213584574934605e-01 2.539306015693112428e-01 2.312367626527050968e-01 1.952077709790209781e-01 2.151211159929701244e-01 2.805411759581881159e-01 2.084566232638889183e-01 1.110692615117289395e-01 2.678089382071366931e-01 1.336107224669603466e-01 1.674889543057996588e-01 2.395806414762741976e-01 1.742048541114058213e-01 2.645886882300089726e-01 2.305873132880698340e-01 2.230286171310629506e-01 5.679152928416485863e-02 2.061230502793296171e-01 2.038357911392404964e-01 1.955664380952381043e-01 1.989414012738853210e-01 2.695504188481676056e-01
1.782858605664488227e-01 2.312889176829268090e-01 2.560380340909090835e-01 1.335844817073170709e-01 1.660066933066932926e-01 2.935422191011236026e-01 2.689816544789762620e-01 1.632843214285714384e-01 2.764296800000000109e-01 2.387731305114638436e-01 1.380540088495575413e-01 2.784218294849022945e-01 2.931990319715808146e-01 2.514833809099018547e-01 2.241962355040142407e-01 2.392683228133453410e-01 1.109525649913344764e-01 2.932769662921348441e-01 0.000000000000000000e+00 2.428439514731369209e-01 2.938326827171108824e-01 1.110039448751076741e-01 6.415355116079105025e-02 2.879852200172562937e-01 2.191115762273901924e-01 1.503391408934707796e-01 2.180903072870939152e-01 1.744555429071803776e-01 2.696223742277140123e-01 2.601678061674008169e-01 2.465965152838427710e-01 1.552443512110726620e-01 1.124724805531547162e-01 2.228167271157168172e-01 2.460381692573402335e-01 5.630389948006932037e-03 3.805915784908933119e-01 2.785602172024326806e-01 1.975554600694444385e-01 2.815211992945326203e-01 2.561018882978723377e-01 2.449695165622202131e-01 2.640001335707925501e-01 2.168837314734088917e-01 2.801142745438748860e-01 2.035576302083333400e-01 1.414503217391304413e-01 1.955807940663176203e-01 2.552941074523396581e-01 1.549324870466321225e-01 1.295903543647363709e-01 2.910250909090908999e-01 1.060260385626643209e-01 8.568276223776223610e-02 2.536254720279720321e-01 2.002966578715918988e-01 3.012459785522788036e-01 2.234846962391513758e-01 2.548538706365502948e-01 4.179170442286948839e-02 1.341928587319243527e-01 1.505158934169279206e-01 2.026764971751412181e-01 1.851210901467505443e-01 3.052036868686868742e-01
1.964912362030905024e-01 2.579747311827957357e-01 2.322217217787913568e-01 1.678538445807771229e-01 1.769065694164989877e-01 3.054957775683317944e-01 3.057786568537258498e-01 1.915213746630727853e-01 3.342965890778871740e-01 2.679920408163264933e-01 1.789499732620320749e-01 3.757085892857143228e-01 2.976960947274352454e-01 2.573726750448833145e-01 2.643481474820144062e-01 2.450362851952770094e-01 1.365340889276373260e-01 2.314034790209790471e-01 2.428439514731369209e-01 0.000000000000000000e+00 2.754047418244406353e-01 1.480365975820379931e-01 8.214797413793104019e-02 2.894205103806228307e-01 2.539763385146804886e-01 1.631951637931034760e-01 2.126061145374449624e-01 1.874659402460457092e-01 2.287493091231178055e-01 2.908785411140583088e-01 2.405641140350877616e-01 1.358084809027777784e-01 1.507401040763226285e-01 1.945998525585429240e-01 2.835181526452731915e-01 3.289147084421235878e-02 3.039092247386759316e-01 2.800229581151832403e-01 1.998070444638186394e-01 2.915656244464127633e-01 2.759678431372549201e-01 2.515323021582734353e-01 2.560378871978514215e-01 2.208447063978965508e-01 2.692994934497816573e-01 2.019810897994769039e-01 1.725646066433566272e-01 2.168735056967572294e-01 2.894800435161009600e-01 1.848565190972221994e-01 1.094464434782608658e-01 2.850753135888501877e-01 1.310404938271604869e-01 1.174216608084358709e-01 2.592286379613356617e-01 1.921393899204243971e-01 2.776743626570916113e-01 2.158750824442289273e-01 2.390081592554291756e-01 6.473444082519001774e-02 1.734993169092945153e-01 1.630456309148264893e-01 1.822981106870229240e-01 1.946609766454352741e-01 2.719589603960396174e-01
2.107309523809523799e-01 2.919580909090909171e-01 2.518639616252821845e-01 1.475373886639676224e-01 1.759269552238806322e-01 3.264850931098696729e-01 3.907983181818182050e-01 1.764554715302490973e-01 4.368814791851196033e-01 2.924966900790166857e-01 1.747578433098591344e-01 4.826475925925926558e-01 3.479809637488948115e-01 2.839540408525755288e-01 3.239101334519572939e-01 2.692199819819819373e-01 1.306891955017301099e-01 2.673501038062284230e-01 2.938326827171108824e-01 2.754047418244406353e-01 0.000000000000000000e+00 1.318703668941979268e-01 4.750636286201022351e-02 3.640611111111111131e-01 3.399183105802048299e-01 1.468814054514480383e-01 2.236570322019147405e-01 1.879265885416666615e-01 2.469718022747156572e-01 3.358413886462882636e-01 2.596079289428076531e-01 1.227119811320754872e-01 1.240704284490145581e-01 2.063459040274207290e-01 3.486197343616109778e-01 4.080558899398113032e-03 3.093205258620689846e-01 3.289840862068965088e-01 2.097525236864771492e-01 3.437303587051618869e-01 2.972848767605633657e-01 2.869487122557726200e-01 2.885795579133509925e-01 2.423619307359307640e-01 3.018072648835202765e-01 2.096525431034483022e-01 1.582351208981001567e-01 2.424305724197745315e-01 3.676018486672398833e-01 1.600409527896995698e-01 8.547286328460876326e-02 3.457960240963855458e-01 1.174518728222996578e-01 9.682157118055553791e-02 2.527885156249999876e-01 1.870678515283842880e-01 2.788765159574468355e-01 2.180974545454545666e-01 2.320769622833843138e-01 3.644784796573875829e-02 1.429767880794702017e-01 1.639485536547433953e-01 1.721786940298507540e-01 2.017421532091097092e-01 2.827722277227722736e-01
2.072564859002169468e-01 1.729721580547112225e-01 2.018795814479637796e-01 3.533308730964467292e-01 1.962945708582834181e-01 1.336449673202614319e-01 1.395935792349726756e-01 3.840548128342246015e-01 1.050167169476486223e-01 1.483372647317502124e-01 2.602432804232803765e-01 1.171244120247568327e-01 1.626520017714791766e-01 1.524550488888888888e-01 1.586919875222816412e-01 1.388857039711191288e-01 3.326803032928942194e-01 1.873345147313691672e-01 1.110039448751076741e-01 1.480365975820379931e-01 1.318703668941979268e-01 0.000000000000000000e+00 2.341629411764706015e-01 1.232537981180496095e-01 1.701887008547008640e-01 3.232584556313993218e-01 1.609969860627177840e-01 3.825127043478260824e-01 1.734059509202454108e-01 1.316576902887139355e-01 1.545747089487402304e-01 2.071351332760103248e-01 3.881454295532646426e-01 1.857174678111588040e-01 1.084344120171673725e-01 3.808270025839793349e-01 1.787137791199309989e-01 1.263506476683937951e-01 1.620491285591026676e-01 1.533131638913234063e-01 1.811545326278659607e-01 1.919796263345195653e-01 1.874473604960141537e-01 2.324827146574154346e-01 1.664840276577355116e-01 2.245047495682210570e-01 3.313892820069204159e-01 2.238474891398783695e-01 1.301898449612402808e-01 3.880251504729148593e-01 2.506663221360895810e-01 1.355605689655172419e-01 2.717962565445026235e-01 3.206958434782608558e-01 1.412412434782608639e-01 3.535621084864392083e-01 1.637108266666666700e-01 2.884744913627639296e-01 1.804700511247443739e-01 2.787635123523093394e-01 3.529828792912513835e-01 2.864549687500000386e-01 1.891422514071294247e-01 1.790259374999999820e-01 1.634281094527363087e-01
1.011748051948052063e-01 9.031024279210925210e-02 1.042284180790960524e-01 2.106063157894736693e-01 6.373753233830845022e-02 7.002628491620112305e-02 1.241622706630336193e-01 2.405057015985790358e-01 1.313034129089301616e-01 9.290631025416301592e-02 1.546879173989454959e-01 1.380577533039647475e-01 1.185189408649603010e-01 8.419277482269503510e-02 1.307790586145648470e-01 4.932353417266187312e-02 1.684998356401384012e-01 8.992777681660898970e-02 6.415355116079105025e-02 8.214797413793104019e-02 4.750636286201022351e-02 2.341629411764706015e-01 0.000000000000000000e+00 7.542947144075021204e-02 1.136469650468883152e-01 1.771461106382978823e-01 3.027426086956521920e-02 2.107672940156114505e-01 8.619952838427948072e-02 8.916505235602095736e-02 7.518346620450606921e-02 9.093974271012007782e-02 2.220676692373607375e-01 7.899529965753424032e-02 9.663180650684931317e-02 1.587809450171821235e-01 7.894000861326443130e-02 1.015113006029285114e-01 3.660400172117039830e-02 1.037251048951048915e-01 1.039951451187335063e-01 1.265218456078083253e-01 1.091060070671378002e-01 1.395908564013840780e-01 8.225356896551723473e-02 1.252448320413436511e-01 1.975301898188093486e-01 1.294610571923743292e-01 1.157819845360824468e-01 2.290726500857632741e-01 9.573203608247421448e-02 8.349789337919173715e-02 1.203910008703220208e-01 2.258279878577623412e-01 4.496641803989592096e-02 2.024092757417103039e-01 8.168268617021276490e-02 1.623359138755980924e-01 7.026345565749235467e-02 5.480112419700213650e-02 2.380364017660044074e-01 1.706443613707165352e-01 9.512097196261681820e-02 6.130550724637680998e-02 7.977158415841584249e-02
2.123509978308026069e-01 2.871658143074581337e-01 2.662620045300113092e-01 1.490284178498985646e-01 1.949765802592223207e-01 3.513440951492537434e-01 3.538456010928962003e-01 1.813980676758682187e-01 4.169523758865247842e-01 3.107781634446397101e-01 1.781825022026431726e-01 4.211600706713780617e-01 3.559438230088495803e-01 3.054392888888888824e-01 3.051457346393589010e-01 2.821914337240757353e-01 1.388785949696444144e-01 2.684244492627927414e-01 2.879852200172562937e-01 2.894205103806228307e-01 3.640611111111111131e-01 1.232537981180496095e-01 7.542947144075021204e-02 0.000000000000000000e+00 3.191562030716723619e-01 1.569943819266837182e-01 2.421599041811846875e-01 1.791945091225021769e-01 2.687336427320490273e-01 3.242888276465441533e-01 2.744783405734144144e-01 1.530355116079105682e-01 1.278628350515463863e-01 2.222639399141631000e-01 3.286639999999999562e-01 1.359849267872523769e-02 3.182676597582038136e-01 3.236729447322970743e-01 2.251727437446074120e-01 3.442799561787905360e-01 2.974168606701939610e-01 2.973319661921708379e-01 2.957340248226950630e-01 2.545875520833333350e-01 3.242620743301642405e-01 2.193941450777202318e-01 1.566718339100346136e-01 2.408182189400521478e-01 3.534749698535745166e-01 1.675653396388649963e-01 1.194012575366063811e-01 3.680983793103448365e-01 1.274001221640488624e-01 9.036878260869565804e-02 2.969589826086956874e-01 1.912564304461942255e-01 3.109070400000000789e-01 2.295242610364683356e-01 2.782004085801838555e-01 6.167739270386265321e-02 1.492519558011049519e-01 1.742964062500000078e-01 2.049491947565542926e-01 2.198736307053942018e-01 3.376775742574257277e-01
