0.0 3.805132 6.679731 7.220457 6.443107 7.686047 10.576234 12.728838 15.154704 13.909912 11.827585 15.383411 17.092919 15.64966 16.503005 20.10894 20.106206 19.102514 21.753981 24.165779 24.159214 24.574061 27.658373 30.469352 29.43462 30.022172 27.665464 28.882969 26.405464 23.087619 24.749774 25.911152 22.653679 20.589974 23.301858 22.789098 21.517266 20.341383 17.814141 20.384184 22.653899 20.512585 19.449813 23.143063 24.622901 22.463789 23.900792 27.262966 26.349318 25.795314 29.178658 31.122011 33.920455 36.265885 35.824859 37.907245 
3.805132 0.0 3.803963 5.682697 6.951463 8.284786 11.899052 14.17991 17.109283 15.760126 14.430628 18.1471 19.415784 18.166168 19.547574 22.982196 22.635516 21.914735 24.832389 26.956087 26.740696 27.461217 30.628386 33.28485 32.182458 32.512621 29.868388 31.052171 28.869619 25.388627 26.650949 28.018139 24.97321 22.497731 24.943426 24.729486 23.170255 22.461217 20.356296 23.223141 25.337349 23.259499 22.605692 26.32944 27.630416 25.600111 27.300488 30.542849 29.518455 29.188254 32.63826 34.399457 37.313488 39.621678 39.099077 41.015281 
6.679731 3.803963 0.0 3.803725 6.854853 9.240045 12.906292 15.803594 19.111573 18.339913 17.172666 20.763401 22.2668 21.40152 22.620096 26.069652 25.984018 25.39579 28.163841 30.333016 30.320138 31.024637 34.100886 36.747623 35.501939 35.725364 33.07311 34.001175 31.765784 28.370987 29.436306 30.546808 27.447598 24.992798 27.095833 26.626595 24.60889 23.864771 22.131426 24.900655 27.261496 25.591215 24.954835 28.563823 30.130307 28.382963 29.948702 33.254771 32.521183 32.212708 35.535919 37.367034 40.143319 42.629335 42.305533 44.349802 
7.220457 5.682697 3.803725 0.0 3.803612 6.411301 9.814029 13.05766 16.557982 16.419337 15.489248 18.842548 20.540843 20.274315 21.346867 24.674161 24.972447 24.777802 27.305565 29.374936 29.809004 30.66495 33.457841 35.938091 34.356284 34.3517 31.731484 32.266952 29.955571 26.723947 27.578349 28.329358 25.189919 22.832933 24.60922 23.857424 21.537668 20.774322 19.386189 22.153272 24.567804 23.270898 22.836752 26.310529 27.991066 26.643404 28.233788 31.465918 31.05061 31.000784 34.167749 35.882082 38.552295 41.255184 41.227627 43.374715 
6.443107 6.951463 6.854853 3.803612 0.0 3.800416 6.598768 10.057034 13.343673 13.588186 12.347078 15.46278 17.512224 17.459788 18.170441 21.489363 22.164549 22.040009 24.282442 26.422675 27.187996 27.966913 30.548254 33.006261 31.308554 31.345013 28.916083 29.307739 26.787783 23.729648 24.744871 25.22268 21.924304 19.867841 21.714556 20.653307 18.436708 17.326465 15.755042 18.403171 20.925245 19.719639 19.166203 22.580637 24.386951 23.150031 24.635869 27.876884 27.653046 27.631845 30.686049 32.414577 34.986935 37.789877 37.928916 40.190779 
7.686047 8.284786 9.240045 6.411301 3.800416 0.0 3.805022 6.664732 10.173177 10.271302 9.804125 12.947251 14.503719 14.853771 16.041349 19.039485 19.534541 19.931963 22.289675 24.014395 24.856481 26.057122 28.497383 30.656522 28.726317 28.439177 25.816398 26.078514 23.785986 20.644569 21.349546 21.952428 18.848854 16.487349 18.232667 17.49705 15.369995 14.775012 13.400747 16.535942 18.546632 17.173416 17.225947 20.700119 22.061754 20.970629 22.921094 25.883282 25.496833 25.919825 29.037845 30.389648 33.142807 35.895803 36.004931 38.065432 
10.576234 11.899052 12.906292 9.814029 6.598768 3.805022 0.0 3.804711 7.184573 8.510458 8.326236 10.638434 12.48939 13.648493 14.433381 17.097196 18.14039 18.954266 20.846351 22.424012 23.801092 25.069422 27.091144 29.035952 26.79375 26.327229 23.887485 23.716577 21.279225 18.464257 19.046978 19.131379 15.942256 13.927808 15.363737 14.150088 11.849982 11.034513 9.934269 13.086252 15.071915 14.114797 14.425343 17.660651 19.096956 18.487919 20.426843 23.224468 23.202547 23.906661 26.778422 27.97429 30.577423 33.513515 33.930719 36.086089 
12.728838 14.17991 15.803594 13.05766 10.057034 6.664732 3.804711 0.0 3.786596 5.282787 6.438553 8.189295 9.305091 11.112525 12.310167 14.408282 15.314875 16.726771 18.594397 19.677249 21.186151 22.84385 24.631239 26.234689 23.769967 22.993593 20.422059 20.110265 17.878498 15.030127 15.335474 15.524369 12.527248 10.223808 11.675377 10.856375 8.994612 8.858625 7.873393 11.539645 12.676609 11.39422 12.49312 15.689375 16.500656 16.042777 18.479431 20.888067 20.661566 21.839333 24.726219 25.500143 28.276725 31.107878 31.475176 33.410729 
15.154704 17.109283 19.111573 16.557982 13.343673 10.173177 7.184573 3.786596 0.0 3.820753 5.400629 5.344411 6.293088 8.952296 9.790098 11.253923 12.568928 14.397824 15.805479 16.618279 18.544024 20.276951 21.664538 23.03871 20.37681 19.517765 17.153442 16.640338 14.23368 11.629246 12.086682 11.967577 8.792754 6.897699 8.679863 7.65667 6.835545 6.54899 5.11568 8.907666 9.337718 7.752269 9.403287 12.430735 12.862672 12.621152 15.279439 17.391143 17.210847 18.707368 21.456778 21.982859 24.767845 27.596877 28.063746 29.974377 
13.909912 15.760126 18.339913 16.419337 13.588186 10.271302 8.510458 5.282787 3.820753 0.0 3.819291 5.181786 4.572641 6.245745 8.377535 10.033513 10.261764 12.013178 14.179259 14.8584 16.122119 18.102322 19.933305 21.40689 19.06232 18.343622 15.604693 15.854172 13.765556 10.453149 11.216921 12.273783 9.453626 6.745067 9.56964 9.89076 9.956605 10.165985 8.233717 11.767814 11.840965 9.195592 10.623177 13.995795 13.840172 12.699242 15.731148 17.828283 16.828092 18.20983 21.382312 21.851633 25.006465 27.448018 27.393345 29.013786 
11.827585 14.430628 17.172666 15.489248 12.347078 9.804125 8.326236 6.438553 5.400629 3.819291 0.0 3.801111 5.523937 5.507354 6.356793 9.253991 10.057016 10.635727 12.662087 14.291647 15.535693 16.758442 18.858621 20.928375 19.004057 19.031142 16.795823 17.441512 14.764048 11.661628 13.449814 14.226125 10.889514 9.275827 12.429981 11.955378 12.046672 11.021916 7.994481 10.954009 11.932814 9.117298 9.076534 12.829132 13.40421 11.623367 14.037148 16.76359 15.874204 16.490817 19.773875 20.876211 23.887976 26.391921 26.318549 28.276348 
15.383411 18.1471 20.763401 18.842548 15.46278 12.947251 10.638434 8.189295 5.344411 5.181786 3.801111 0.0 3.7997 5.2441 4.591513 6.566599 8.544415 9.697613 10.714293 12.117242 14.182593 15.379695 16.807516 18.602137 16.335272 16.29282 14.48351 14.7217 11.656908 9.106261 11.210323 11.321069 7.730594 7.271034 10.451924 9.519096 10.481481 9.103958 5.811081 8.195263 8.572524 5.42673 5.643735 9.253986 9.616514 8.139711 10.742297 13.229431 12.657879 13.67206 16.688619 17.575952 20.49208 23.155681 23.386063 25.45368 
17.092919 19.415784 22.2668 20.540843 17.512224 14.503719 12.48939 9.305091 6.293088 4.572641 5.523937 3.7997 0.0 3.800887 5.411352 5.730297 6.333944 8.738162 10.285495 10.560113 12.337776 14.397288 15.761598 17.026016 14.551021 13.947934 11.523798 11.94487 9.505672 6.225854 8.015606 9.114962 6.280941 4.727222 8.469921 8.969555 10.683239 10.593424 8.263014 10.847429 9.963827 6.491383 8.168262 11.143107 10.155378 8.706949 12.133519 13.785786 12.456763 14.175906 17.303632 17.476114 20.759993 23.047314 22.940721 24.493882 
15.64966 18.166168 21.40152 20.274315 17.459788 14.853771 13.648493 11.112525 8.952296 6.245745 5.507354 5.2441 3.800887 0.0 3.803897 5.378863 4.713002 5.775142 8.339297 9.298519 10.175297 11.906178 14.033916 15.904444 14.188811 14.389948 12.109618 13.60487 11.237381 7.854371 10.44671 12.156047 9.60321 8.343404 12.137995 12.742754 14.310722 13.848045 10.938985 13.218691 12.887378 9.193167 9.527931 12.748893 11.96258 9.36471 12.407483 14.433227 12.447274 13.363132 16.924112 17.521645 20.962563 22.900541 22.283368 23.792695 
16.503005 19.547574 22.620096 21.346867 18.170441 16.041349 14.433381 12.310167 9.790098 8.377535 6.356793 4.591513 5.411352 3.803897 0.0 3.798802 5.601788 5.445104 6.420118 8.531946 10.280843 10.967099 12.716395 14.99872 13.39345 14.241911 12.887563 14.144083 11.020803 8.587735 11.827105 12.569969 9.560902 9.714833 13.320469 12.972464 14.681842 13.312195 9.921359 11.217405 11.267405 7.68409 6.693764 9.835298 9.634134 6.564897 8.993984 11.543851 10.001899 10.345861 13.846694 14.990157 18.168067 20.372373 20.067859 22.073945 
20.10894 22.982196 26.069652 24.674161 21.489363 19.039485 17.097196 14.408282 11.253923 10.033513 9.253991 6.566599 5.730297 5.378863 3.798802 0.0 3.805191 5.356841 5.00818 5.642518 8.353272 9.636745 10.452291 12.037011 9.911522 10.511569 9.431204 10.63519 7.460409 5.574873 9.238156 9.933165 7.660127 8.677376 12.041297 12.114145 14.69101 13.777644 10.978311 11.832395 10.678378 7.066072 7.160484 9.140118 7.525654 4.503416 7.840882 9.224891 7.125906 8.618023 11.913426 12.218639 15.653496 17.689091 17.389891 19.133167 
20.106206 22.635516 25.984018 24.972447 22.164549 19.534541 18.14039 15.314875 12.568928 10.261764 10.057016 8.544415 6.333944 4.713002 5.601788 3.805191 0.0 3.806315 5.525073 4.913719 6.005912 8.428247 9.972098 11.367887 9.672824 10.08688 8.142328 10.421958 8.382249 5.579094 8.926401 10.982131 9.533942 9.346469 12.876942 13.962208 16.502924 16.258787 13.647331 15.151406 13.887409 10.181087 10.753341 12.915593 10.988291 8.164971 11.370011 12.348444 9.474595 10.891972 14.344658 14.272478 17.970204 19.391646 18.41492 19.524061 
19.102514 21.914735 25.39579 24.777802 22.040009 19.931963 18.954266 16.726771 14.397824 12.013178 10.635727 9.697613 8.738162 5.775142 5.445104 5.356841 3.806315 0.0 3.806646 5.440549 5.38976 6.214373 8.853252 11.389886 10.827104 12.392698 11.199539 13.791087 11.518547 9.211731 12.705958 14.485191 12.616224 12.607594 16.275358 16.894604 19.127119 18.305142 15.168104 16.363635 15.808912 12.12479 11.487483 13.806734 12.594373 9.058082 11.288469 12.891165 9.92018 9.938163 13.692838 14.447417 17.998898 19.23455 17.938732 19.307414 
21.753981 24.832389 28.163841 27.305565 24.282442 22.289675 20.846351 18.594397 15.805479 14.179259 12.662087 10.714293 10.285495 8.339297 6.420118 5.00818 5.525073 3.806646 0.0 3.801444 5.584751 5.083946 6.363602 9.126605 8.600327 10.885381 10.867204 13.13589 10.45098 9.388354 13.170209 14.173419 12.44608 13.551376 16.90693 17.057466 19.647801 18.454132 15.368013 15.68503 14.909257 11.586366 10.516629 11.903677 10.54528 6.909102 8.420222 9.634007 6.530307 6.193769 9.913503 10.786284 14.259224 15.539943 14.44755 16.191407 
24.165779 26.956087 30.333016 29.374936 26.422675 24.014395 22.424012 19.677249 16.618279 14.8584 14.291647 12.117242 10.560113 9.298519 8.531946 5.642518 4.913719 5.440549 3.801444 0.0 3.804911 5.415025 5.393689 6.647105 5.399565 7.338901 7.353977 10.037054 8.095377 7.488998 10.980716 12.373004 11.649888 12.777669 15.803431 16.60791 19.649243 19.091248 16.530119 17.032976 15.432051 12.164274 12.203883 13.141954 10.725554 7.854727 10.122203 10.030152 6.365175 7.739287 10.802353 10.301577 14.081985 14.940189 13.623041 14.6372 
24.159214 26.740696 30.320138 29.809004 27.187996 24.856481 23.801092 21.186151 18.544024 16.122119 15.535693 14.182593 12.337776 10.175297 10.280843 8.353272 6.005912 5.38976 5.584751 3.804911 0.0 3.807381 5.510317 7.060067 7.399676 9.38566 8.871358 12.312175 11.183877 9.920685 13.038867 15.190323 14.603653 14.961807 18.173953 19.422665 22.272129 21.924913 19.229632 20.146166 18.78043 15.292971 15.250371 16.641107 14.433172 11.361191 13.479596 13.658913 9.93251 10.505438 13.625971 13.303311 16.993605 17.248554 15.203068 15.633535 
24.574061 27.461217 31.024637 30.66495 27.966913 26.057122 25.069422 22.84385 20.276951 18.102322 16.758442 15.379695 14.397288 11.906178 10.967099 9.636745 8.428247 6.214373 5.083946 5.415025 3.807381 0.0 3.819051 7.093368 8.630766 11.641787 12.026387 15.170926 13.497177 12.65169 16.115179 17.745612 16.721633 17.512851 20.830915 21.532959 24.271206 23.3692 20.341333 20.76597 19.842437 16.506725 15.59711 16.765115 15.10023 11.706757 12.787817 13.252842 9.706219 8.888587 11.923665 12.398884 15.754472 15.82091 13.565055 14.461773 
27.658373 30.628386 34.100886 33.457841 30.548254 28.497383 27.091144 24.631239 21.664538 19.933305 18.858621 16.807516 15.761598 14.033916 12.716395 10.452291 9.972098 8.853252 6.363602 5.393689 5.510317 3.819051 0.0 3.801734 5.963474 9.578483 11.134394 13.93106 12.437952 12.709264 16.013352 17.153034 16.646067 18.11877 21.023859 21.625188 24.719043 23.831117 21.102964 21.028617 19.645754 16.701755 15.995733 16.304361 14.198831 11.374075 12.081793 11.491688 7.933331 7.560179 9.691786 9.39416 12.682215 12.339326 9.963075 10.759239 
30.469352 33.28485 36.747623 35.938091 33.006261 30.656522 29.035952 26.234689 23.03871 21.40689 20.928375 18.602137 17.026016 15.904444 14.99872 12.037011 11.367887 11.389886 9.126605 6.647105 7.060067 7.093368 3.801734 0.0 3.78708 7.236515 9.59605 12.243039 11.638524 12.68428 15.392916 16.503166 16.844566 18.484482 20.916495 21.861704 25.263053 24.784802 22.503774 22.409474 20.436249 17.736778 17.707399 17.56537 14.818498 12.745646 13.785512 12.206693 8.767169 9.674566 10.925649 9.235392 12.445385 11.553212 9.052355 8.756222 
29.43462 32.182458 35.501939 34.356284 31.308554 28.726317 26.79375 23.769967 20.37681 19.06232 19.004057 16.335272 14.551021 14.188811 13.39345 9.911522 9.672824 10.827104 8.600327 5.399565 7.399676 8.630766 5.963474 3.78708 0.0 3.805308 6.535387 8.653816 7.970617 9.539433 12.024492 12.841949 13.468888 15.337009 17.465157 18.428457 21.952441 21.683365 19.74348 19.693954 17.34685 14.815923 15.366378 15.067393 11.900719 10.397008 12.060284 10.149558 6.840093 9.171759 10.520237 8.249932 11.798315 11.829021 10.43373 10.607225 
30.022172 32.512621 35.725364 34.3517 31.345013 28.439177 26.327229 22.993593 19.517765 18.343622 19.031142 16.29282 13.947934 14.389948 14.241911 10.511569 10.08688 12.392698 10.885381 7.338901 9.38566 11.641787 9.578483 7.236515 3.805308 0.0 3.821098 5.208075 5.897128 8.014673 9.430086 10.311366 11.882503 13.607496 15.139487 16.576828 20.247781 20.569012 19.203104 19.452299 16.595632 14.297391 15.770274 15.452471 11.848579 11.216403 13.583511 11.471967 8.770686 11.939764 13.199948 10.514529 13.85069 14.216652 13.379486 13.209345 
27.665464 29.868388 33.07311 31.731484 28.916083 25.816398 23.887485 20.422059 17.153442 15.604693 16.795823 14.48351 11.523798 12.109618 12.887563 9.431204 8.142328 11.199539 10.867204 7.353977 8.871358 12.026387 11.134394 9.59605 6.535387 3.821098 0.0 3.81433 5.175404 5.612418 6.515108 8.61187 10.225037 10.982369 12.687837 14.754162 18.243465 19.021617 17.738412 18.714874 15.927807 13.260386 15.232198 15.706685 12.234912 11.390252 14.521688 13.211066 10.448502 13.565546 15.57919 13.455907 16.987085 17.713238 16.825598 16.751527 
28.882969 31.052171 34.001175 32.266952 29.307739 26.078514 23.716577 20.110265 16.640338 15.854172 17.441512 14.7217 11.94487 13.60487 14.144083 10.63519 10.421958 13.791087 13.13589 10.037054 12.312175 15.170926 13.93106 12.243039 8.653816 5.208075 3.81433 0.0 3.819422 5.853448 5.170832 5.940017 8.644309 10.002927 10.647297 12.617174 16.29302 17.346433 16.749974 17.49626 14.230632 12.303348 14.896631 14.821329 11.161884 11.54563 14.65359 12.945934 11.148281 14.76343 16.248216 13.813113 16.948658 18.122713 17.984436 18.123848 
26.405464 28.869619 31.765784 29.955571 26.787783 23.785986 21.279225 17.878498 14.23368 13.765556 14.764048 11.656908 9.505672 11.237381 11.020803 7.460409 8.382249 11.518547 10.45098 8.095377 11.183877 13.497177 12.437952 11.638524 7.970617 5.897128 5.175404 3.819422 0.0 3.818272 5.227256 4.904508 6.045194 8.331783 9.722597 10.725137 14.402289 14.728263 13.667618 14.107009 11.045903 8.892419 11.180931 11.095809 7.485403 7.776756 10.962737 9.628934 8.085202 11.690824 13.384098 11.526418 14.75183 16.517455 16.695997 17.61334 
23.087619 25.388627 28.370987 26.723947 23.729648 20.644569 18.464257 15.030127 11.629246 10.453149 11.661628 9.106261 6.225854 7.854371 8.587735 5.574873 5.579094 9.211731 9.388354 7.488998 9.920685 12.65169 12.709264 12.68428 9.539433 8.014673 5.612418 5.853448 3.818272 0.0 3.804219 5.503214 5.253121 5.875333 8.450288 9.960237 13.204998 13.697574 12.222138 13.586419 11.112694 8.084993 10.419973 11.629884 8.730883 7.905183 11.636471 11.500374 9.517813 12.471763 15.023945 13.913634 17.391379 19.169563 18.942466 19.901399 
24.749774 26.650949 29.436306 27.578349 24.744871 21.349546 19.046978 15.335474 12.086682 11.216921 13.449814 11.210323 8.015606 10.44671 11.827105 9.238156 8.926401 12.705958 13.170209 10.980716 13.038867 16.115179 16.013352 15.392916 12.024492 9.430086 6.515108 5.170832 5.227256 3.804219 0.0 3.794 5.567091 5.242518 6.267349 8.928385 12.204881 13.708013 13.22571 14.920831 12.020551 9.758261 12.905707 13.892103 10.93332 11.122118 14.793405 14.305895 12.761307 16.008408 18.224371 16.677674 19.951015 21.705088 21.651575 22.276611 
25.911152 28.018139 30.546808 28.329358 25.22268 21.952428 19.131379 15.524369 11.967577 12.273783 14.226125 11.321069 9.114962 12.156047 12.569969 9.933165 10.982131 14.485191 14.173419 12.373004 15.190323 17.745612 17.153034 16.503166 12.841949 10.311366 8.61187 5.940017 4.904508 5.503214 3.794 0.0 3.799867 5.640479 5.298563 6.72519 10.442537 11.688258 11.769505 12.769528 9.371731 8.120996 11.588571 11.754433 8.790559 10.23303 13.521923 12.72625 12.181859 15.630898 17.278684 15.672154 18.496548 20.69514 21.304731 22.305268 
22.653679 24.97321 27.447598 25.189919 21.924304 18.848854 15.942256 12.527248 8.792754 9.453626 10.889514 7.730594 6.280941 9.60321 9.560902 7.660127 9.533942 12.616224 12.44608 11.649888 14.603653 16.721633 16.646067 16.844566 13.468888 11.882503 10.225037 8.644309 6.045194 5.253121 5.567091 3.799867 0.0 3.811447 5.172834 5.033649 8.490019 8.840753 8.18969 9.409017 6.479727 4.496317 8.093381 8.96709 6.793271 7.863929 11.211488 11.428312 11.15549 14.060873 16.093729 15.321786 18.167187 20.747217 21.418983 22.946562 
20.589974 22.497731 24.992798 22.832933 19.867841 16.487349 13.927808 10.223808 6.897699 6.745067 9.275827 7.271034 4.727222 8.343404 9.714833 8.677376 9.346469 12.607594 13.551376 12.777669 14.961807 17.512851 18.11877 18.484482 15.337009 13.607496 10.982369 10.002927 8.331783 5.875333 5.242518 5.640479 3.811447 0.0 3.802592 5.436682 7.885866 9.199527 8.619217 11.136184 9.03412 6.733802 10.052532 11.956019 10.277889 10.457634 14.023108 14.728097 13.890261 16.513144 19.041261 18.428028 21.527172 23.902595 24.174977 25.465116 
23.301858 24.943426 27.095833 24.60922 21.714556 18.232667 15.363737 11.675377 8.679863 9.56964 12.429981 10.451924 8.469921 12.137995 13.320469 12.041297 12.876942 16.275358 16.90693 15.803431 18.173953 20.830915 21.023859 20.916495 17.465157 15.139487 12.687837 10.647297 9.722597 8.450288 6.267349 5.298563 5.172834 3.802592 0.0 3.811985 6.364578 8.893047 9.86517 12.068062 9.458951 8.610916 12.339308 13.491878 11.748612 12.982556 16.308164 16.5112 16.198188 19.171561 21.231515 20.2288 23.026651 25.505448 26.127928 27.307814 
22.789098 24.729486 26.626595 23.857424 20.653307 17.49705 14.150088 10.856375 7.65667 9.89076 11.955378 9.519096 8.969555 12.742754 12.972464 12.114145 13.962208 16.894604 17.057466 16.60791 19.422665 21.532959 21.625188 21.861704 18.428457 16.576828 14.754162 12.617174 10.725137 9.960237 8.928385 6.72519 5.033649 5.436682 3.811985 0.0 3.796771 5.459464 7.037067 8.738177 6.237776 6.606737 10.197554 11.02371 10.118338 11.94335 14.713412 15.233464 15.730456 18.419369 20.203137 19.611231 22.024886 24.924817 25.990629 27.646475 
21.517266 23.170255 24.60889 21.537668 18.436708 15.369995 11.849982 8.994612 6.835545 9.956605 12.046672 10.481481 10.683239 14.310722 14.681842 14.69101 16.502924 19.127119 19.647801 19.649243 22.272129 24.271206 24.719043 25.263053 21.952441 20.247781 18.243465 16.29302 14.402289 13.204998 12.204881 10.442537 8.490019 7.885866 6.364578 3.796771 0.0 3.804928 6.699039 8.956661 7.87683 8.800744 11.736839 12.983291 13.00673 14.634953 17.105358 18.15849 18.859746 21.179202 23.064174 22.856558 25.144985 28.215626 29.356197 31.180184 
20.341383 22.461217 23.864771 20.774322 17.326465 14.775012 11.034513 8.858625 6.54899 10.165985 11.021916 9.103958 10.593424 13.848045 13.312195 13.777644 16.258787 18.305142 18.454132 19.091248 21.924913 23.3692 23.831117 24.784802 21.683365 20.569012 19.021617 17.346433 14.728263 13.697574 13.708013 11.688258 8.840753 9.199527 8.893047 5.459464 3.804928 0.0 3.80012 5.45075 5.616393 7.17968 9.17711 10.385905 11.406312 12.986483 14.826749 16.361853 17.522597 19.349415 21.110054 21.426403 23.458035 26.75918 28.089224 30.306268 
17.814141 20.356296 22.131426 19.386189 15.755042 13.400747 9.934269 7.873393 5.11568 8.233717 7.994481 5.811081 8.263014 10.938985 9.921359 10.978311 13.647331 15.168104 15.368013 16.530119 19.229632 20.341333 21.102964 22.503774 19.74348 19.203104 17.738412 16.749974 13.667618 12.222138 13.22571 11.769505 8.18969 8.619217 9.86517 7.037067 6.699039 3.80012 0.0 3.807709 5.183991 5.085941 6.054377 8.321107 9.767958 10.393483 12.167597 14.339282 15.198361 16.539667 18.661909 19.434352 21.6641 24.885697 25.942145 28.296739 
20.384184 23.223141 24.900655 22.153272 18.403171 16.535942 13.086252 11.539645 8.907666 11.767814 10.954009 8.195263 10.847429 13.218691 11.217405 11.832395 15.151406 16.363635 15.68503 17.032976 20.146166 20.76597 21.028617 22.409474 19.693954 19.452299 18.714874 17.49626 14.107009 13.586419 14.920831 12.769528 9.409017 11.136184 12.068062 8.738177 8.956661 5.45075 3.807709 0.0 3.79385 5.508553 5.223402 5.887732 8.383794 9.738375 10.441315 12.519161 14.263397 15.38009 16.854036 17.825602 19.505397 22.986508 24.499683 27.167749 
22.653899 25.337349 27.261496 24.567804 20.925245 18.546632 15.071915 12.676609 9.337718 11.840965 11.932814 8.572524 9.963827 12.887378 11.267405 10.678378 13.887409 15.808912 14.909257 15.432051 18.78043 19.842437 19.645754 20.436249 17.34685 16.595632 15.927807 14.230632 11.045903 11.112694 12.020551 9.371731 6.479727 9.03412 9.458951 6.237776 7.87683 5.616393 5.183991 3.79385 0.0 3.783041 5.703052 5.323387 6.07642 8.456266 9.921762 10.947107 12.577907 14.561451 15.857896 16.032259 17.886929 21.2433 22.781397 25.136559 
20.512585 23.259499 25.591215 23.270898 19.719639 17.173416 14.114797 11.39422 7.752269 9.195592 9.117298 5.42673 6.491383 9.193167 7.68409 7.066072 10.181087 12.12479 11.586366 12.164274 15.292971 16.506725 16.701755 17.736778 14.815923 14.297391 13.260386 12.303348 8.892419 8.084993 9.758261 8.120996 4.496317 6.733802 8.610916 6.606737 8.800744 7.17968 5.085941 5.508553 3.783041 0.0 3.803616 5.375521 5.134792 5.906982 8.457352 9.915228 10.457464 12.417365 14.485985 14.74316 17.252248 20.272894 21.214784 23.391508 
19.449813 22.605692 24.954835 22.836752 19.166203 17.225947 14.425343 12.49312 9.403287 10.623177 9.076534 5.643735 8.168262 9.527931 6.693764 7.160484 10.753341 11.487483 10.516629 12.203883 15.250371 15.59711 15.995733 17.707399 15.366378 15.770274 15.232198 14.896631 11.180931 10.419973 12.905707 11.588571 8.093381 10.052532 12.339308 10.197554 11.736839 9.17711 6.054377 5.223402 5.703052 3.803616 0.0 3.807654 5.641202 5.080688 6.221547 8.942143 9.822511 10.625051 12.764405 13.978841 16.231713 19.374972 20.334215 22.945556 
23.143063 26.32944 28.563823 26.310529 22.580637 20.700119 17.660651 15.689375 12.430735 13.995795 12.829132 9.253986 11.143107 12.748893 9.835298 9.140118 12.915593 13.806734 11.903677 13.141954 16.641107 16.765115 16.304361 17.56537 15.067393 15.452471 15.706685 14.821329 11.095809 11.629884 13.892103 11.754433 8.96709 11.956019 13.491878 11.02371 12.983291 10.385905 8.321107 5.887732 5.323387 5.375521 3.807654 0.0 3.794774 5.294368 4.97774 6.700614 8.943966 10.037856 11.064409 12.024597 13.658593 17.118938 18.695558 21.497074 
24.622901 27.630416 30.130307 27.991066 24.386951 22.061754 19.096956 16.500656 12.862672 13.840172 13.40421 9.616514 10.155378 11.96258 9.634134 7.525654 10.988291 12.594373 10.54528 10.725554 14.433172 15.10023 14.198831 14.818498 11.900719 11.848579 12.234912 11.161884 7.485403 8.730883 10.93332 8.790559 6.793271 10.277889 11.748612 10.118338 13.00673 11.406312 9.767958 8.383794 6.07642 5.134792 5.641202 3.794774 0.0 3.798742 5.304717 5.160107 6.661654 9.088789 10.202121 10.029008 12.265355 15.394127 16.730611 19.084832 
22.463789 25.600111 28.382963 26.643404 23.150031 20.970629 18.487919 16.042777 12.621152 12.699242 11.623367 8.139711 8.706949 9.36471 6.564897 4.503416 8.164971 9.058082 6.909102 7.854727 11.361191 11.706757 11.374075 12.745646 10.397008 11.216403 11.390252 11.54563 7.776756 7.905183 11.122118 10.23303 7.863929 10.457634 12.982556 11.94335 14.634953 12.986483 10.393483 9.738375 8.456266 5.906982 5.080688 5.294368 3.798742 0.0 3.800118 5.223495 4.867377 6.550072 8.935463 9.49674 12.374887 15.079502 15.666434 18.029911 
23.900792 27.300488 29.948702 28.233788 24.635869 22.921094 20.426843 18.479431 15.279439 15.731148 14.037148 10.742297 12.133519 12.407483 8.993984 7.840882 11.370011 11.288469 8.420222 10.122203 13.479596 12.787817 12.081793 13.785512 12.060284 13.583511 14.521688 14.65359 10.962737 11.636471 14.793405 13.521923 11.211488 14.023108 16.308164 14.713412 17.105358 14.826749 12.167597 10.441315 9.921762 8.457352 6.221547 4.97774 5.304717 3.800118 0.0 3.794226 5.295645 5.16803 6.585101 8.3435 10.373955 13.445901 14.517233 17.489807 
27.262966 30.542849 33.254771 31.465918 27.876884 25.883282 23.224468 20.888067 17.391143 17.828283 16.76359 13.229431 13.785786 14.433227 11.543851 9.224891 12.348444 12.891165 9.634007 10.030152 13.658913 13.252842 11.491688 12.206693 10.149558 11.471967 13.211066 12.945934 9.628934 11.500374 14.305895 12.72625 11.428312 14.728097 16.5112 15.233464 18.15849 16.361853 14.339282 12.519161 10.947107 9.915228 8.942143 6.700614 5.160107 5.223495 3.794226 0.0 3.804647 5.374112 5.186318 5.324529 7.403495 10.563316 12.043914 14.858725 
26.349318 29.518455 32.521183 31.05061 27.653046 25.496833 23.202547 20.661566 17.210847 16.828092 15.874204 12.657879 12.456763 12.447274 10.001899 7.125906 9.474595 9.92018 6.530307 6.365175 9.93251 9.706219 7.933331 8.767169 6.840093 8.770686 10.448502 11.148281 8.085202 9.517813 12.761307 12.181859 11.15549 13.890261 16.198188 15.730456 18.859746 17.522597 15.198361 14.263397 12.577907 10.457464 9.822511 8.943966 6.661654 4.867377 5.295645 3.804647 0.0 3.805271 5.522085 5.098336 8.584236 10.632992 10.877687 13.165497 
25.795314 29.188254 32.212708 31.000784 27.631845 25.919825 23.906661 21.839333 18.707368 18.20983 16.490817 13.67206 14.175906 13.363132 10.345861 8.618023 10.891972 9.938163 6.193769 7.739287 10.505438 8.888587 7.560179 9.674566 9.171759 11.939764 13.565546 14.76343 11.690824 12.471763 16.008408 15.630898 14.060873 16.513144 19.171561 18.419369 21.179202 19.349415 16.539667 15.38009 14.561451 12.417365 10.625051 10.037856 9.088789 6.550072 5.16803 5.374112 3.805271 0.0 3.806868 5.897436 8.641881 10.49166 10.44038 13.298058 
29.178658 32.63826 35.535919 34.167749 30.686049 29.037845 26.778422 24.726219 21.456778 21.382312 19.773875 16.688619 17.303632 16.924112 13.846694 11.913426 14.344658 13.692838 9.913503 10.802353 13.625971 11.923665 9.691786 10.925649 10.520237 13.199948 15.57919 16.248216 13.384098 15.023945 18.224371 17.278684 16.093729 19.041261 21.231515 20.203137 23.064174 21.110054 18.661909 16.854036 15.857896 14.485985 12.764405 11.064409 10.202121 8.935463 6.585101 5.186318 5.522085 3.806868 0.0 3.80524 5.158172 7.398561 8.375392 11.801753 
31.122011 34.399457 37.367034 35.882082 32.414577 30.389648 27.97429 25.500143 21.982859 21.851633 20.876211 17.575952 17.476114 17.521645 14.990157 12.218639 14.272478 14.447417 10.786284 10.301577 13.303311 12.398884 9.39416 9.235392 8.249932 10.514529 13.455907 13.813113 11.526418 13.913634 16.677674 15.672154 15.321786 18.428028 20.2288 19.611231 22.856558 21.426403 19.434352 17.825602 16.032259 14.74316 13.978841 12.024597 10.029008 9.49674 8.3435 5.324529 5.098336 5.897436 3.80524 0.0 3.807316 5.624046 6.80285 9.632672 
33.920455 37.313488 40.143319 38.552295 34.986935 33.142807 30.577423 28.276725 24.767845 25.006465 23.887976 20.49208 20.759993 20.962563 18.168067 15.653496 17.970204 17.998898 14.259224 14.081985 16.993605 15.754472 12.682215 12.445385 11.798315 13.85069 16.987085 16.948658 14.75183 17.391379 19.951015 18.496548 18.167187 21.527172 23.026651 22.024886 25.144985 23.458035 21.6641 19.505397 17.886929 17.252248 16.231713 13.658593 12.265355 12.374887 10.373955 7.403495 8.584236 8.641881 5.158172 3.807316 0.0 3.810607 6.896794 10.143897 
36.265885 39.621678 42.629335 41.255184 37.789877 35.895803 33.513515 31.107878 27.596877 27.448018 26.391921 23.155681 23.047314 22.900541 20.372373 17.689091 19.391646 19.23455 15.539943 14.940189 17.248554 15.82091 12.339326 11.553212 11.829021 14.216652 17.713238 18.122713 16.517455 19.169563 21.705088 20.69514 20.747217 23.902595 25.505448 24.924817 28.215626 26.75918 24.885697 22.986508 21.2433 20.272894 19.374972 17.118938 15.394127 15.079502 13.445901 10.563316 10.632992 10.49166 7.398561 5.624046 3.810607 0.0 3.80355 6.839935 
35.824859 39.099077 42.305533 41.227627 37.928916 36.004931 33.930719 31.475176 28.063746 27.393345 26.318549 23.386063 22.940721 22.283368 20.067859 17.389891 18.41492 17.938732 14.44755 13.623041 15.203068 13.565055 9.963075 9.052355 10.43373 13.379486 16.825598 17.984436 16.695997 18.942466 21.651575 21.304731 21.418983 24.174977 26.127928 25.990629 29.356197 28.089224 25.942145 24.499683 22.781397 21.214784 20.334215 18.695558 16.730611 15.666434 14.517233 12.043914 10.877687 10.44038 8.375392 6.80285 6.896794 3.80355 0.0 3.802007 
37.907245 41.015281 44.349802 43.374715 40.190779 38.065432 36.086089 33.410729 29.974377 29.013786 28.276348 25.45368 24.493882 23.792695 22.073945 19.133167 19.524061 19.307414 16.191407 14.6372 15.633535 14.461773 10.759239 8.756222 10.607225 13.209345 16.751527 18.123848 17.61334 19.901399 22.276611 22.305268 22.946562 25.465116 27.307814 27.646475 31.180184 30.306268 28.296739 27.167749 25.136559 23.391508 22.945556 21.497074 19.084832 18.029911 17.489807 14.858725 13.165497 13.298058 11.801753 9.632672 10.143897 6.839935 3.802007 0.0 

