0.000000000000000000e+00 -4.615581592039800785e-01 -6.237728785357736783e-01 -3.085506489184691725e-01 -3.674280033277869673e-01 -1.859960267111853138e-01 -3.114948662207357444e-01 -3.773678297161937034e-01 -2.265184474123539127e-01 -2.634674247491638477e-01 -2.968971739130434884e-01 -2.902206700167504483e-01 -2.414587015177065421e-01 -2.586459595959595958e-01 -1.662686531986531935e-01 -3.819563316582914592e-01 -2.527553433835845187e-01 -1.714782382550335549e-01 -3.324450168350168155e-01 -3.761408571428571657e-01 -3.126777104377104766e-01 -5.125454713804713514e-01 -1.010195630252100768e-01 -5.331774247491638530e-01 -1.872765935919055991e-01 -3.747872175379426407e-01 -2.876855311973018359e-01 -2.689878680203046102e-01 -5.936873265651438913e-01 -2.728351525423728940e-01 -2.788185932203389727e-01 -2.358193220338982987e-01 -2.698369035532994786e-01 -3.555711675126903559e-01 -3.385933671742808460e-01 -2.491762372881355936e-01 -3.124685497470489626e-01 -2.347590050590218913e-01 -3.842226386554622453e-01 -2.250813996627318847e-01 -4.042251677852348735e-01 -3.712250590219223767e-01 -2.074105025125627666e-01 -5.122299999999999631e-01 -2.122056806722688871e-01 -2.605193918918919382e-01 -2.148091016949152388e-01 -3.359573220338982757e-01 -3.191255405405405421e-01 -5.835785762711864777e-01 -5.980283276450512053e-01 -2.304885897435897391e-01 -7.627977653631284882e-01 -2.435086046511627800e-01
-4.615581592039800785e-01 0.000000000000000000e+00 -4.686533383233532635e-01 -2.671748652694610482e-01 -2.862267417417417303e-01 -9.522349924585217507e-02 -2.775888687782805953e-01 -3.778149321266968674e-01 -3.060109365558912331e-01 -3.629264447806354044e-01 -1.787626818181818344e-01 -3.091389090909090753e-01 -2.522824542682926552e-01 -1.323646048632218797e-01 -3.781491019786910046e-01 -3.552308898944193105e-01 -2.326036048265460177e-01 -8.768927601809954619e-02 -3.213629803328290624e-01 -3.568739485627837049e-01 -3.056261666666666432e-01 -4.149057207890743393e-01 -1.193433333333333290e-01 -3.772588670694863588e-01 -2.971737138508371290e-01 -2.987634703196346830e-01 -2.908398325722983402e-01 -3.244276829268292750e-01 -4.393448170731706903e-01 -3.182572366412213527e-01 -3.533437557251908334e-01 -1.358107633587786467e-01 -1.470238109756097644e-01 -3.463899389312976584e-01 -3.400443053435114327e-01 -1.393401378254210954e-01 -3.129650682852807564e-01 -1.203793323216995059e-01 -3.601749319213313205e-01 -3.597312443095599388e-01 -3.736250302114804134e-01 -3.171439605462822442e-01 -9.488980392156860788e-02 -4.571619277108433521e-01 -1.244675757575757352e-01 -9.888980213089802740e-02 -9.549047328244272825e-02 -3.851023511450382131e-01 -3.656431202435311834e-01 -4.660240763358778349e-01 -4.769692933947772273e-01 -1.290033000000000152e-01 -5.885445423728813408e-01 -2.170296195652174076e-01
-6.237728785357736783e-01 -4.686533383233532635e-01 0.000000000000000000e+00 -3.153145199063231430e-01 -3.822633411488863264e-01 -1.468260446009389542e-01 -3.028211045828437253e-01 -3.633164428739693586e-01 -2.042264691943128097e-01 -2.236896441281138459e-01 -2.766512085308056590e-01 -2.759672274881516674e-01 -2.402749999999999886e-01 -2.355260523186682720e-01 -1.638799284862932082e-01 -3.778896208530805323e-01 -2.366172104018912370e-01 -1.369033175914994016e-01 -3.037805555555555537e-01 -3.570547218934910783e-01 -2.976822931442080766e-01 -5.045599524375743439e-01 -9.479970344009489014e-02 -5.092344615384616358e-01 -2.009544523809523864e-01 -3.864349702734839465e-01 -2.693550178359096492e-01 -2.470049642857142513e-01 -5.662200477326968517e-01 -2.754311708482676258e-01 -2.792218279569892436e-01 -2.187267822966507125e-01 -2.758391408114558851e-01 -3.465688769414576043e-01 -3.301830382775119976e-01 -2.265234892086331053e-01 -2.948751909307876229e-01 -2.144434289127837567e-01 -3.525107619047619378e-01 -2.046411217183770892e-01 -4.199870273483947147e-01 -3.371898092967818839e-01 -1.670900355871886012e-01 -4.976894674556213150e-01 -1.800564133016626656e-01 -2.635631190476190322e-01 -1.772103703703703792e-01 -2.975653588516746217e-01 -2.932684707287933623e-01 -5.739008774038460992e-01 -5.843014545454545683e-01 -2.194213026315789683e-01 -7.576409115281500517e-01 -1.753029333333333273e-01
-3.085506489184691725e-01 -2.671748652694610482e-01 -3.153145199063231430e-01 0.000000000000000000e+00 -1.329310788863108939e-01 -8.742086247086245168e-03 -1.191444158878504633e-01 -2.464605737704918254e-01 -1.502746361502347583e-01 -1.859885546415981084e-01 -2.182929411764705091e-02 -1.589775529411764643e-01 -5.154514184397161747e-02 6.727140330188678685e-02 -1.908864184397163211e-01 -2.171326321974147988e-01 -7.752366940211019575e-02 -3.808430913348948791e-03 -1.849506916764361297e-01 -1.877833997655334042e-01 -2.423008909730363369e-01 -3.067829093050648548e-01 -9.104383529411766429e-02 -2.107586267605633668e-01 -1.926817945690673106e-01 -1.685055306603773506e-01 -1.534043867924528570e-01 -1.668695631641086419e-01 -2.797746563981042267e-01 -1.510190758293838698e-01 -1.921801895734597254e-01 7.156957295373665706e-02 2.587118343195266360e-02 -1.925927843601895895e-01 -1.984866310794780597e-01 6.473148632580262574e-02 -2.177091124260354671e-01 7.230261848341233699e-02 -2.004647933884297351e-01 -1.914127218934910946e-01 -2.527936202830188828e-01 -1.923417966903073206e-01 9.878858989424209314e-02 -3.274576995305164551e-01 5.644608951707893313e-02 -1.479291971664699057e-01 -8.187748815165875674e-03 -2.290602728351126827e-01 -3.262375355450236603e-01 -3.219064481525625854e-01 -3.059645793269230585e-01 3.365887874837027866e-02 -4.749159760956174758e-01 2.514428571428571277e-02
-3.674280033277869673e-01 -2.862267417417417303e-01 -3.822633411488863264e-01 -1.329310788863108939e-01 0.000000000000000000e+00 9.780205983889528332e-02 -1.870269248554913277e-01 -2.846413124274099760e-01 -1.682894418604651277e-01 -2.630903026775320286e-01 1.683749417249418706e-02 -1.475532674418604528e-01 -8.155831775700933539e-02 1.548880746791131968e-01 -2.536221988304093178e-01 -2.681307683352735505e-01 -7.744697674418604683e-02 1.138132520325203373e-01 -2.331737862950058193e-01 -2.077907540603247949e-01 -2.382591753774680465e-01 -3.420520070011668912e-01 -6.193986013986008815e-03 -1.964148661233993398e-01 -2.015488524590164088e-01 -1.413837309941520237e-01 -1.827216842105263417e-01 -2.202677283372365125e-01 -3.523555542452830314e-01 -2.004043411764706017e-01 -2.516698588235293799e-01 1.511690470588235580e-01 5.658027027027028727e-02 -2.262014470588235016e-01 -2.312753294117646796e-01 1.103363722025912930e-01 -2.448328103044496440e-01 1.501708695652173853e-01 -2.524312529274004846e-01 -2.807730281690140606e-01 -2.899402807017543715e-01 -2.265057092614302658e-01 1.598507701283547466e-01 -3.893279045401630278e-01 1.250522196261682206e-01 1.432327102803738691e-02 9.721075029308323678e-02 -2.905514888628370485e-01 -3.340397540983606750e-01 -3.938270318021201422e-01 -3.801558788598574101e-01 2.333021879021879297e-02 -5.374877195281781983e-01 1.279616956521739124e-01
-1.859960267111853138e-01 -9.522349924585217507e-02 -1.468260446009389542e-01 -8.742086247086245168e-03 9.780205983889528332e-02 0.000000000000000000e+00 -1.743037380191693186e-01 -1.978852406417112020e-01 -1.648265483870967885e-01 -2.594295909580193737e-01 4.506475188781014496e-01 -8.301871905274489649e-02 1.913547624190064522e-01 6.866188876889848247e-01 -4.112670995670995588e-01 -1.721578663793103259e-01 1.548122688172043071e-01 6.847471075268818375e-01 -1.439369967707211928e-01 -7.536218514531753399e-02 -2.279939181916038893e-01 -1.916654378378378210e-01 3.271057019438445290e-01 1.507574298056156004e-01 -2.595379478827361530e-01 7.460844902386118416e-02 -8.370375271149674279e-02 -1.696516612377850231e-01 -1.010931733914939984e-01 -1.193540869565217488e-01 -2.168800326086956498e-01 6.917028586956521785e-01 3.014690662323561421e-01 -1.499540696409140117e-01 -1.635022742110990301e-01 5.411721810250817999e-01 -1.773833839479392327e-01 6.382869021739131510e-01 -2.417130227518959618e-01 -2.727242236699239930e-01 -1.589260497835497665e-01 -1.425749240780911087e-01 6.736760540540539521e-01 -2.955333943965517407e-01 5.147239783783783551e-01 4.729033766233766145e-01 6.729048317046688599e-01 -2.762444565217391790e-01 -4.148979587404995062e-01 -1.884474835886214283e-01 -1.491829922992298774e-01 3.278026045400239119e-01 -3.838014459295260861e-01 6.031287593984963058e-01
-3.114948662207357444e-01 -2.775888687782805953e-01 -3.028211045828437253e-01 -1.191444158878504633e-01 -1.870269248554913277e-01 -1.743037380191693186e-01 0.000000000000000000e+00 -2.418080785123966903e-01 -1.730547505197505553e-01 -1.926359521331945934e-01 -1.527679583333333424e-01 -1.838787708333333160e-01 -1.661280668756530687e-01 -1.389347126436781543e-01 -2.005883472803347001e-01 -2.361989051094890435e-01 -1.434271041666666802e-01 -1.867728229166666920e-01 -2.068601668404587979e-01 -2.275020020855057223e-01 -1.573476016684045853e-01 -2.946552670157067677e-01 -2.162999372384937224e-01 -3.417342573221757163e-01 -1.328985068349106402e-01 -2.105970693277310901e-01 -1.901179096638655197e-01 -1.893108210526315838e-01 -2.918280907172995930e-01 -1.823532842105262952e-01 -1.989833999999999770e-01 -1.424791578947368353e-01 -7.958327368421053150e-02 -2.073495785036880701e-01 -2.323975421940928376e-01 -1.193201479915433350e-01 -1.608195168067226843e-01 -1.418132142857142508e-01 -1.902473089005235485e-01 -2.197416596638655240e-01 -2.235937591623036458e-01 -2.004941701680672261e-01 -1.015223012552301102e-01 -3.206100942408376953e-01 -1.055690680628272177e-01 -2.972701366982123949e-01 -1.707038437170010636e-01 -2.225604651162790826e-01 -1.895150897571277748e-01 -3.056447021276595399e-01 -2.913114759358289008e-01 -8.071106132075472894e-02 -4.548000000000000376e-01 -1.055852222222222192e-01
-3.773678297161937034e-01 -3.778149321266968674e-01 -3.633164428739693586e-01 -2.464605737704918254e-01 -2.846413124274099760e-01 -1.978852406417112020e-01 -2.418080785123966903e-01 0.000000000000000000e+00 -3.275861721991701891e-01 -3.442139979231567670e-01 -2.113014255983350909e-01 -3.082665764828304011e-01 -2.546882567849686474e-01 -2.020716388308977096e-01 -3.668835460251046454e-01 -3.502791431556948609e-01 -2.216909498956158575e-01 -1.912874139728884260e-01 -3.261465240083507577e-01 -3.343660878661087743e-01 -2.800675444096134004e-01 -4.000337985309548872e-01 -1.960687945492662343e-01 -4.227874973821989513e-01 -2.784403789473684498e-01 -3.054528075709779245e-01 -3.212418191377496846e-01 -3.190209378292939713e-01 -3.688324498416051256e-01 -3.229001687763712880e-01 -3.442154957805906856e-01 -1.974215400843881973e-01 -1.682216105263157901e-01 -3.236508640674394255e-01 -3.562185005279830952e-01 -2.012906560846560722e-01 -2.975224526315790041e-01 -1.880784947368421001e-01 -3.146279748163693935e-01 -3.683479390115668162e-01 -3.265427597061909548e-01 -3.372543157894737353e-01 -1.560683228511530463e-01 -4.155187945492662682e-01 -1.587736058700209563e-01 -1.991307999999999967e-01 -1.903071881606765159e-01 -3.433013544973544939e-01 -3.137195978835978782e-01 -3.791049414270500906e-01 -3.581463811563169175e-01 -1.969212056737588978e-01 -4.807364734299516829e-01 -2.180959629629629082e-01
-2.265184474123539127e-01 -3.060109365558912331e-01 -2.042264691943128097e-01 -1.502746361502347583e-01 -1.682894418604651277e-01 -1.648265483870967885e-01 -1.730547505197505553e-01 -3.275861721991701891e-01 0.000000000000000000e+00 -3.722253402061855843e-01 -1.708375465838509188e-01 -2.566460973084885855e-01 -2.177937902388369373e-01 -1.360753215767634694e-01 -4.344850311850311786e-01 -2.805308627858627557e-01 -2.373375546305931394e-01 -1.903206133056133120e-01 -2.853476274713840355e-01 -2.665826118626430374e-01 -2.592762539021851720e-01 -3.653654022988505057e-01 -1.400820376175548332e-01 -3.723773458725182506e-01 -2.751103991596637877e-01 -2.543465336134453358e-01 -2.983360924369747869e-01 -3.042400105263157739e-01 -2.173273812038014896e-01 -2.848520337197049113e-01 -3.163555168776371329e-01 -1.319145042194092843e-01 -1.393524421052631523e-01 -2.533776185458377350e-01 -2.759124709609292458e-01 -1.195377566137566100e-01 -2.852956947368421314e-01 -1.351991368421052442e-01 -2.967192025183630899e-01 -3.879954784437434356e-01 -2.320777859391395248e-01 -2.814355157894736781e-01 -1.228985849056603713e-01 -3.328240837696334609e-01 -1.337499056603773384e-01 -2.091227894736842063e-01 -2.048172938689217792e-01 -3.572914391534391942e-01 -3.037207407407407356e-01 -2.363230457933972462e-01 -2.113045503211991583e-01 -1.413031523022432179e-01 -3.078982026537997463e-01 -1.777064074074074240e-01
-2.634674247491638477e-01 -3.629264447806354044e-01 -2.236896441281138459e-01 -1.859885546415981084e-01 -2.630903026775320286e-01 -2.594295909580193737e-01 -1.926359521331945934e-01 -3.442139979231567670e-01 -3.722253402061855843e-01 0.000000000000000000e+00 -2.658457644628099414e-01 -3.192697830578512530e-01 -3.027898445595854637e-01 -2.413896273291925576e-01 -4.166038006230529112e-01 -3.298527206645898158e-01 -3.050737941787942109e-01 -2.712498338525441421e-01 -3.318101767151767079e-01 -3.322924636174636737e-01 -2.921346881496881265e-01 -3.942464926931106839e-01 -2.387784446764091850e-01 -4.421129853862212911e-01 -2.907985744234801162e-01 -3.113077777777777944e-01 -3.359617610062893278e-01 -3.185173214285713650e-01 -2.602929083245521524e-01 -3.467004521556256713e-01 -3.583530105263157406e-01 -2.557601684210526471e-01 -2.372506722689075587e-01 -3.148620210526315577e-01 -3.357027742616033317e-01 -2.357861310782241038e-01 -3.367033859095688864e-01 -2.592267087276551307e-01 -3.038803668763103150e-01 -4.080213970588235650e-01 -2.796269077568134254e-01 -2.785413038906414673e-01 -2.638924293193717352e-01 -3.603753765690376754e-01 -2.677469424083769867e-01 -4.346103575184016576e-01 -2.794376768743400130e-01 -3.123202431289640590e-01 -2.395071458773784523e-01 -2.812611702127659208e-01 -2.323081925133689551e-01 -2.295101768867924830e-01 -3.989835060240964903e-01 -2.789457777777778480e-01
-2.968971739130434884e-01 -1.787626818181818344e-01 -2.766512085308056590e-01 -2.182929411764705091e-02 1.683749417249418706e-02 4.506475188781014496e-01 -1.527679583333333424e-01 -2.113014255983350909e-01 -1.708375465838509188e-01 -2.658457644628099414e-01 0.000000000000000000e+00 -1.033068724279835315e-01 1.531372210743801587e-01 5.826528512396695891e-01 -3.287538445595855063e-01 -1.926197925311203263e-01 1.270978586278586342e-01 4.707985462097611928e-01 -1.309466943866943733e-01 -1.195270997920998002e-01 -2.442603008298755152e-01 -2.877755474452554640e-01 2.305698331595411876e-01 -8.267049009384731762e-04 -2.496699162303664676e-01 -3.423787434554972225e-02 -1.042827748691099177e-01 -1.310931584470094446e-01 -2.028168349106203860e-01 -8.820973739495797938e-02 -2.152537644584647525e-01 5.814299894847528849e-01 3.415231689401889148e-01 -1.658740799158779922e-01 -1.725973129610115786e-01 4.727739281942977545e-01 -2.359854831932773067e-01 5.557839034627491959e-01 -2.626332146596858652e-01 -2.344869957983193309e-01 -1.918734345549737985e-01 -1.609466911764705910e-01 5.548671368861023412e-01 -3.506410251046024884e-01 4.256440271966527855e-01 4.343673949579832105e-01 4.545794831223627930e-01 -2.816416173361522279e-01 -4.500026082365364277e-01 -2.799635175345376870e-01 -2.633131730769230350e-01 3.378239976415093881e-01 -4.748601445783132147e-01 5.283396296296296590e-01
-2.902206700167504483e-01 -3.091389090909090753e-01 -2.759672274881516674e-01 -1.589775529411764643e-01 -1.475532674418604528e-01 -8.301871905274489649e-02 -1.838787708333333160e-01 -3.082665764828304011e-01 -2.566460973084885855e-01 -3.192697830578512530e-01 -1.033068724279835315e-01 0.000000000000000000e+00 -1.941941623843781717e-01 -2.995651593011304167e-02 -3.709556759545923899e-01 -2.687966357069143108e-01 -2.033533229813664356e-01 -8.676263702171664594e-02 -2.467339544513457716e-01 -2.512436128364389232e-01 -2.612718821096173261e-01 -3.636998648648648857e-01 -9.812391891891893148e-02 -3.225613513513513886e-01 -2.327107306889352745e-01 -2.435980897703548809e-01 -2.740583298538622481e-01 -2.752981380753138363e-01 -2.821452046169989347e-01 -2.151770606694560772e-01 -2.865852146596858385e-01 -3.241744502617800033e-02 -6.357144351464434628e-02 -2.747783752620544528e-01 -2.513368835257082656e-01 -2.652749737118821269e-02 -2.609980230125523160e-01 -4.956574869109946213e-02 -2.777490282131661603e-01 -3.595533752620544976e-01 -2.784054649947753646e-01 -2.641516142557652214e-01 -1.818160583941604708e-02 -3.432794050104384098e-01 -4.071236951983296659e-02 -1.409503138075313688e-01 -1.020510819327730967e-01 -3.215836526315788979e-01 -2.979354994742376972e-01 -2.943341058201057736e-01 -2.746590425531915125e-01 -7.047733568075116584e-02 -3.915164268585131779e-01 -6.971150183150183477e-02
-2.414587015177065421e-01 -2.522824542682926552e-01 -2.402749999999999886e-01 -5.154514184397161747e-02 -8.155831775700933539e-02 1.913547624190064522e-01 -1.661280668756530687e-01 -2.546882567849686474e-01 -2.177937902388369373e-01 -3.027898445595854637e-01 1.531372210743801587e-01 -1.941941623843781717e-01 0.000000000000000000e+00 2.998881275720164941e-01 -3.620454855371900149e-01 -1.578819318181818032e-01 -8.579937759336108902e-03 1.815474300518134521e-01 -2.066402697095435503e-01 -1.802355970924195139e-01 -2.756120020746888333e-01 -3.008778936392075276e-01 1.888038581856100323e-02 -1.611820855057351509e-01 -2.859807329842931622e-01 -1.177828481675392697e-01 -1.883798952879581212e-01 -1.858009338929695609e-01 -1.775618421052631291e-01 -1.952630115424973667e-01 -2.685284243697479423e-01 3.128531512605042253e-01 1.291668100734522928e-01 -2.232623764458464832e-01 -1.441287052631578802e-01 2.173147784810126604e-01 -2.457832423924448950e-01 2.825207555089191969e-01 -2.567546540880503159e-01 -2.779757728706624409e-01 -2.318937526205450683e-01 -2.050419768664563658e-01 3.197650366492147400e-01 -3.284616544502617641e-01 2.134378534031413366e-01 1.176112172088142477e-01 1.978123603793466856e-01 -3.149500950369588104e-01 -4.145645780590717644e-01 -2.673031422505308119e-01 -2.426390288153681685e-01 1.129099528857479551e-01 -3.920182671480143544e-01 1.678009926470588331e-01
-2.586459595959595958e-01 -1.323646048632218797e-01 -2.355260523186682720e-01 6.727140330188678685e-02 1.548880746791131968e-01 6.866188876889848247e-01 -1.389347126436781543e-01 -2.020716388308977096e-01 -1.360753215767634694e-01 -2.413896273291925576e-01 5.826528512396695891e-01 -2.995651593011304167e-02 2.998881275720164941e-01 0.000000000000000000e+00 -3.741719793814433093e-01 -1.452226185567010164e-01 2.636947619047619318e-01 7.077716528925621642e-01 -1.015627300930713600e-01 -5.133094300518133840e-02 -2.419688497409326622e-01 -2.436292091571279905e-01 3.796262058212058754e-01 1.179636590436590471e-01 -2.889360438413360321e-01 7.090791231732779254e-02 -6.447590814196241249e-02 -1.015945920502091954e-01 -1.369180272822665134e-01 -4.990401673640166430e-02 -2.105423246073298282e-01 8.851828900523561749e-01 5.365842468619247407e-01 -1.215521907756813291e-01 -1.251708079748163616e-01 7.216400736842105701e-01 -2.461816335078533813e-01 8.421154926624739856e-01 -2.593094142259414481e-01 -2.411787513116474269e-01 -1.614652510460251045e-01 -1.280661804826862815e-01 8.481613166144201799e-01 -3.229205433646812340e-01 6.658000417972832485e-01 7.987434554973822376e-01 7.038069505783386415e-01 -2.687527109704641592e-01 -5.002807586933615269e-01 -2.433528950159067061e-01 -2.169085501066098376e-01 5.249601294117646200e-01 -4.498401322115384016e-01 7.822759191176470450e-01
-1.662686531986531935e-01 -3.781491019786910046e-01 -1.638799284862932082e-01 -1.908864184397163211e-01 -2.536221988304093178e-01 -4.112670995670995588e-01 -2.005883472803347001e-01 -3.668835460251046454e-01 -4.344850311850311786e-01 -4.166038006230529112e-01 -3.287538445595855063e-01 -3.709556759545923899e-01 -3.620454855371900149e-01 -3.741719793814433093e-01 0.000000000000000000e+00 -2.972084140061791446e-01 -3.679495966907962434e-01 -4.462225906735752257e-01 -3.462947925311203323e-01 -3.403248390446520499e-01 -3.533370686070685940e-01 -3.814279645093945903e-01 -2.605527974947807746e-01 -5.584847494780792454e-01 -3.644719811320755176e-01 -3.242786883525708430e-01 -3.851713536201469279e-01 -3.516732668067227285e-01 -1.569751001053740769e-01 -3.984005246589716887e-01 -4.278378046218487829e-01 -3.660712092534173512e-01 -2.492739852786540755e-01 -3.343285189075630437e-01 -3.241725263157895220e-01 -3.250099894403378764e-01 -4.136669642857142559e-01 -3.714386105263157711e-01 -3.379386673662120311e-01 -5.670067544783983227e-01 -2.931639600840336146e-01 -3.169420021074815796e-01 -2.924643546694648544e-01 -2.612690870933893073e-01 -2.894124449108079200e-01 -3.261088222923239077e-01 -4.543562407602956821e-01 -4.037506765327695257e-01 -4.417971987315010285e-01 -1.698484680851063688e-01 -1.832731122994652462e-01 -2.607357615112160243e-01 -2.051954282267792473e-01 -3.192729044117647019e-01
-3.819563316582914592e-01 -3.552308898944193105e-01 -3.778896208530805323e-01 -2.171326321974147988e-01 -2.681307683352735505e-01 -1.721578663793103259e-01 -2.361989051094890435e-01 -3.502791431556948609e-01 -2.805308627858627557e-01 -3.298527206645898158e-01 -1.926197925311203263e-01 -2.687966357069143108e-01 -1.578819318181818032e-01 -1.452226185567010164e-01 -2.972084140061791446e-01 0.000000000000000000e+00 -1.790058170606372012e-01 -1.903700206185566790e-01 -2.551606501547987738e-01 -2.642319421487602793e-01 -2.722081178903826282e-01 -4.172211007268951111e-01 -1.735950778816199302e-01 -4.513674273858921393e-01 -2.538497291666666489e-01 -3.066448070907194512e-01 -2.920044942648592490e-01 -2.679523277661795544e-01 -3.570069842931937187e-01 -2.960285908141961908e-01 -3.032314733542318952e-01 -1.495417050209204846e-01 -1.441389958158995621e-01 -3.004824242424242731e-01 -3.165060564853556246e-01 -1.554174291710388178e-01 -2.946383716075156589e-01 -1.645918514644351405e-01 -3.075018143899895251e-01 -3.017046282722513073e-01 -3.044037995824634413e-01 -3.020530575916230420e-01 -1.216924817518248020e-01 -4.060233472367049123e-01 -1.457972992700729831e-01 -2.104416091954023349e-01 -2.059836096537250860e-01 -3.334206407563025665e-01 -2.899563970588235340e-01 -3.557314255543822523e-01 -3.534667303609341782e-01 -1.500924707259952973e-01 -4.733350239234449530e-01 -1.249201102941176478e-01
-2.527553433835845187e-01 -2.326036048265460177e-01 -2.366172104018912370e-01 -7.752366940211019575e-02 -7.744697674418604683e-02 1.548122688172043071e-01 -1.434271041666666802e-01 -2.216909498956158575e-01 -2.373375546305931394e-01 -3.050737941787942109e-01 1.270978586278586342e-01 -2.033533229813664356e-01 -8.579937759336108902e-03 2.636947619047619318e-01 -3.679495966907962434e-01 -1.790058170606372012e-01 0.000000000000000000e+00 1.462911577868852564e-01 -1.986042857142857054e-01 -1.792801958762886561e-01 -2.135934468524251784e-01 -2.790417512953367596e-01 2.410912863070539813e-02 -2.312759232365145246e-01 -2.686326458333333500e-01 -8.536822732012513959e-02 -2.103586131386861457e-01 -7.211507820646505251e-02 -1.860992782426778291e-01 -2.182099687500000107e-01 -2.414048070907195143e-01 2.808409717868338706e-01 9.090815047021945372e-02 -2.344501356993737018e-01 -2.683367711598745320e-01 1.991983874345549799e-01 -2.652193541666666987e-01 2.394292066805845387e-01 -2.453495421436004131e-01 -2.658736116910229708e-01 -2.068042767950052097e-01 -2.101945720250521787e-01 2.938348648648648198e-01 -2.971392619542619351e-01 2.126358419958419843e-01 7.894700729927005278e-02 1.683432217573221923e-01 -3.166089842931937293e-01 -3.724834136125654283e-01 -2.534824025289778571e-01 -2.332712923728813559e-01 6.177847953216375476e-02 -3.503271565113501018e-01 2.095689781021898013e-01
-1.714782382550335549e-01 -8.768927601809954619e-02 -1.369033175914994016e-01 -3.808430913348948791e-03 1.138132520325203373e-01 6.847471075268818375e-01 -1.867728229166666920e-01 -1.912874139728884260e-01 -1.903206133056133120e-01 -2.712498338525441421e-01 4.707985462097611928e-01 -8.676263702171664594e-02 1.815474300518134521e-01 7.077716528925621642e-01 -4.462225906735752257e-01 -1.903700206185566790e-01 1.462911577868852564e-01 0.000000000000000000e+00 -1.549915848670756768e-01 -8.218812114989731965e-02 -2.338647070914696979e-01 -1.552795036194415668e-01 3.637351809720785756e-01 2.194795036194416016e-01 -2.834606548856548613e-01 6.732537422037422614e-02 -1.152391580041580155e-01 -1.520087408949011287e-01 -7.712378914405008945e-02 -1.272001975051975098e-01 -2.511554318418314224e-01 7.187006145833334525e-01 2.677939791666667513e-01 -1.558745624999999524e-01 -1.635346041666666805e-01 5.685199791231733135e-01 -1.696743198338525327e-01 6.779666979166667495e-01 -2.428700519210799658e-01 -2.823112708333333498e-01 -1.475311941848390096e-01 -1.668333854166666741e-01 7.057510684647302357e-01 -3.114835580912862500e-01 5.513807157676349213e-01 5.092965660770031322e-01 7.668950730688935957e-01 -2.756467259414226434e-01 -4.139436820083681745e-01 -1.685859157894736560e-01 -1.183948783068782817e-01 2.940525467289720196e-01 -3.803957279236276912e-01 6.812457299270073818e-01
-3.324450168350168155e-01 -3.213629803328290624e-01 -3.037805555555555537e-01 -1.849506916764361297e-01 -2.331737862950058193e-01 -1.439369967707211928e-01 -2.068601668404587979e-01 -3.261465240083507577e-01 -2.853476274713840355e-01 -3.318101767151767079e-01 -1.309466943866943733e-01 -2.467339544513457716e-01 -2.066402697095435503e-01 -1.015627300930713600e-01 -3.462947925311203323e-01 -2.551606501547987738e-01 -1.986042857142857054e-01 -1.549915848670756768e-01 0.000000000000000000e+00 -2.624318974358974543e-01 -2.870724229979465525e-01 -3.801226239669421858e-01 -1.479398966942148674e-01 -3.817642709410548618e-01 -2.441496777546777464e-01 -2.768466216216216580e-01 -2.723621933471933598e-01 -2.926555104166667087e-01 -3.056678534031413430e-01 -2.654382168925964458e-01 -3.073218684759916886e-01 -1.024031974921630062e-01 -1.005999268547544262e-01 -2.852579205851619726e-01 -2.890140543364681514e-01 -1.071636125654450156e-01 -2.847577604166666165e-01 -1.172877638453500432e-01 -2.842368020833333508e-01 -3.643728108672936727e-01 -2.962632395833332821e-01 -2.901517763845349873e-01 -8.621501560874088310e-02 -3.714760665972944853e-01 -1.079430905306971722e-01 -1.884722627737226153e-01 -1.691778952879580966e-01 -3.272857756813417618e-01 -2.948863207547169907e-01 -3.317746624472573957e-01 -3.125176139978791401e-01 -1.035066627634660397e-01 -4.187339473684210667e-01 -1.569474725274725146e-01
-3.761408571428571657e-01 -3.568739485627837049e-01 -3.570547218934910783e-01 -1.877833997655334042e-01 -2.077907540603247949e-01 -7.536218514531753399e-02 -2.275020020855057223e-01 -3.343660878661087743e-01 -2.665826118626430374e-01 -3.322924636174636737e-01 -1.195270997920998002e-01 -2.512436128364389232e-01 -1.802355970924195139e-01 -5.133094300518133840e-02 -3.403248390446520499e-01 -2.642319421487602793e-01 -1.792801958762886561e-01 -8.218812114989731965e-02 -2.624318974358974543e-01 0.000000000000000000e+00 -3.084259672466734825e-01 -3.725056642636456750e-01 -8.666277319587627204e-02 -3.568298760330578245e-01 -2.665365212876427692e-01 -2.834070539419086820e-01 -2.574675622406639164e-01 -2.748559563409563311e-01 -3.245659874608150530e-01 -2.503926249999999798e-01 -3.058521272158498117e-01 -5.489153444676406896e-02 -9.805099164926929511e-02 -2.745557411273486514e-01 -3.033092588726513661e-01 -8.209107853403140032e-02 -2.949023749999999944e-01 -5.848800417972829790e-02 -3.084031979166666493e-01 -3.005469592476488483e-01 -3.090062604166666782e-01 -3.013153757828809787e-01 -3.825608740894899384e-02 -3.924523854166666603e-01 -7.120558915537017475e-02 -1.215874190177638481e-01 -1.019332738719832127e-01 -3.452080797481636987e-01 -3.533358176100629411e-01 -3.554374445617739520e-01 -3.508676963906581237e-01 -8.322386869871042925e-02 -4.638356287425149937e-01 -1.005041391941391832e-01
-3.126777104377104766e-01 -3.056261666666666432e-01 -2.976822931442080766e-01 -2.423008909730363369e-01 -2.382591753774680465e-01 -2.279939181916038893e-01 -1.573476016684045853e-01 -2.800675444096134004e-01 -2.592762539021851720e-01 -2.921346881496881265e-01 -2.442603008298755152e-01 -2.612718821096173261e-01 -2.756120020746888333e-01 -2.419688497409326622e-01 -3.533370686070685940e-01 -2.722081178903826282e-01 -2.135934468524251784e-01 -2.338647070914696979e-01 -2.870724229979465525e-01 -3.084259672466734825e-01 0.000000000000000000e+00 -3.180416649537513574e-01 -1.724618537590113521e-01 -4.309916202270381302e-01 -1.762994813278008222e-01 -2.618110155440414588e-01 -2.653116476683937686e-01 -2.300475493250259407e-01 -3.013477011494252733e-01 -2.642021562499999865e-01 -2.875449530761209349e-01 -2.586807202505219117e-01 -1.374989561586638653e-01 -2.492996447230929891e-01 -3.012108463949843551e-01 -2.364477044025157237e-01 -1.892681960375390826e-01 -2.558267816091954194e-01 -2.487978206465067677e-01 -3.267255485893416633e-01 -2.548410208333333205e-01 -2.723587056367431924e-01 -2.477244745057232134e-01 -3.600882812500000307e-01 -2.144828258602711202e-01 -2.862621839080459751e-01 -2.386884050367261423e-01 -2.935950420168066954e-01 -1.158229454926624630e-01 -3.086075501583949166e-01 -2.920711677282377683e-01 -1.644833059788980145e-01 -4.064076646706586415e-01 -1.979069485294117636e-01
-5.125454713804713514e-01 -4.149057207890743393e-01 -5.045599524375743439e-01 -3.067829093050648548e-01 -3.420520070011668912e-01 -1.916654378378378210e-01 -2.946552670157067677e-01 -4.000337985309548872e-01 -3.653654022988505057e-01 -3.942464926931106839e-01 -2.877755474452554640e-01 -3.636998648648648857e-01 -3.008778936392075276e-01 -2.436292091571279905e-01 -3.814279645093945903e-01 -4.172211007268951111e-01 -2.790417512953367596e-01 -1.552795036194415668e-01 -3.801226239669421858e-01 -3.725056642636456750e-01 -3.180416649537513574e-01 0.000000000000000000e+00 -1.434020756646216810e-01 -4.255706776180697704e-01 -3.115499173553719081e-01 -3.679422497420020699e-01 -3.543029411764705983e-01 -3.419981347150258810e-01 -4.830871428571428816e-01 -3.703803954214360261e-01 -3.879628958333333766e-01 -2.426358185610010265e-01 -2.524365172054223172e-01 -3.903396555323590533e-01 -4.006513048016701051e-01 -2.286370680628272145e-01 -3.276457395833333175e-01 -2.425111979166666709e-01 -3.578359355509355133e-01 -3.654518645833333412e-01 -4.192636694386694396e-01 -3.773869375000000193e-01 -2.105368431983385413e-01 -5.037303746097814283e-01 -2.185941666666666450e-01 -1.806537682672233747e-01 -1.666639098532494700e-01 -4.094257712486883971e-01 -3.427795815899581378e-01 -4.950869020021074762e-01 -4.927165042372881332e-01 -2.385917309941520403e-01 -5.909028673835124978e-01 -1.854115555555555517e-01
-1.010195630252100768e-01 -1.193433333333333290e-01 -9.479970344009489014e-02 -9.104383529411766429e-02 -6.193986013986008815e-03 3.271057019438445290e-01 -2.162999372384937224e-01 -1.960687945492662343e-01 -1.400820376175548332e-01 -2.387784446764091850e-01 2.305698331595411876e-01 -9.812391891891893148e-02 1.888038581856100323e-02 3.796262058212058754e-01 -2.605527974947807746e-01 -1.735950778816199302e-01 2.410912863070539813e-02 3.637351809720785756e-01 -1.479398966942148674e-01 -8.666277319587627204e-02 -1.724618537590113521e-01 -1.434020756646216810e-01 0.000000000000000000e+00 7.806448875255624087e-02 -2.230352469135802318e-01 -2.817706063720451515e-02 -1.317690441932168333e-01 -1.612290815273477729e-01 -1.025767289719625996e-01 -1.063960725388600898e-01 -2.003744087136929142e-01 3.979233852544132866e-01 7.127393561786090834e-03 -1.401103846153846089e-01 -1.266266632016631866e-01 3.083445776850886055e-01 -1.512742990654205311e-01 3.713650259605399961e-01 -2.188896265560165699e-01 -2.516551039501039311e-01 -1.903237448132779897e-01 -1.660266320166320364e-01 3.954179481865284784e-01 -2.352847095435684488e-01 2.857765524402907653e-01 1.293220582120582218e-01 3.671857366771159592e-01 -2.528956125654450160e-01 -2.593127870563674553e-01 -1.617626498422712888e-01 -1.213625687103594003e-01 6.549392065344222802e-02 -2.823204171632896498e-01 2.996846125461254950e-01
-5.331774247491638530e-01 -3.772588670694863588e-01 -5.092344615384616358e-01 -2.107586267605633668e-01 -1.964148661233993398e-01 1.507574298056156004e-01 -3.417342573221757163e-01 -4.227874973821989513e-01 -3.723773458725182506e-01 -4.421129853862212911e-01 -8.267049009384731762e-04 -3.225613513513513886e-01 -1.611820855057351509e-01 1.179636590436590471e-01 -5.584847494780792454e-01 -4.513674273858921393e-01 -2.312759232365145246e-01 2.194795036194416016e-01 -3.817642709410548618e-01 -3.568298760330578245e-01 -4.309916202270381302e-01 -4.255706776180697704e-01 7.806448875255624087e-02 0.000000000000000000e+00 -3.875920654396727283e-01 -3.004180981595092059e-01 -3.663108895705521340e-01 -4.589073921971252301e-01 -4.577709400826446839e-01 -3.146883281733746096e-01 -4.568434917355371772e-01 1.252348447204969240e-01 -2.977939958592133382e-02 -4.020037616580310891e-01 -3.967612331606217846e-01 1.021867463617463639e-01 -3.880000829875519530e-01 1.283310384215991806e-01 -3.971452489626555726e-01 -4.918039916839917480e-01 -4.278530984455958808e-01 -4.327615696465696993e-01 1.641001035196687496e-01 -5.249081865284974668e-01 4.590897302904565352e-02 2.928569334719334782e-01 1.851821085594989591e-01 -4.583657157784743474e-01 -5.836026979166665241e-01 -5.072641299790356939e-01 -5.124777555321391453e-01 -3.826433720930234178e-02 -6.622099643705462446e-01 4.252044609665427827e-02
-1.872765935919055991e-01 -2.971737138508371290e-01 -2.009544523809523864e-01 -1.926817945690673106e-01 -2.015488524590164088e-01 -2.595379478827361530e-01 -1.328985068349106402e-01 -2.784403789473684498e-01 -2.751103991596637877e-01 -2.907985744234801162e-01 -2.496699162303664676e-01 -2.327107306889352745e-01 -2.859807329842931622e-01 -2.889360438413360321e-01 -3.644719811320755176e-01 -2.538497291666666489e-01 -2.686326458333333500e-01 -2.834606548856548613e-01 -2.441496777546777464e-01 -2.665365212876427692e-01 -1.762994813278008222e-01 -3.115499173553719081e-01 -2.230352469135802318e-01 -3.875920654396727283e-01 0.000000000000000000e+00 -2.826061270491803112e-01 -2.603636270491803684e-01 -2.687737860082304309e-01 -2.298592746113989893e-01 -2.782991200828157097e-01 -2.632443834196890875e-01 -2.840134371754931553e-01 -1.212266978193146383e-01 -2.492883870967741722e-01 -2.745569927159208778e-01 -2.327361899791231814e-01 -1.840075208333333268e-01 -2.730960792492179157e-01 -2.230498644421272103e-01 -3.727293312434691308e-01 -2.196221041666666651e-01 -2.086065935214211076e-01 -2.433730489073880898e-01 -3.433629583333333568e-01 -2.446144629822732119e-01 -3.101511180773249832e-01 -2.681116054564533502e-01 -2.761487289915966481e-01 -1.457973717277487036e-01 -2.135107060063224649e-01 -1.917728813559322065e-01 -1.618135087719298204e-01 -3.632652744630071595e-01 -2.661869144981412472e-01
-3.747872175379426407e-01 -2.987634703196346830e-01 -3.864349702734839465e-01 -1.685055306603773506e-01 -1.413837309941520237e-01 7.460844902386118416e-02 -2.105970693277310901e-01 -3.054528075709779245e-01 -2.543465336134453358e-01 -3.113077777777777944e-01 -3.423787434554972225e-02 -2.435980897703548809e-01 -1.177828481675392697e-01 7.090791231732779254e-02 -3.242786883525708430e-01 -3.066448070907194512e-01 -8.536822732012513959e-02 6.732537422037422614e-02 -2.768466216216216580e-01 -2.834070539419086820e-01 -2.618110155440414588e-01 -3.679422497420020699e-01 -2.817706063720451515e-02 -3.004180981595092059e-01 -2.826061270491803112e-01 0.000000000000000000e+00 -1.965358469387755158e-01 -2.538433913934426411e-01 -3.545026859504131767e-01 -2.513711867905056851e-01 -2.919946384297520403e-01 7.138877846790891990e-02 -2.044317098445595088e-02 -2.552345482866043569e-01 -2.620671858774662466e-01 2.242565172054223829e-02 -2.588600519750519635e-01 5.318391259105099966e-02 -2.763483870967741729e-01 -2.975515000000000243e-01 -3.169496361746361179e-01 -2.732472187500000205e-01 9.647866043613709253e-02 -4.103943035343035062e-01 3.869066597294486265e-02 -1.722672233820463604e-03 3.320716981132076223e-02 -3.220795487932843204e-01 -3.509860041841004197e-01 -3.707877052631579073e-01 -3.662492917547569005e-01 -6.345239206534420556e-03 -5.185106317044099189e-01 6.145174721189591849e-02
-2.876855311973018359e-01 -2.908398325722983402e-01 -2.693550178359096492e-01 -1.534043867924528570e-01 -1.827216842105263417e-01 -8.370375271149674279e-02 -1.901179096638655197e-01 -3.212418191377496846e-01 -2.983360924369747869e-01 -3.359617610062893278e-01 -1.042827748691099177e-01 -2.740583298538622481e-01 -1.883798952879581212e-01 -6.447590814196241249e-02 -3.851713536201469279e-01 -2.920044942648592490e-01 -2.103586131386861457e-01 -1.152391580041580155e-01 -2.723621933471933598e-01 -2.574675622406639164e-01 -2.653116476683937686e-01 -3.543029411764705983e-01 -1.317690441932168333e-01 -3.663108895705521340e-01 -2.603636270491803684e-01 -1.965358469387755158e-01 0.000000000000000000e+00 -2.538934733606557081e-01 -2.598650103305784609e-01 -2.919085552115583404e-01 -2.987007541322314053e-01 -6.125986542443062621e-02 -7.706835233160620746e-02 -2.459300103842159690e-01 -2.855505503634475639e-01 -9.069181438998957789e-02 -2.783110083160083015e-01 -7.318284079084286242e-02 -2.801833298647242176e-01 -3.716671249999999871e-01 -2.338070374220374004e-01 -2.563192916666666710e-01 -4.506492211838004913e-02 -3.645546361746361264e-01 -8.849879292403745046e-02 -1.523887473903966783e-01 -1.366822431865828136e-01 -3.371411647429171099e-01 -3.140989016736401851e-01 -2.889205263157895165e-01 -2.630993128964059236e-01 -8.612022170361727236e-02 -3.804558998808104664e-01 -1.306527881040892014e-01
-2.689878680203046102e-01 -3.244276829268292750e-01 -2.470049642857142513e-01 -1.668695631641086419e-01 -2.202677283372365125e-01 -1.696516612377850231e-01 -1.893108210526315838e-01 -3.190209378292939713e-01 -3.042400105263157739e-01 -3.185173214285713650e-01 -1.310931584470094446e-01 -2.752981380753138363e-01 -1.858009338929695609e-01 -1.015945920502091954e-01 -3.516732668067227285e-01 -2.679523277661795544e-01 -7.211507820646505251e-02 -1.520087408949011287e-01 -2.926555104166667087e-01 -2.748559563409563311e-01 -2.300475493250259407e-01 -3.419981347150258810e-01 -1.612290815273477729e-01 -4.589073921971252301e-01 -2.687737860082304309e-01 -2.538433913934426411e-01 -2.538934733606557081e-01 0.000000000000000000e+00 -2.636391658084448752e-01 -3.055961625514403979e-01 -2.657484243048403028e-01 -1.078673966942148704e-01 -1.051695036194415650e-01 -2.638673160621761715e-01 -2.960615871369294827e-01 -9.376348958333331762e-02 -2.889354620976116172e-01 -1.153578772112382883e-01 -2.912683975026014727e-01 -3.137423645833333774e-01 -2.813116839916839362e-01 -2.541190719499478723e-01 -6.659904365904364965e-02 -3.045448283038501569e-01 -7.266571874999999681e-02 -2.091249007314524566e-01 -1.797720986358866679e-01 -3.212004411764706191e-01 -3.491559643605869900e-01 -2.756611392405062810e-01 -2.334182415254237308e-01 -9.733128654970760185e-02 -3.685195698924730867e-01 -8.203155555555555201e-02
