0.000000000000000000e+00 -9.719651741293531058e-03 -4.246544093178037521e-02 -1.628748752079866788e-02 -6.590915141430948691e-03 -5.239931552587645536e-02 -5.056722408026755218e-03 -1.137704507512520870e-02 -9.774707846410686865e-03 -3.275535117056856127e-02 -2.662367892976588019e-02 -1.472641541038526014e-02 -1.246290050590219065e-02 -4.056537037037034887e-02 -3.041452861952862255e-02 -2.454881072026800226e-02 3.568123953098828460e-03 -5.569506711409395738e-02 -2.594422558922558977e-02 -3.304406722689075954e-02 -1.284217171717171903e-02 -2.757185185185185433e-02 3.147031932773108887e-02 -2.193779264214042873e-03 5.774148397976391206e-03 -8.083558178752109705e-03 -3.918887015177065572e-03 -2.550981387478849782e-02 -4.141225042301184545e-02 -1.687111864406779654e-02 -2.785225423728814043e-02 -2.794711864406778518e-02 3.016372250423011991e-02 -2.403021996615905403e-02 -2.399517766497462345e-02 -1.494337288135592218e-02 -9.104789207419900984e-03 -2.087536256323775999e-02 -4.852974789915966321e-03 -2.148305227655986777e-02 -1.993098993288590359e-02 -2.506188870151770942e-02 -2.889949748743715630e-03 -4.546110183639399255e-02 1.857848739495799933e-03 -1.294913513513513414e-01 -7.123227118644068212e-02 -3.627142372881356214e-02 -4.284912162162161919e-02 -3.830540677966101648e-02 -4.267503412969283344e-02 1.251741758241758234e-02 -6.150307262569832539e-02 -4.973831395348837087e-02
-9.719651741293531058e-03 0.000000000000000000e+00 -1.301944610778443291e-02 -1.052964071856286963e-03 1.472555555555555423e-02 6.557478129713423254e-02 1.314283559577676804e-03 -7.822745098039214640e-03 -2.304259818731118400e-03 -1.605125567322239141e-02 4.036665151515151512e-02 1.102268181818181689e-02 1.946373475609755946e-02 4.367813069908815099e-02 -3.308056316590562984e-02 -6.782006033182504633e-03 2.336847662141779830e-02 6.089749622926093203e-02 -2.580635400907716707e-03 -8.948411497730720436e-04 4.058030303030289569e-04 -8.003626707132019402e-03 2.688080303030303264e-02 1.921599697885196384e-02 7.601126331811261343e-03 1.047184170471841640e-02 9.511613394216135789e-03 -1.325870426829268457e-02 -1.106387195121952575e-03 3.709251908396947288e-03 -1.007706870229007484e-02 4.617796946564885208e-02 4.447257621951219292e-02 -5.597267175572518717e-03 4.678106870229008230e-03 5.195563552833078191e-02 7.201820940819422638e-03 6.403464339908952752e-02 -8.714780635400907333e-03 -1.202679817905918068e-02 -7.282945619335348501e-03 1.242883156297419980e-02 5.941417797888385449e-02 -2.490493975903614390e-02 5.861412121212122156e-02 1.366172754946727574e-01 7.324989312977098210e-02 -1.088361832061068846e-02 -2.755480974124809718e-02 -1.451621374045801785e-02 -1.565235023041474868e-02 6.241593333333333993e-02 -3.333623728813558951e-02 3.843081521739131340e-02
-4.246544093178037521e-02 -1.301944610778443291e-02 0.000000000000000000e+00 -1.451046838407494405e-02 -1.164885111371629506e-02 -4.608274647887324049e-02 -5.025135135135136606e-03 -8.273333333333333928e-03 -1.260591232227488423e-02 -2.789801897983392245e-02 -3.490566350710899712e-02 -1.193646919431279839e-02 -1.450051190476190667e-02 -5.929002378121282085e-02 -3.137281287246722339e-02 -2.533473933649289106e-02 -6.521784869976360137e-03 -6.270264462809917172e-02 -1.903535460992907685e-02 -2.658304142011834806e-02 -9.277754137115838684e-03 -2.372500594530321458e-02 4.679084223013048327e-02 -1.093455621301775080e-02 4.002714285714283927e-03 -1.292068965517241194e-02 -1.104891795481569711e-02 -2.465222619047618968e-02 -3.874677804295942329e-02 -1.853692951015531790e-02 -2.676843488649940581e-02 -4.641715311004783462e-02 2.930992840095465388e-02 -2.469350059737156558e-02 -2.700063397129186596e-02 -3.274971223021581890e-02 -9.539558472553701096e-03 -5.078825567502985583e-02 -3.148023809523809325e-03 -1.608070405727923813e-02 -2.369181926278240632e-02 -2.259051251489868975e-02 -8.400830367734283101e-04 -4.398823668639053469e-02 -5.287256532066506899e-03 -1.396228333333333071e-01 -8.301847072879330047e-02 -2.844061004784689123e-02 -4.171688172043010179e-02 -4.019201923076923255e-02 -4.170499393939394728e-02 9.877697368421051866e-03 -6.203471849865951904e-02 -5.084426666666666539e-02
-1.628748752079866788e-02 -1.052964071856286963e-03 -1.451046838407494405e-02 0.000000000000000000e+00 3.239278422273782210e-02 1.541773426573426475e-01 3.108936915887850448e-03 -4.705644028103045211e-03 8.610258215962439746e-03 -2.020741480611045957e-02 1.116058117647058812e-01 1.569983529411764916e-02 5.727410165484633775e-02 1.707594339622641455e-01 -1.805053191489361733e-02 2.826498237367803135e-03 3.598152403282531969e-02 1.736725292740046722e-01 1.111664712778429867e-03 2.384382180539273283e-02 -3.440703399765534295e-03 -1.095118963486454815e-02 5.109138823529411205e-02 8.854360328638496980e-02 -2.070956316410869230e-04 3.024889150943396374e-02 1.565436320754716795e-02 8.643553719008264385e-03 1.651913507109004781e-02 1.182779620853080700e-02 7.687120853080571005e-03 1.750958244365361793e-01 5.868152662721893426e-02 1.511550947867298933e-02 1.085852906287070388e-02 1.443280023781212951e-01 1.012579881656804634e-03 1.602103909952606597e-01 -1.419031877213696282e-03 -3.648639053254433486e-04 -5.722629716981131494e-03 -1.271446808510638508e-02 1.241176615746181072e-01 -2.125579812206572494e-02 1.007477738515901167e-01 1.377032821723730982e-01 1.842799526066351001e-01 -1.110952550415183863e-02 -3.378776066350710344e-02 -1.433174016686531924e-02 -1.445441105769230787e-02 6.507208604954367592e-02 -2.765464807436918832e-02 1.474641071428571260e-01
-6.590915141430948691e-03 1.472555555555555423e-02 -1.164885111371629506e-02 3.239278422273782210e-02 0.000000000000000000e+00 1.886481933256616839e-01 6.777375722543351085e-03 5.633101045296156750e-04 2.322445348837209531e-02 -1.096242142025611113e-02 9.833699300699301482e-02 4.099167441860464972e-02 7.077271028037383782e-02 1.715320186697782967e-01 -1.162626900584795391e-02 5.348521536670548457e-03 7.495279069767440960e-02 2.018529965156794503e-01 3.900882694541229698e-03 3.187113689095127933e-02 2.028571428571421308e-04 -1.947082847141189598e-03 1.107210722610722647e-01 8.365327124563445849e-02 7.333477751756438921e-03 6.225631578947368738e-02 1.735032748538011677e-02 1.231347775175644331e-02 6.198643867924531932e-03 2.095010588235293736e-02 5.087094117647058232e-03 1.686004470588235438e-01 7.624836662749706617e-02 1.354942352941176584e-02 1.787054117647058835e-02 1.542238044758539595e-01 5.262283372365339496e-03 1.614030199764981965e-01 -1.746147540983607280e-03 -5.886138497652583165e-03 1.522678362573100632e-03 2.159359906213364350e-02 1.754494982497082911e-01 -1.616903376018626742e-02 1.527066705607476871e-01 1.260111682242990583e-01 1.910717233294255413e-01 -1.204710433763188718e-02 -3.483326697892271534e-02 -5.658598351001178570e-03 -6.491520190023753432e-03 8.800398970398969067e-02 -3.538855832241152855e-02 1.687594782608695665e-01
-5.239931552587645536e-02 6.557478129713423254e-02 -4.608274647887324049e-02 1.541773426573426475e-01 1.886481933256616839e-01 0.000000000000000000e+00 4.353961661341853445e-02 6.059818181818183574e-03 4.756897849462365935e-02 9.446910656620023314e-03 4.339782847896440643e-01 8.605844994617867227e-02 2.695146976241900583e-01 5.910295248380128541e-01 -4.199805194805194403e-02 1.439940732758620591e-02 2.226992473118279414e-01 6.135073763440860306e-01 4.960638320775027921e-02 1.033784822389666180e-01 3.486881593110871536e-02 6.097459459459461315e-03 2.248630345572354416e-01 2.156142116630669348e-01 1.760261672095548083e-02 1.510292733188720038e-01 8.957759219088937130e-02 5.908702497285559657e-02 3.596297709923664682e-02 8.561308695652174172e-02 2.602184782608695651e-02 5.944139021739129891e-01 1.775143865363734974e-01 4.815146898803046582e-02 6.012928182807400490e-02 4.935847110141766136e-01 1.027739696312364275e-02 5.679427173913043081e-01 -5.002101841820148428e-03 1.698295331161780303e-02 3.424625541125541489e-02 6.334265726681127806e-02 6.085372756756756152e-01 -3.641198275862069650e-02 5.067064432432433208e-01 4.254002597402597452e-01 6.477947339847991426e-01 -1.038576086956519932e-03 -4.665581976112920942e-02 -1.619874179431072050e-02 -3.506892189218921430e-02 2.225917204301075258e-01 -7.844742405832320908e-02 5.254308270676691928e-01
-5.056722408026755218e-03 1.314283559577676804e-03 -5.025135135135136606e-03 3.108936915887850448e-03 6.777375722543351085e-03 4.353961661341853445e-02 0.000000000000000000e+00 -1.282097107438017088e-03 5.285758835758832359e-04 -1.833603537981269571e-02 2.422564583333333341e-02 5.683906249999999723e-03 7.268265412748171027e-03 2.301258098223615475e-02 -9.452949790794978532e-03 -3.709176225234619376e-03 1.859275000000000164e-02 5.309213541666666508e-02 -2.411001042752867942e-03 1.678978102189780533e-03 1.964580813347236582e-02 -2.408984293193717433e-03 3.138566945606695129e-03 8.014382845188284393e-03 9.732576235541535656e-03 1.071764705882352793e-02 5.874884453781513589e-03 -4.009999999999999893e-04 4.853618143459914602e-03 8.910263157894735345e-03 -3.929442105263157570e-03 2.681275789473684668e-02 3.452168421052631553e-02 2.824552160168599009e-03 -2.922331223628692187e-03 2.904377378435517992e-02 1.147428571428571464e-02 2.843256302521008153e-02 -2.384565445026178183e-03 -6.864201680672269747e-03 5.104178010471205514e-03 -4.804852941176471041e-03 1.679494769874477142e-02 -1.454416753926701666e-02 2.510661780104712568e-02 1.059540483701367081e-01 7.060909186906019763e-02 -1.483014799154334061e-02 -1.230515311510031566e-02 -5.677595744680851396e-03 -5.575497326203208981e-03 3.517042452830189403e-02 -2.172844578313253006e-02 3.781933333333333674e-02
-1.137704507512520870e-02 -7.822745098039214640e-03 -8.273333333333333928e-03 -4.705644028103045211e-03 5.633101045296156750e-04 6.059818181818183574e-03 -1.282097107438017088e-03 0.000000000000000000e+00 -1.206862033195020556e-02 -1.379224299065420420e-02 -1.019667013527575383e-02 -6.474682622268471827e-03 -4.437077244258872885e-03 -2.331665970772442767e-02 -2.471258368200836969e-02 -1.454239289446185822e-02 8.405250521920665935e-03 1.255388946819603786e-02 -1.244967640918580483e-02 -1.420085774058577402e-02 5.009707419017763591e-03 -9.376316894018887557e-03 4.780901467505239977e-03 -6.171340314136128553e-03 -1.711000000000000498e-03 1.394185068349106365e-03 -3.808044164037853192e-03 -1.034891464699683877e-02 -1.577982048574445850e-02 -8.080791139240506640e-03 -1.624752109704641345e-02 -2.269285864978902792e-02 2.896798947368421293e-02 -9.369178082191779999e-03 -1.074081309398099322e-02 -1.094801058201057969e-02 1.215284210526315634e-03 -7.756515789473683760e-03 -3.274407135362015012e-03 -1.955911671924290274e-02 -6.822675760755509203e-03 -8.979589473684211273e-03 1.928100628930817795e-02 -2.309000000000000288e-02 1.997355345911949742e-02 8.279752631578947419e-02 2.256972515856237385e-02 -8.895894179894180825e-03 -1.883819047619047712e-02 -1.501568690095846786e-02 -1.392842612419700407e-02 1.409263593380614618e-02 -3.239807971014492527e-02 -1.905092592592592254e-02
-9.774707846410686865e-03 -2.304259818731118400e-03 -1.260591232227488423e-02 8.610258215962439746e-03 2.322445348837209531e-02 4.756897849462365935e-02 5.285758835758832359e-04 -1.206862033195020556e-02 0.000000000000000000e+00 -2.096769072164948039e-02 1.164677018633540270e-02 2.161045548654244326e-03 5.105212876427832683e-03 -2.200010373443984143e-03 -3.190086278586277968e-02 -1.384567567567567339e-02 1.807286160249739829e-02 6.996466735966737349e-02 -4.086014568158168742e-03 -1.925275754422476693e-03 4.039895941727367039e-03 -8.222884012539174742e-04 3.880353187042841906e-02 1.842935214211076367e-02 9.338445378151250887e-04 1.313639705882353043e-02 -3.367647058823528168e-03 -1.962056842105263169e-02 -1.709359028511087814e-02 -4.216101159114856584e-03 -1.156265822784810146e-02 1.444752109704641567e-02 3.084418947368421093e-02 -2.602212855637513547e-03 -6.400601900739174774e-03 2.730831746031746679e-02 -2.591873684210527391e-03 1.282244210526316090e-02 -2.138363064008394834e-03 -9.747434279705573940e-03 -1.952980062959075230e-03 -1.461446315789473663e-02 5.450123689727463111e-02 -2.920298429319371364e-02 4.825465408805031109e-02 7.879244210526316350e-02 6.470346723044397008e-02 -1.630467724867724899e-02 -1.209850793650793684e-02 -1.715565495207667726e-02 -1.375607066381156346e-02 3.686918536009445302e-02 -3.814302774427020398e-02 2.544955555555555513e-02
-3.275535117056856127e-02 -1.605125567322239141e-02 -2.789801897983392245e-02 -2.020741480611045957e-02 -1.096242142025611113e-02 9.446910656620023314e-03 -1.833603537981269571e-02 -1.379224299065420420e-02 -2.096769072164948039e-02 0.000000000000000000e+00 -4.320677685950413682e-02 -2.347981404958677382e-02 -9.928663212435233365e-03 -8.806158385093169894e-02 -2.888230529595015375e-02 -2.619655244029076013e-02 -3.590821205821205248e-03 3.540583592938733454e-02 -2.254492723492723324e-02 -2.212615384615384401e-02 -4.937068607068608242e-03 -9.775281837160752427e-03 -3.145051148225469495e-02 -1.704660751565762258e-02 -1.177170859538784371e-02 -1.852667714884696087e-02 -1.663599580712788253e-02 -2.505576680672269227e-02 -3.254218124341411861e-02 -2.498570977917980926e-02 -2.104310526315789770e-02 -6.729610526315790708e-02 -4.056943277310925446e-03 -2.183584210526315697e-02 -2.922007383966244640e-02 -5.682934460887949929e-02 -1.539642481598319087e-03 -6.267290220820190272e-02 -1.541313417190775560e-02 -1.886671218487395024e-02 -2.465665618448637311e-02 5.362681388012617914e-03 2.621251308900522659e-02 -2.628573221757321901e-02 8.455497382198948891e-03 -1.770416403785489076e-02 5.162278775079198051e-02 9.194778012684990884e-03 -1.962267441860465061e-02 -2.864541489361702165e-02 -3.198789304812833800e-02 -1.105502358490565926e-02 -4.889149397590360907e-02 -3.037892592592592728e-02
-2.662367892976588019e-02 4.036665151515151512e-02 -3.490566350710899712e-02 1.116058117647058812e-01 9.833699300699301482e-02 4.339782847896440643e-01 2.422564583333333341e-02 -1.019667013527575383e-02 1.164677018633540270e-02 -4.320677685950413682e-02 0.000000000000000000e+00 4.731461934156377946e-02 1.936246694214876218e-01 6.043756818181817980e-01 -6.295381347150258433e-02 -2.695871369294602568e-03 1.662190124740124675e-01 4.716903634475597684e-01 2.877821205821205763e-02 7.563058212058211549e-02 -6.474595435684648605e-03 -1.622859228362878020e-02 2.016660375391031990e-01 2.102301668404588098e-01 -7.236659685863872961e-03 1.101195497382199129e-01 4.760633507853403307e-02 4.742838405036726990e-02 4.154941114616193809e-02 6.508199579831933090e-02 -5.784332281808622113e-03 6.003651209253417775e-01 9.559767051416578898e-02 2.205286014721346069e-02 4.229887249736565685e-02 4.897455543822597512e-01 -1.842685924369747916e-02 5.630249947534102795e-01 -2.122952879581151836e-02 -1.492340336134452723e-02 1.737232460732984762e-02 2.375227941176469987e-02 4.990375339602925453e-01 -2.063297071129706686e-02 4.209957426778242473e-01 2.602505042016806658e-01 4.890689451476793459e-01 -3.621803382663847659e-02 -8.118374868004224476e-02 -2.370159404888416352e-02 -2.332482905982904975e-02 1.741028891509434073e-01 -3.664493975903614087e-02 5.137945185185185393e-01
-1.472641541038526014e-02 1.102268181818181689e-02 -1.193646919431279839e-02 1.569983529411764916e-02 4.099167441860464972e-02 8.605844994617867227e-02 5.683906249999999723e-03 -6.474682622268471827e-03 2.161045548654244326e-03 -2.347981404958677382e-02 4.731461934156377946e-02 0.000000000000000000e+00 1.927573484069887086e-02 5.892461459403906116e-02 -3.141153766769865657e-02 -9.524654282765740096e-03 9.552826086956522217e-03 1.042908583247156296e-01 1.434409937888200034e-03 1.676103519668737524e-02 7.262419855222334783e-03 -8.691029106029108525e-03 5.555281704781704633e-02 5.864226611226611152e-02 1.086788100208768183e-02 1.885319415448851940e-02 -8.883736951983297464e-03 -1.577258368200836966e-02 -1.303578174186778571e-02 1.960577405857740971e-02 -9.914900523560209872e-03 6.114677486910994469e-02 4.496551255230125249e-02 -4.625817610062894249e-03 4.287712486883525631e-03 7.035246056782334945e-02 4.482196652719663832e-03 7.377201047120418576e-02 2.716457680250784334e-03 -2.046151991614255164e-02 -1.908881922675026085e-03 -8.345303983228510858e-03 9.745396246089675640e-02 -2.574398747390396758e-02 7.927679540709811623e-02 6.660794979079498468e-02 1.042542436974790016e-01 -1.883524210526315440e-02 -2.388879074658254581e-02 -1.836683597883597557e-02 -1.309170212765957582e-02 5.313233568075117347e-02 -3.391376498800959677e-02 5.316648351648351617e-02
-1.246290050590219065e-02 1.946373475609755946e-02 -1.450051190476190667e-02 5.727410165484633775e-02 7.077271028037383782e-02 2.695146976241900583e-01 7.268265412748171027e-03 -4.437077244258872885e-03 5.105212876427832683e-03 -9.928663212435233365e-03 1.936246694214876218e-01 1.927573484069887086e-02 0.000000000000000000e+00 2.781067901234567930e-01 -1.918454545454545065e-02 7.737479338842973009e-03 9.893648340248963058e-02 2.923838031088082379e-01 1.860232365145228148e-02 5.044518172377985415e-02 -3.284087136929460162e-03 -1.561773722627737317e-02 1.318539311783107626e-01 6.301225234619393933e-02 -1.155818848167538930e-02 6.660835602094240804e-02 2.444271204188482038e-02 3.036562434417628548e-02 3.466422105263158165e-02 3.011810073452256264e-02 3.910756302521007852e-03 2.926580357142857247e-01 8.721195173137462342e-02 3.850304942166142119e-03 3.615251578947368399e-02 2.102040822784810026e-01 9.693683105981114323e-03 2.635382476390346063e-01 -1.583726415094339340e-02 1.357365930599369053e-02 -1.076781970649896142e-03 2.298158780231335935e-02 3.038171518324607190e-01 -2.167099476439790506e-02 2.420245340314136073e-01 1.707564952780692702e-01 3.238532033719705439e-01 -1.528365364308342106e-02 -5.623775316455696671e-02 -9.768832271762209821e-03 -1.420617929562433338e-02 9.457667844522968381e-02 -4.260636582430805952e-02 2.128448897058823619e-01
-4.056537037037034887e-02 4.367813069908815099e-02 -5.929002378121282085e-02 1.707594339622641455e-01 1.715320186697782967e-01 5.910295248380128541e-01 2.301258098223615475e-02 -2.331665970772442767e-02 -2.200010373443984143e-03 -8.806158385093169894e-02 6.043756818181817980e-01 5.892461459403906116e-02 2.781067901234567930e-01 0.000000000000000000e+00 -1.086114432989690598e-01 -1.269253608247422095e-02 2.043805590062111877e-01 5.955719008264461767e-01 2.337611168562565150e-02 1.004068082901554415e-01 -1.909663212435232932e-02 -2.976812695109261331e-02 2.660272661122661253e-01 3.009916008316008695e-01 -2.884629436325678031e-02 1.432640814196242118e-01 4.228987473903966787e-02 5.756770920502093242e-02 4.527498426023085498e-02 6.919514644351464072e-02 -3.189295287958115316e-02 8.781957905759162353e-01 8.592129707112970693e-02 2.720412997903563779e-02 4.757528856243442572e-02 7.080345578947366825e-01 -3.367546596858639329e-02 8.083424947589099574e-01 -3.587026150627614651e-02 -2.771843651626441918e-02 4.429152719665275725e-03 -2.064648478488978998e-03 7.019595088819226003e-01 -3.534284221525600678e-02 6.007409822361546858e-01 3.664230785340314989e-01 6.266939642481598183e-01 -7.810258438818565296e-02 -9.815076923076922200e-02 -3.713012725344643633e-02 -4.864101279317695203e-02 1.925473176470587910e-01 -4.096794471153845235e-02 6.994254044117647062e-01
-3.041452861952862255e-02 -3.308056316590562984e-02 -3.137281287246722339e-02 -1.805053191489361733e-02 -1.162626900584795391e-02 -4.199805194805194403e-02 -9.452949790794978532e-03 -2.471258368200836969e-02 -3.190086278586277968e-02 -2.888230529595015375e-02 -6.295381347150258433e-02 -3.141153766769865657e-02 -1.918454545454545065e-02 -1.086114432989690598e-01 0.000000000000000000e+00 -2.086178166838310866e-02 -2.388228541882109549e-02 -3.859516062176165246e-02 -3.391746887966804597e-02 -3.298635514018691262e-02 -1.506161122661122537e-02 -2.294653444676408860e-02 -5.755146137787057851e-03 -6.098695198329853739e-02 -1.721364779874213699e-02 -1.976228751311646936e-02 -2.552298006295907612e-02 -2.896501050420167631e-02 -2.391164383561644041e-02 -3.810023084994753478e-02 -3.270477941176470893e-02 -8.238098843322819165e-02 1.886110410094637285e-02 -2.843659663865545639e-02 -3.184934736842105069e-02 -7.260265047518479897e-02 -1.900040966386554175e-02 -8.605316842105262265e-02 -1.718565582371458372e-02 -3.795654373024235501e-02 -2.932547268907562815e-02 -2.028520547945205504e-02 -2.044174186778592930e-02 -3.619040923399789722e-02 -1.154732423924448650e-02 2.801521556256571927e-02 -3.026685322069693623e-02 -3.498862579281183938e-02 -3.551058139534883640e-02 -2.958102127659574185e-02 -3.612835294117647256e-02 -3.064108618654072264e-03 -4.336253317249697675e-02 -2.030007352941175583e-02
-2.454881072026800226e-02 -6.782006033182504633e-03 -2.533473933649289106e-02 2.826498237367803135e-03 5.348521536670548457e-03 1.439940732758620591e-02 -3.709176225234619376e-03 -1.454239289446185822e-02 -1.384567567567567339e-02 -2.619655244029076013e-02 -2.695871369294602568e-03 -9.524654282765740096e-03 7.737479338842973009e-03 -1.269253608247422095e-02 -2.086178166838310866e-02 0.000000000000000000e+00 9.901325796505653851e-03 2.999095876288660270e-02 -1.386919504643962901e-02 -1.329166322314049610e-02 5.958634953464231375e-05 -1.572788161993769404e-02 2.592949117341637483e-03 -1.453929460580912804e-02 -4.270072916666667676e-03 -8.955683003128267049e-04 -6.571908237747653599e-03 -4.962766179540709088e-03 -2.244239790575916493e-02 -1.245506263048016746e-02 -2.002084639498432489e-02 -6.289445606694557718e-03 3.037254184100418239e-02 -1.204228840125391546e-02 -2.039852510460250790e-02 5.351983210912908059e-03 -1.088496868475992072e-03 1.071997907949792271e-03 -5.596485922836286556e-03 -8.401445026178009853e-03 -1.394155532359081170e-02 -1.322771727748690840e-02 3.501698644421272211e-02 -2.857539103232533545e-02 3.041943691345151343e-02 7.738150470219432031e-03 3.449592864637985451e-02 -2.419545168067226831e-02 -2.526527310924369871e-02 -2.214065469904963335e-02 -2.329592356687898436e-02 1.920114754098360341e-02 -3.925449760765550161e-02 2.723246323529411941e-02
3.568123953098828460e-03 2.336847662141779830e-02 -6.521784869976360137e-03 3.598152403282531969e-02 7.495279069767440960e-02 2.226992473118279414e-01 1.859275000000000164e-02 8.405250521920665935e-03 1.807286160249739829e-02 -3.590821205821205248e-03 1.662190124740124675e-01 9.552826086956522217e-03 9.893648340248963058e-02 2.043805590062111877e-01 -2.388228541882109549e-02 9.901325796505653851e-03 0.000000000000000000e+00 2.593819467213114294e-01 8.767338129496404439e-03 2.047995876288659714e-02 2.776899896800825995e-02 1.181015544041449797e-03 1.262066390041493846e-01 1.169672199170124736e-02 2.430979166666667225e-03 6.513385818561001628e-02 2.596385818561001285e-02 5.698035453597498357e-02 1.591222803347279793e-02 1.516998958333333307e-02 1.497404588112617382e-02 2.144094670846395101e-01 8.370059561128527503e-02 1.076874739039665983e-02 2.705851619644737325e-04 1.974837801047120422e-01 4.977020833333332429e-03 2.032439144050104396e-01 -6.013631633714879368e-04 2.422687891440500688e-02 7.371394380853278465e-03 2.264628392484342723e-02 2.555341372141372025e-01 -1.236781704781704690e-02 2.234365904365904765e-01 1.821945046923879319e-01 2.919651359832635684e-01 -9.799968586387436051e-03 -3.131571727748691525e-02 -4.580252897787145776e-03 -4.996324152542374469e-03 7.531674853801169356e-02 -3.241186379928315264e-02 2.357876277372262519e-01
-5.569506711409395738e-02 6.089749622926093203e-02 -6.270264462809917172e-02 1.736725292740046722e-01 2.018529965156794503e-01 6.135073763440860306e-01 5.309213541666666508e-02 1.255388946819603786e-02 6.996466735966737349e-02 3.540583592938733454e-02 4.716903634475597684e-01 1.042908583247156296e-01 2.923838031088082379e-01 5.955719008264461767e-01 -3.859516062176165246e-02 2.999095876288660270e-02 2.593819467213114294e-01 0.000000000000000000e+00 6.494573619631902051e-02 1.292491375770020434e-01 5.944714285714285812e-02 6.434074457083764631e-03 2.553436814891416606e-01 2.023624095139607282e-01 1.135595634095634340e-02 1.688358627858627670e-01 9.591642411642412047e-02 8.327412070759625251e-02 1.255140918580375554e-02 9.934803534303533745e-02 2.761533818938605514e-02 6.228879166666665412e-01 2.110736250000000147e-01 5.825277083333333522e-02 7.515653125000000545e-02 5.314839248434237717e-01 -4.630633437175501847e-04 6.078627708333333990e-01 1.527102803738351986e-04 1.230185416666666233e-02 2.130221183800622836e-02 7.307830208333333799e-02 6.977653838174273648e-01 -2.121053941908714047e-02 5.704893257261410833e-01 4.983597398543185286e-01 7.313011899791231896e-01 1.775132845188284389e-02 -3.988929916317991708e-02 -3.753954736842105705e-02 -4.500973544973545237e-02 2.700565771028037299e-01 -9.151304295942723488e-02 6.593869708029197474e-01
-2.594422558922558977e-02 -2.580635400907716707e-03 -1.903535460992907685e-02 1.111664712778429867e-03 3.900882694541229698e-03 4.960638320775027921e-02 -2.411001042752867942e-03 -1.244967640918580483e-02 -4.086014568158168742e-03 -2.254492723492723324e-02 2.877821205821205763e-02 1.434409937888200034e-03 1.860232365145228148e-02 2.337611168562565150e-02 -3.391746887966804597e-02 -1.386919504643962901e-02 8.767338129496404439e-03 6.494573619631902051e-02 0.000000000000000000e+00 1.096983589743590060e-02 -8.849989733059549640e-03 -9.909152892561983589e-03 2.672208677685949940e-02 2.530899689762151211e-02 -5.030769230769228202e-04 5.637609147609147150e-03 -2.497110187110187021e-03 -2.013581249999999920e-02 -1.527836649214659760e-02 4.309697601668418675e-04 -1.840109603340292499e-02 2.775213166144200813e-02 3.337863113897596851e-02 -1.331782654127481452e-02 -1.494671891327063740e-02 3.196457591623036443e-02 -2.912520833333333801e-03 2.923881922675026362e-02 -6.942395833333334272e-03 -1.704668756530825294e-02 -9.500052083333336908e-03 -1.302923719958202706e-02 6.755198751300726945e-02 -2.716198751300728451e-02 4.971291363163370808e-02 3.937865484880082728e-02 7.328520418848166740e-02 -1.904908805031446661e-02 -2.396752620545073570e-02 -2.023463080168776476e-02 -2.182563096500530000e-02 3.929566744730679517e-02 -3.939870813397128996e-02 3.679890109890113833e-03
-3.304406722689075954e-02 -8.948411497730720436e-04 -2.658304142011834806e-02 2.384382180539273283e-02 3.187113689095127933e-02 1.033784822389666180e-01 1.678978102189780533e-03 -1.420085774058577402e-02 -1.925275754422476693e-03 -2.212615384615384401e-02 7.563058212058211549e-02 1.676103519668737524e-02 5.044518172377985415e-02 1.004068082901554415e-01 -3.298635514018691262e-02 -1.329166322314049610e-02 2.047995876288659714e-02 1.292491375770020434e-01 1.096983589743590060e-02 0.000000000000000000e+00 -1.273904810644831131e-02 -5.503079299691042078e-03 4.408764948453607752e-02 4.000696280991735548e-02 -4.422544132917967039e-03 6.588993775933608618e-03 -2.311607883817426608e-03 -1.014327442827442707e-02 -3.632758620689656610e-03 1.075357291666666909e-02 -1.473030239833159408e-02 1.034967223382045887e-01 4.818292275574112549e-02 4.486231732776619144e-03 2.086826722338206135e-03 9.356059685863873931e-02 -4.133541666666666441e-03 1.064814524555903891e-01 -9.260739583333333497e-03 -6.096112852664572514e-03 -1.314134375000000111e-02 -5.428695198329853283e-03 1.173905931321540252e-01 -3.375909374999999657e-02 1.090294681960375517e-01 6.414242424242423690e-02 1.298751416579223827e-01 -2.367010493179433003e-02 -3.802357442348008182e-02 -2.008265047518479479e-02 -2.362567940552017312e-02 6.096491207502931914e-02 -3.661215568862275643e-02 9.341853479853480524e-02
-1.284217171717171903e-02 4.058030303030289569e-04 -9.277754137115838684e-03 -3.440703399765534295e-03 2.028571428571421308e-04 3.486881593110871536e-02 1.964580813347236582e-02 5.009707419017763591e-03 4.039895941727367039e-03 -4.937068607068608242e-03 -6.474595435684648605e-03 7.262419855222334783e-03 -3.284087136929460162e-03 -1.909663212435232932e-02 -1.506161122661122537e-02 5.958634953464231375e-05 2.776899896800825995e-02 5.944714285714285812e-02 -8.849989733059549640e-03 -1.273904810644831131e-02 0.000000000000000000e+00 7.778561151079136857e-03 2.905064881565396287e-02 -1.417698658410733057e-03 5.473599585062239106e-03 3.744725388601036729e-03 8.301906735751294480e-03 5.534870197300101498e-03 1.791452455590384447e-03 9.234979166666667377e-03 -4.785151199165798078e-03 -2.161572025052191717e-02 3.834829853862212895e-02 3.401650992685474172e-03 -3.211003134796238442e-03 -4.788071278825996660e-03 1.455531803962460853e-02 -9.846175548589341034e-03 5.286944734098017636e-03 1.037742946708463494e-03 -4.257125000000000492e-03 2.110427974947807605e-03 4.991612903225805219e-03 -2.372756250000000386e-02 1.434031282586027342e-02 9.527948798328107760e-02 5.727568730325288682e-02 -6.087289915966387008e-03 -7.315995807127882375e-03 -8.794044350580784014e-03 1.760552016985135384e-03 2.887975381008206499e-02 -3.034542514970060140e-02 3.371047794117647961e-02
-2.757185185185185433e-02 -8.003626707132019402e-03 -2.372500594530321458e-02 -1.095118963486454815e-02 -1.947082847141189598e-03 6.097459459459461315e-03 -2.408984293193717433e-03 -9.376316894018887557e-03 -8.222884012539174742e-04 -9.775281837160752427e-03 -1.622859228362878020e-02 -8.691029106029108525e-03 -1.561773722627737317e-02 -2.976812695109261331e-02 -2.294653444676408860e-02 -1.572788161993769404e-02 1.181015544041449797e-03 6.434074457083764631e-03 -9.909152892561983589e-03 -5.503079299691042078e-03 7.778561151079136857e-03 0.000000000000000000e+00 8.805746421267891810e-03 -5.057012320328542823e-03 1.424101239669420694e-03 -4.851929824561404016e-03 7.310185758513933381e-03 -1.504384455958548972e-02 -2.047040667361835209e-02 -1.308513007284078933e-02 -1.561711458333333441e-02 -2.366677789363920426e-02 2.054768508863399554e-02 -7.435782881002087411e-03 -1.861114822546972372e-02 -1.228418848167539025e-02 4.963072916666667715e-03 -1.341493749999999804e-02 -2.675810810810811107e-03 -1.719504166666667097e-02 -1.546086278586278687e-02 -1.026811458333333656e-02 -3.715129802699895442e-03 -2.395030176899063876e-02 -2.880760416666666452e-03 1.303179645093945904e-01 1.468387840670859826e-02 -1.102705141657922376e-02 -2.166128661087866197e-02 -2.462050579557428787e-02 -2.044117584745762731e-02 1.223769590643274813e-02 -3.857348864994027127e-02 3.084714814814814784e-02
3.147031932773108887e-02 2.688080303030303264e-02 4.679084223013048327e-02 5.109138823529411205e-02 1.107210722610722647e-01 2.248630345572354416e-01 3.138566945606695129e-03 4.780901467505239977e-03 3.880353187042841906e-02 -3.145051148225469495e-02 2.016660375391031990e-01 5.555281704781704633e-02 1.318539311783107626e-01 2.660272661122661253e-01 -5.755146137787057851e-03 2.592949117341637483e-03 1.262066390041493846e-01 2.553436814891416606e-01 2.672208677685949940e-02 4.408764948453607752e-02 2.905064881565396287e-02 8.805746421267891810e-03 0.000000000000000000e+00 1.381170347648261743e-01 3.440946502057613127e-02 8.347396711202467734e-02 4.106792394655704032e-02 3.720004127966976271e-02 4.999937694704048585e-02 4.777532642487047204e-02 1.443327800829875135e-02 2.720653271028037890e-01 1.141204153686396772e-01 3.093651767151766457e-02 2.378961538461538128e-02 2.333018248175182385e-01 3.283058151609553194e-02 2.703768120456905288e-01 -5.233495850622408782e-03 7.328284823284824008e-03 1.574025933609958169e-02 9.518264033264034127e-03 3.180719689119171356e-01 -6.881282157676349431e-02 2.657666147455867156e-01 1.889958835758835387e-01 2.793493625914316159e-01 -3.795864921465968295e-02 4.900850730688936091e-02 2.286112513144058361e-02 4.607497885835094842e-02 1.361165110851808580e-01 -9.296874851013113561e-02 2.428380073800738004e-01
-2.193779264214042873e-03 1.921599697885196384e-02 -1.093455621301775080e-02 8.854360328638496980e-02 8.365327124563445849e-02 2.156142116630669348e-01 8.014382845188284393e-03 -6.171340314136128553e-03 1.842935214211076367e-02 -1.704660751565762258e-02 2.102301668404588098e-01 5.864226611226611152e-02 6.301225234619393933e-02 3.009916008316008695e-01 -6.098695198329853739e-02 -1.453929460580912804e-02 1.169672199170124736e-02 2.023624095139607282e-01 2.530899689762151211e-02 4.000696280991735548e-02 -1.417698658410733057e-03 -5.057012320328542823e-03 1.381170347648261743e-01 0.000000000000000000e+00 2.031634969325153348e-02 2.673620654396727941e-02 -1.471094069529652049e-03 -4.638191991786447255e-02 1.419379132231405119e-02 6.077210526315789813e-02 -4.906301652892561260e-03 2.870341407867494921e-01 5.634637681159419820e-02 8.620725388601046179e-04 2.924878756476684272e-02 2.682382432432432462e-01 7.813890041493775848e-03 3.070138733125649111e-01 1.834190871369294077e-03 -5.250448024948024817e-02 2.374473575129534136e-02 -1.828806652806652666e-02 2.243091097308488324e-01 -3.340756476683936528e-03 1.787684336099584770e-01 3.866511018711018544e-01 1.949791336116910301e-01 -1.942557993730407648e-02 -4.495439583333333405e-02 -1.165733752620542888e-03 -3.958461538461537435e-03 1.389601860465116412e-01 -2.844187648456056663e-02 2.197419702602230462e-01
5.774148397976391206e-03 7.601126331811261343e-03 4.002714285714283927e-03 -2.070956316410869230e-04 7.333477751756438921e-03 1.760261672095548083e-02 9.732576235541535656e-03 -1.711000000000000498e-03 9.338445378151250887e-04 -1.177170859538784371e-02 -7.236659685863872961e-03 1.086788100208768183e-02 -1.155818848167538930e-02 -2.884629436325678031e-02 -1.721364779874213699e-02 -4.270072916666667676e-03 2.430979166666667225e-03 1.135595634095634340e-02 -5.030769230769228202e-04 -4.422544132917967039e-03 5.473599585062239106e-03 1.424101239669420694e-03 3.440946502057613127e-02 2.031634969325153348e-02 0.000000000000000000e+00 -6.385860655737706035e-04 -7.433145491803279034e-03 -1.968712962962963428e-02 -3.986082901554405082e-03 2.611894409937889211e-03 -1.241202072538859745e-03 -2.697057113187954075e-02 3.303358255451712550e-02 -1.324422476586889106e-03 -1.146711758584807728e-02 -4.324237995824632697e-03 9.285833333333331704e-03 -1.133583941605839293e-02 8.350062565172053364e-03 -1.675631138975966494e-02 5.308927083333333033e-03 -9.210679205851621601e-03 -5.005796045785639893e-03 -1.997650000000000467e-02 -3.851981230448379111e-03 6.975175548589342134e-02 1.819036726128017006e-02 -1.119640756302521176e-02 -1.013092146596858596e-02 -6.403688092729197196e-04 -7.541525423728821873e-04 3.254370760233918358e-02 -2.591108591885441653e-02 1.836048327137546760e-02
-8.083558178752109705e-03 1.047184170471841640e-02 -1.292068965517241194e-02 3.024889150943396374e-02 6.225631578947368738e-02 1.510292733188720038e-01 1.071764705882352793e-02 1.394185068349106365e-03 1.313639705882353043e-02 -1.852667714884696087e-02 1.101195497382199129e-01 1.885319415448851940e-02 6.660835602094240804e-02 1.432640814196242118e-01 -1.976228751311646936e-02 -8.955683003128267049e-04 6.513385818561001628e-02 1.688358627858627670e-01 5.637609147609147150e-03 6.588993775933608618e-03 3.744725388601036729e-03 -4.851929824561404016e-03 8.347396711202467734e-02 2.673620654396727941e-02 -6.385860655737706035e-04 0.000000000000000000e+00 2.822840816326530750e-02 1.958786885245901790e-02 -9.018987603305784681e-03 9.486037151702786732e-03 -8.688574380165290864e-03 1.456187784679088826e-01 5.990758549222797991e-02 1.648654205607476622e-02 1.026284527518172424e-02 1.299462982273201228e-01 7.891465696465696164e-03 1.411551716961498559e-01 -5.885639958376690092e-04 -8.090916666666666396e-03 1.500436590436590419e-03 1.687645833333333966e-03 1.610006022845275053e-01 -2.226250519750519810e-02 1.417791050988553569e-01 1.204669937369519661e-01 1.600301886792452888e-01 -1.886228751311647134e-02 -3.554670502092049933e-02 -1.384549473684210455e-02 -7.325909090909091259e-03 5.750365227537923563e-02 -3.514790226460071804e-02 1.547381412639405041e-01
-3.918887015177065572e-03 9.511613394216135789e-03 -1.104891795481569711e-02 1.565436320754716795e-02 1.735032748538011677e-02 8.957759219088937130e-02 5.874884453781513589e-03 -3.808044164037853192e-03 -3.367647058823528168e-03 -1.663599580712788253e-02 4.760633507853403307e-02 -8.883736951983297464e-03 2.444271204188482038e-02 4.228987473903966787e-02 -2.552298006295907612e-02 -6.571908237747653599e-03 2.596385818561001285e-02 9.591642411642412047e-02 -2.497110187110187021e-03 -2.311607883817426608e-03 8.301906735751294480e-03 7.310185758513933381e-03 4.106792394655704032e-02 -1.471094069529652049e-03 -7.433145491803279034e-03 2.822840816326530750e-02 0.000000000000000000e+00 8.208545081967213650e-03 -2.295454545454787967e-05 -3.813663570691433469e-03 -9.555154958677687313e-03 5.155256728778467856e-02 5.337378238341969339e-02 1.177940809968847265e-02 -8.510259605399791982e-03 3.810254431699687527e-02 4.421943866943866749e-03 4.952911550468262758e-02 -1.836545265348594851e-03 -8.093572916666666450e-03 4.123835758835758293e-03 2.945906250000000608e-03 8.170217030114226842e-02 -2.087514553014553284e-02 5.850335067637877501e-02 9.528455114822546868e-02 9.556877358490564744e-02 -1.331710388247639258e-02 -2.109985355648535607e-02 -1.195300000000000182e-02 -7.463911205073997003e-03 4.792718786464410935e-02 -3.458307508939213043e-02 2.941966542750929642e-02
-2.550981387478849782e-02 -1.325870426829268457e-02 -2.465222619047618968e-02 8.643553719008264385e-03 1.231347775175644331e-02 5.908702497285559657e-02 -4.009999999999999893e-04 -1.034891464699683877e-02 -1.962056842105263169e-02 -2.505576680672269227e-02 4.742838405036726990e-02 -1.577258368200836966e-02 3.036562434417628548e-02 5.756770920502093242e-02 -2.896501050420167631e-02 -4.962766179540709088e-03 5.698035453597498357e-02 8.327412070759625251e-02 -2.013581249999999920e-02 -1.014327442827442707e-02 5.534870197300101498e-03 -1.504384455958548972e-02 3.720004127966976271e-02 -4.638191991786447255e-02 -1.968712962962963428e-02 1.958786885245901790e-02 8.208545081967213650e-03 0.000000000000000000e+00 -1.741769309989701225e-02 -1.466283950617283845e-02 -2.310020597322347963e-02 6.181813016528926036e-02 3.926888314374354233e-02 -4.883875647668393070e-03 -1.877022821576763631e-02 6.156229166666667141e-02 -7.503156801661476326e-03 5.190986472424557324e-02 -1.343513007284078895e-02 -9.925562499999995153e-03 -1.444483367983367961e-02 -3.621772679874869609e-03 8.337845114345114605e-02 -3.218054110301769161e-02 8.408072916666667340e-02 4.960041797283176040e-02 9.168968520461699689e-02 -1.953336134453781403e-02 -3.438250524109014855e-02 -2.361118143459915719e-02 -2.088431144067796549e-02 2.502926315789473499e-02 -3.936735961768219466e-02 9.427192592592589793e-02
-4.141225042301184545e-02 -1.106387195121952575e-03 -3.874677804295942329e-02 1.651913507109004781e-02 6.198643867924531932e-03 3.596297709923664682e-02 4.853618143459914602e-03 -1.577982048574445850e-02 -1.709359028511087814e-02 -3.254218124341411861e-02 4.154941114616193809e-02 -1.303578174186778571e-02 3.466422105263158165e-02 4.527498426023085498e-02 -2.391164383561644041e-02 -2.244239790575916493e-02 1.591222803347279793e-02 1.255140918580375554e-02 -1.527836649214659760e-02 -3.632758620689656610e-03 1.791452455590384447e-03 -2.047040667361835209e-02 4.999937694704048585e-02 1.419379132231405119e-02 -3.986082901554405082e-03 -9.018987603305784681e-03 -2.295454545454787967e-05 -1.741769309989701225e-02 0.000000000000000000e+00 -1.617234020618556548e-02 -1.986968008255934198e-02 5.240077639751553051e-02 4.449752587991716996e-02 -1.356328838174273958e-02 -1.392503118503118746e-02 4.663918580375783773e-02 -8.564490644490647606e-03 4.299346153846154289e-02 -6.102640332640334002e-03 -8.886068821689260475e-03 -1.975456815816857559e-02 1.057262277951932306e-03 6.825652083333334785e-02 -4.242493222106361039e-02 5.628671189979124467e-02 -7.811875131164743025e-02 1.121914736842104937e-02 -3.117740506329113800e-02 -4.396230526315789144e-02 -3.482976719576719865e-02 -4.055223404255319658e-02 2.916238542890716920e-02 -5.883099639855943197e-02 2.751287313432836459e-02
