0.000000000000000000e+00 3.501841127694859113e-01 5.287838935108154503e-01 3.220397337770382618e-01 2.719807986688851376e-01 -6.294497495826378852e-02 3.467825083612040560e-01 4.108436894824707974e-01 4.494824040066777715e-01 4.096528595317726062e-01 1.327810869565217156e-01 3.904860134003350636e-01 3.008488870151770911e-01 2.097082491582491146e-02 7.047450673400672549e-01 4.230240033500837771e-01 2.932971356783919958e-01 -1.156084899328859023e-01 4.193158922558922752e-01 3.843744705882353174e-01 4.520433164983165275e-01 4.056445791245791854e-01 -1.356108403361344361e-01 2.709296655518394492e-01 4.769553288364249966e-01 2.819821416526138713e-01 3.743487858347386288e-01 4.667730456852792753e-01 4.557921319796954251e-01 4.671225084745763700e-01 5.026481016949152503e-01 5.576844067796610238e-02 1.082256852791878138e-01 4.129665313028764717e-01 4.309748392554991758e-01 1.023524745762711685e-01 4.109517200674536186e-01 6.877699831365935434e-02 3.968663529411765034e-01 5.859151096121417712e-01 4.136801006711409157e-01 3.776558347386172465e-01 1.331912227805694959e-01 4.037073455759598861e-01 1.682255798319327866e-01 -9.139261824324323991e-02 -6.648111864406780480e-02 3.872363389830508762e-01 5.223075506756755804e-01 4.771436779661016869e-01 5.317247781569965914e-01 1.434678205128205042e-01 4.459887337057728551e-01 8.159622093023255474e-02
3.501841127694859113e-01 0.000000000000000000e+00 3.415682934131737403e-01 2.485643562874251533e-01 2.485740540540540555e-01 9.947898944193060700e-02 2.579902564102563578e-01 2.809229260935142691e-01 2.772289577039275255e-01 2.985274886535552175e-01 2.234447575757575466e-01 2.596235757575757752e-01 2.243873323170731959e-01 1.636561398176291648e-01 3.618396955859969344e-01 2.868225188536953074e-01 2.063240874811463066e-01 5.554232277526396228e-02 2.902560665658093786e-01 2.790758698940998817e-01 3.050434090909090457e-01 3.050798786039453647e-01 -4.872424242424241297e-02 2.896097734138973201e-01 2.943509893455099058e-01 2.421577625570776049e-01 2.708028006088279982e-01 2.888478201219512043e-01 3.346942835365853686e-01 3.019048396946564794e-01 3.136025954198473076e-01 1.864970992366412061e-01 1.181299237804878249e-01 2.925649770992366783e-01 3.034660458015267515e-01 1.885395252679938627e-01 2.661764036418816648e-01 1.851838391502276249e-01 2.802303933434190930e-01 3.326406525037936546e-01 2.763176888217522831e-01 3.046145523520485954e-01 2.335523076923076979e-01 3.168008734939758986e-01 2.417250757575757358e-01 -1.503326636225266189e-01 9.092241221374046389e-02 3.011881068702290110e-01 3.328577016742770289e-01 3.334882290076336409e-01 3.551038402457757370e-01 1.477688500000000071e-01 3.577563389830508145e-01 1.486156521739130376e-01
5.287838935108154503e-01 3.415682934131737403e-01 0.000000000000000000e+00 3.134891803278689326e-01 2.847327901524032701e-01 -6.500937793427230549e-02 3.339166157461809781e-01 4.286812014134275262e-01 4.632720971563981660e-01 4.124399644128114439e-01 1.298866113744075734e-01 4.087356161137440935e-01 2.897964523809524184e-01 1.462794292508914126e-03 7.098825148986888101e-01 4.335690995260663705e-01 3.060314657210402300e-01 -1.208963400236127417e-01 4.247755555555556284e-01 3.952276568047337624e-01 4.729158983451536846e-01 4.163928537455411361e-01 -1.365111387900355411e-01 2.454077751479289971e-01 4.584328452380952434e-01 2.944701783590963351e-01 4.069650059453032154e-01 4.918307499999999832e-01 4.765265751789977133e-01 4.531142532855436666e-01 5.176094026284348004e-01 3.116180622009568843e-02 1.103273150357995253e-01 4.212124372759856739e-01 4.286568181818181666e-01 8.363459232613908167e-02 4.231112291169451534e-01 5.012995221027478215e-02 3.976381309523809304e-01 5.888090334128877057e-01 4.336552913198573611e-01 3.878127532777115860e-01 1.196925978647686989e-01 4.179333609467456023e-01 1.685038717339667758e-01 -4.155553571428571152e-02 -5.487927120669056774e-02 4.015405622009569075e-01 5.539128434886498864e-01 4.988770793269232673e-01 5.521046545454546539e-01 1.245717105263157848e-01 4.501342761394102610e-01 5.144031111111110888e-02
3.220397337770382618e-01 2.485643562874251533e-01 3.134891803278689326e-01 0.000000000000000000e+00 2.536109048723897974e-01 1.285643006993007209e-01 2.732646028037382657e-01 2.454138758782201390e-01 2.477687558685445768e-01 2.989958871915393557e-01 2.583260705882353125e-01 2.445366705882353053e-01 2.320857919621749366e-01 2.285185966981132244e-01 2.727670921985815844e-01 2.776418918918918677e-01 2.028747831184056216e-01 8.822637002341922330e-02 2.521307737397420756e-01 2.794345134818288501e-01 2.760499882766705992e-01 2.875869022379269890e-01 -1.291795294117645959e-02 2.497550704225351970e-01 2.461520661157024781e-01 2.423503537735849089e-01 2.586199056603774027e-01 2.776588311688311661e-01 3.215583767772511870e-01 2.430185426540284466e-01 2.594321208530805944e-01 2.402933807829181478e-01 1.194105917159763303e-01 2.725212796208530963e-01 2.784784341637010496e-01 2.535979548156956365e-01 2.429702603550295825e-01 2.373496090047393647e-01 2.535602715466351853e-01 2.363607100591716137e-01 2.745887499999999926e-01 2.767914539007092500e-01 2.668908578143360799e-01 3.202085798122066285e-01 2.708717550058892809e-01 -1.171467532467533601e-02 1.242699289099526289e-01 2.877849940688018693e-01 2.893067772511848101e-01 3.053242073897496911e-01 3.163329567307692769e-01 1.456818774445892972e-01 3.419656308100930131e-01 1.820960714285714821e-01
2.719807986688851376e-01 2.485740540540540555e-01 2.847327901524032701e-01 2.536109048723897974e-01 0.000000000000000000e+00 1.356211047180667373e-01 2.432720115606936684e-01 2.561657259001161036e-01 2.563399069767441918e-01 2.457836903376018900e-01 2.226496503496503132e-01 2.623412209302325437e-01 2.113880724299065650e-01 1.949679696616102853e-01 3.132464093567252084e-01 2.474517811408614709e-01 2.115160697674418611e-01 7.405789779326364675e-02 2.325940185830429885e-01 2.776812645011600966e-01 2.675932520325203234e-01 2.622452625437572959e-01 7.069045454545454243e-02 2.973564027939464283e-01 2.740118032786885705e-01 2.427199532163742957e-01 2.521067836257310235e-01 2.707712412177986083e-01 2.794574292452830511e-01 2.675790823529411444e-01 2.737068235294117802e-01 2.169043176470588363e-01 1.407239952996474641e-01 2.581974000000000213e-01 2.741515999999999953e-01 2.252254416961131100e-01 2.293606323185011786e-01 2.334814101057579305e-01 2.647232084309134037e-01 2.442781807511737180e-01 2.591783274853801111e-01 2.482973974208675383e-01 2.895067327887981823e-01 2.684369848661233848e-01 2.716085397196261741e-01 5.524001168224296904e-02 1.251944196951934318e-01 2.409571277842907366e-01 2.938214285714285667e-01 2.840466077738516004e-01 3.020281353919240241e-01 1.519736164736164574e-01 2.830684665792922994e-01 1.991088260869565141e-01
-6.294497495826378852e-02 9.947898944193060700e-02 -6.500937793427230549e-02 1.285643006993007209e-01 1.356211047180667373e-01 0.000000000000000000e+00 1.179666986155484543e-01 5.154437433155081155e-02 4.521930107526881543e-02 -5.778778256189450596e-02 2.195935490830636383e-01 7.819427341227126738e-02 1.517095680345572351e-01 2.713094924406047603e-01 -6.771807359307356784e-03 7.994698275862075973e-03 9.875163440860215691e-02 2.503668172043010953e-01 4.482220667384284596e-02 6.272868675995695031e-02 6.843089343379979428e-02 3.308147027027027315e-02 -7.852894168466517666e-03 2.160759719222462016e-01 9.890976112920737973e-02 1.339441323210412149e-01 8.999765726681127620e-02 3.888217155266016078e-02 -2.205539803707742483e-02 6.015261956521739117e-02 1.401023913043478522e-02 2.900483043478261358e-01 2.021012377850162633e-01 4.378294885745375592e-02 4.095501632208923409e-02 2.659338822246455902e-01 1.021079501084598690e-01 2.688722391304347870e-01 9.162106175514625472e-02 3.878452768729642036e-02 3.245640692640693048e-02 -6.098308026030369033e-03 3.181909621621621387e-01 -4.874511853448276061e-02 2.718201837837838086e-01 2.054230194805194420e-01 2.851662757871878395e-01 -4.426236956521738264e-02 6.306895765472313176e-02 -3.889185995623632014e-02 -4.944713971397140390e-02 1.681019235364396291e-01 -8.040240583232076410e-02 2.674315413533834840e-01
3.467825083612040560e-01 2.579902564102563578e-01 3.339166157461809781e-01 2.732646028037382657e-01 2.432720115606936684e-01 1.179666986155484543e-01 0.000000000000000000e+00 2.363420454545454574e-01 2.051215488565488743e-01 3.185272008324662174e-01 2.513200416666666603e-01 2.308582604166666552e-01 2.024315673981191277e-01 2.431226018808777534e-01 2.213750104602510149e-01 2.468979353493222229e-01 1.752522604166666664e-01 8.172163541666667419e-02 2.445296871741397260e-01 2.474153180396246321e-01 2.552328050052137809e-01 2.899752251308900242e-01 -7.149382845188276270e-03 2.622849790794978819e-01 2.290071083070452373e-01 2.376098949579832365e-01 2.153489075630252159e-01 2.464247894736842359e-01 3.256761814345991990e-01 2.236224210526315814e-01 2.415587894736842267e-01 2.400157894736841824e-01 9.744981052631578045e-02 2.521071654373024384e-01 2.527824578059071903e-01 2.354104228329809700e-01 2.153808718487395246e-01 2.174232037815126140e-01 2.421776439790575830e-01 2.127762710084033781e-01 2.840346387434555253e-01 2.921392226890756061e-01 2.013205125523012395e-01 3.273940942408377075e-01 2.158030680628272024e-01 -4.332281808622502617e-02 1.338442872228088887e-01 3.147898097251585758e-01 3.028312988384371796e-01 3.258910531914894215e-01 3.420469304812834843e-01 1.268749410377358611e-01 3.543962530120481347e-01 1.894925925925925736e-01
4.108436894824707974e-01 2.809229260935142691e-01 4.286812014134275262e-01 2.454138758782201390e-01 2.561657259001161036e-01 5.154437433155081155e-02 2.363420454545454574e-01 0.000000000000000000e+00 2.653846576763485565e-01 3.086485150571132152e-01 2.320500104058272894e-01 2.640835483870968559e-01 2.255759707724425689e-01 1.623847599164926769e-01 3.572247175732217173e-01 2.903225914315569756e-01 2.191349164926931214e-01 1.828494264859228599e-02 2.784337265135699568e-01 2.857885146443514546e-01 3.001432706374085879e-01 3.256195592864638555e-01 -3.043813417190775403e-02 2.757822513089005501e-01 2.675484842105262939e-01 2.638615247108306860e-01 2.588414405888538328e-01 2.969799367755532882e-01 3.850643505807814782e-01 2.762087130801688106e-01 3.114821518987341831e-01 1.781782278481012505e-01 1.006966315789473709e-01 2.884623709167544736e-01 2.997858078141499294e-01 1.864508783068783149e-01 2.470612947368421297e-01 1.669586842105263147e-01 2.799746589716683443e-01 3.172452050473186236e-01 3.320999160545645146e-01 2.908166947368421296e-01 1.968249371069182574e-01 3.562114046121593880e-01 2.155499895178197012e-01 -1.456529157894737025e-01 8.354159619450317320e-02 3.227568783068783809e-01 3.114240529100529842e-01 3.903452928647497266e-01 4.303843683083511951e-01 9.605193853427895778e-02 4.031956763285024503e-01 1.397223703703703301e-01
4.494824040066777715e-01 2.772289577039275255e-01 4.632720971563981660e-01 2.477687558685445768e-01 2.563399069767441918e-01 4.521930107526881543e-02 2.051215488565488743e-01 2.653846576763485565e-01 0.000000000000000000e+00 2.823995360824742007e-01 2.244490786749482325e-01 2.498910041407867433e-01 2.191246002076843169e-01 1.800092946058091115e-01 2.928353534303534400e-01 2.792227027027027741e-01 1.826151092611862925e-01 -1.166325363825363934e-02 2.554955150884495318e-01 2.749183558792924198e-01 2.487826534859521321e-01 3.054381818181818309e-01 -3.645379310344826901e-02 2.890493730407523443e-01 2.196262184873949419e-01 2.416087710084033613e-01 2.322463445378151470e-01 2.713258736842105723e-01 4.191656071805702211e-01 2.651789146469968328e-01 2.912730907172995654e-01 1.926070780590717346e-01 7.666700000000001292e-02 2.884828029504741820e-01 2.950940021119324297e-01 1.907671322751322840e-01 2.176097368421052447e-01 1.874470210526315850e-01 2.409154144805876197e-01 2.641671293375394414e-01 3.303738824763903792e-01 2.877952210526316112e-01 2.125233542976939505e-01 3.499176439790576132e-01 2.029358071278826170e-01 -1.540229473684210371e-01 4.748640591966173108e-02 2.988719153439153842e-01 2.413924550264550384e-01 4.269901597444089592e-01 4.694882655246253034e-01 9.305809917355371830e-02 4.445231242460796484e-01 1.510027037037036945e-01
4.096528595317726062e-01 2.985274886535552175e-01 4.124399644128114439e-01 2.989958871915393557e-01 2.457836903376018900e-01 -5.778778256189450596e-02 3.185272008324662174e-01 3.086485150571132152e-01 2.823995360824742007e-01 0.000000000000000000e+00 1.407595144628099315e-01 2.628096797520661498e-01 2.096657616580311079e-01 5.633078674948239356e-02 4.464022845275181783e-01 2.998649636552440656e-01 1.950597193347193559e-01 -1.186731256490135000e-01 2.868996361746361523e-01 3.016635966735966567e-01 3.426514137214137778e-01 3.635216701461377320e-01 -1.854888100208767765e-01 2.690941858037577683e-01 3.013744863731656065e-01 2.387899056603773884e-01 2.691753563941299832e-01 3.208089915966386707e-01 3.750904952581665119e-01 2.968835120925342186e-01 3.415891473684211088e-01 7.461181052631576938e-02 4.648426470588235687e-02 3.013136210526315417e-01 3.164047468354430626e-01 1.107153594080338144e-01 2.475148580441640656e-01 6.491817034700314570e-02 3.293977044025156453e-01 3.694302100840336500e-01 3.318038259958071001e-01 3.035454784437434106e-01 8.823563350785339210e-02 3.461096025104602458e-01 1.186061675392670184e-01 -1.852733333333333732e-01 -2.522637803590285430e-02 3.159472198731501091e-01 3.465804545454544972e-01 3.953129680851064087e-01 4.168693048128342959e-01 5.146392688679245903e-02 4.027066506024096770e-01 5.566862962962962347e-02
1.327810869565217156e-01 2.234447575757575466e-01 1.298866113744075734e-01 2.583260705882353125e-01 2.226496503496503132e-01 2.195935490830636383e-01 2.513200416666666603e-01 2.320500104058272894e-01 2.244490786749482325e-01 1.407595144628099315e-01 0.000000000000000000e+00 2.180106481481481617e-01 2.682270144628099429e-01 3.029538326446281071e-01 2.299584559585492183e-01 2.074298651452282094e-01 2.445105093555093589e-01 1.830231360332295054e-01 2.262157900207900363e-01 2.313406652806652697e-01 2.426195954356846485e-01 1.912731178310740632e-01 1.725062982273201373e-01 2.787738998957246528e-01 2.541502513089005100e-01 2.285408795811518234e-01 2.412691204188481819e-01 2.410832109129066037e-01 1.725324290220820178e-01 2.404268907563025248e-01 2.240350262881177779e-01 3.323238696109357959e-01 2.148064323189926572e-01 2.198134700315457490e-01 2.236359747102213136e-01 3.191784582893347211e-01 2.012791701680672063e-01 3.314817313746065142e-01 2.350775183246073263e-01 2.477311764705882324e-01 2.042247748691099485e-01 1.918480042016806608e-01 4.336147439916405721e-01 1.888727092050209444e-01 3.673656380753138051e-01 3.739507563025210035e-01 1.991692827004219735e-01 1.568680761099365828e-01 2.273868004223864592e-01 1.574128267800212477e-01 1.481202457264957362e-01 2.261305778301886948e-01 1.885413493975903465e-01 3.490587777777777734e-01
3.904860134003350636e-01 2.596235757575757752e-01 4.087356161137440935e-01 2.445366705882353053e-01 2.623412209302325437e-01 7.819427341227126738e-02 2.308582604166666552e-01 2.640835483870968559e-01 2.498910041407867433e-01 2.628096797520661498e-01 2.180106481481481617e-01 0.000000000000000000e+00 2.015208838643371136e-01 1.718861459403905612e-01 3.024780598555211752e-01 2.658634778121775066e-01 1.758855175983436991e-01 2.193751809720786289e-02 2.574033850931676803e-01 2.792994616977225175e-01 2.520422854188210660e-01 2.843751039501039579e-01 -6.607806652806642866e-03 2.864237006237006500e-01 2.547170563674321930e-01 2.240011482254697373e-01 2.338436743215031033e-01 2.575860878661088149e-01 3.726344071353620002e-01 2.769601150627614694e-01 2.972072670157068219e-01 1.921594450261780163e-01 9.828203974895396988e-02 2.721506708595387569e-01 3.103458551941238319e-01 1.881049001051524894e-01 2.176705648535564586e-01 1.738304083769633412e-01 2.544712121212121536e-01 2.704568238993710350e-01 2.905784743991640662e-01 2.774470859538784029e-01 2.184241293013555740e-01 3.231831315240084046e-01 2.173496555323590762e-01 -9.103351464435147089e-02 7.433513655462185843e-02 2.669423052631578752e-01 2.676765089379600226e-01 3.804811322751322500e-01 4.088261276595744897e-01 1.059341314553990526e-01 3.838266426858513714e-01 1.636149084249084451e-01
3.008488870151770911e-01 2.243873323170731959e-01 2.897964523809524184e-01 2.320857919621749366e-01 2.113880724299065650e-01 1.517095680345572351e-01 2.024315673981191277e-01 2.255759707724425689e-01 2.191246002076843169e-01 2.096657616580311079e-01 2.682270144628099429e-01 2.015208838643371136e-01 0.000000000000000000e+00 2.382730555555555851e-01 2.595130888429751925e-01 2.676044111570247686e-01 2.224549481327800782e-01 1.162889948186528466e-01 2.363898340248962449e-01 2.554534060228452752e-01 2.239589315352697174e-01 2.532479770594369684e-01 2.634098018769551533e-02 2.619750052137643781e-01 2.026186178010471184e-01 2.522574450261779733e-01 2.158009947643979021e-01 2.539609968520462058e-01 3.162106631578948113e-01 2.164302623294858396e-01 2.395728781512605210e-01 2.772431512605041948e-01 1.296191605456453455e-01 2.159668033648790841e-01 2.935327052631579448e-01 2.604185126582278520e-01 2.031328121720880897e-01 2.709440083945435784e-01 2.079850943396226448e-01 2.504956677181913727e-01 2.290255870020964368e-01 2.568366876971608925e-01 3.614847748691099594e-01 2.556320418848167519e-01 3.228804502617800831e-01 1.165365792235047160e-01 1.495949525816649139e-01 2.059494720168954796e-01 1.999012130801687825e-01 2.790022505307855893e-01 2.867075026680896976e-01 1.471624381625441791e-01 2.893703008423585965e-01 2.529804411764705607e-01
2.097082491582491146e-02 1.636561398176291648e-01 1.462794292508914126e-03 2.285185966981132244e-01 1.949679696616102853e-01 2.713094924406047603e-01 2.431226018808777534e-01 1.623847599164926769e-01 1.800092946058091115e-01 5.633078674948239356e-02 3.029538326446281071e-01 1.718861459403905612e-01 2.382730555555555851e-01 0.000000000000000000e+00 1.474483711340206227e-01 1.520488762886598177e-01 2.275990165631469886e-01 2.668197933884297601e-01 1.602527507755946157e-01 1.672062797927461320e-01 1.807521347150259083e-01 1.183561186264307924e-01 2.182363513513513598e-01 2.252276923076922677e-01 2.249376617954070845e-01 1.955396242171189847e-01 1.850884342379958414e-01 1.674595711297071077e-01 5.564582371458551280e-02 1.808891108786610802e-01 1.343818848167539215e-01 3.526376544502617949e-01 2.441898012552301545e-01 1.548133438155136488e-01 1.601071458551941162e-01 3.323456842105262932e-01 1.693054031413612492e-01 3.443973689727462539e-01 2.048952615062761273e-01 1.740356453305351436e-01 1.257597907949790650e-01 1.156003462749212868e-01 3.940644200626958749e-01 8.583727272727273427e-02 3.562385266457680499e-01 5.779567853403141386e-01 2.526788433228180919e-01 6.486693037974683440e-02 1.732099789251843880e-01 3.225678685047719818e-02 2.836140724946688632e-03 2.333760235294117524e-01 7.078778846153845061e-02 3.250758823529411590e-01
7.047450673400672549e-01 3.618396955859969344e-01 7.098825148986888101e-01 2.727670921985815844e-01 3.132464093567252084e-01 -6.771807359307356784e-03 2.213750104602510149e-01 3.572247175732217173e-01 2.928353534303534400e-01 4.464022845275181783e-01 2.299584559585492183e-01 3.024780598555211752e-01 2.595130888429751925e-01 1.474483711340206227e-01 0.000000000000000000e+00 4.022214933058703146e-01 2.188399482936918550e-01 -7.119751295336787522e-02 3.673816908713692930e-01 3.772605919003115260e-01 2.959443970893971265e-01 4.370716283924843126e-01 -7.689403966597076201e-02 3.032686534446764060e-01 2.416233542976939375e-01 3.256141133263378840e-01 2.871782686253934735e-01 3.847338025210084167e-01 6.491471970495258370e-01 3.255192969569778993e-01 3.794132352941176900e-01 1.658764773922186686e-01 5.674145110410094839e-02 3.720574579831932849e-01 3.993279578947368513e-01 1.624328194297782468e-01 2.565660189075630315e-01 1.603856315789473630e-01 2.803447429171038729e-01 3.101702739726027724e-01 4.236073634453781933e-01 4.473730663856691492e-01 2.010921930745016017e-01 5.368663588667366149e-01 1.993374501573977053e-01 -1.785654363827549884e-01 -5.038806758183735253e-03 4.455683826638477951e-01 2.918697568710359458e-01 6.599437340425532428e-01 6.945774759358289696e-01 9.376500590318773143e-02 6.659055126658625090e-01 1.563357352941176504e-01
4.230240033500837771e-01 2.868225188536953074e-01 4.335690995260663705e-01 2.776418918918918677e-01 2.474517811408614709e-01 7.994698275862075973e-03 2.468979353493222229e-01 2.903225914315569756e-01 2.792227027027027741e-01 2.998649636552440656e-01 2.074298651452282094e-01 2.658634778121775066e-01 2.676044111570247686e-01 1.520488762886598177e-01 4.022214933058703146e-01 0.000000000000000000e+00 2.458144090441931884e-01 -1.779391752577319519e-02 3.088607636738906481e-01 3.154361157024793694e-01 2.969804239917269717e-01 3.187656282450675449e-01 -8.444645898234681702e-02 2.611184232365145186e-01 2.786392500000000605e-01 2.429291240875912361e-01 2.608351511991658378e-01 3.278931002087682733e-01 3.997393717277487601e-01 2.798624843423799802e-01 3.245838871473354370e-01 1.639818200836820061e-01 8.828988493723849418e-02 3.035126541274817402e-01 3.119054916317991477e-01 1.758282371458551596e-01 2.453889457202505509e-01 1.534830648535564779e-01 2.804600521376433564e-01 3.531885549738220109e-01 3.283004175365344390e-01 2.992703455497381926e-01 1.879166423357664373e-01 3.345484150156413650e-01 2.046556517205422310e-01 -1.339430198537095162e-01 2.921407135362015170e-02 3.093503046218487040e-01 3.083163340336134706e-01 4.100544033790919363e-01 4.407850955414012728e-01 1.037082669789227002e-01 4.064291148325359093e-01 1.276704044117646930e-01
2.932971356783919958e-01 2.063240874811463066e-01 3.060314657210402300e-01 2.028747831184056216e-01 2.115160697674418611e-01 9.875163440860215691e-02 1.752522604166666664e-01 2.191349164926931214e-01 1.826151092611862925e-01 1.950597193347193559e-01 2.445105093555093589e-01 1.758855175983436991e-01 2.224549481327800782e-01 2.275990165631469886e-01 2.188399482936918550e-01 2.458144090441931884e-01 0.000000000000000000e+00 1.033475102459016359e-01 1.927858684480986684e-01 2.236909175257731919e-01 1.845890815273477648e-01 2.326372227979275065e-01 -3.726649377593358771e-03 1.960526556016597421e-01 1.703020104166666771e-01 2.476767987486965528e-01 1.916949009384775748e-01 3.056413972888425423e-01 2.922467154811715373e-01 1.740238333333333498e-01 2.292639937434828024e-01 2.573986833855799183e-01 1.129567293625914348e-01 1.843027139874739151e-01 1.876849111807732673e-01 2.213013507853403283e-01 1.685657291666666779e-01 2.490998329853862103e-01 1.735283766909469227e-01 2.203044258872651484e-01 2.229283870967742054e-01 2.089983402922755973e-01 3.190313617463617080e-01 2.407266424116424053e-01 2.984418295218295158e-01 6.353982273201250197e-02 1.350055962343096050e-01 1.887727748691099550e-01 1.639896020942408217e-01 2.639475131717597400e-01 2.854696504237287935e-01 1.251037426900584726e-01 2.975068936678614273e-01 2.381617153284671384e-01
-1.156084899328859023e-01 5.554232277526396228e-02 -1.208963400236127417e-01 8.822637002341922330e-02 7.405789779326364675e-02 2.503668172043010953e-01 8.172163541666667419e-02 1.828494264859228599e-02 -1.166325363825363934e-02 -1.186731256490135000e-01 1.830231360332295054e-01 2.193751809720786289e-02 1.162889948186528466e-01 2.668197933884297601e-01 -7.119751295336787522e-02 -1.779391752577319519e-02 1.033475102459016359e-01 0.000000000000000000e+00 5.637218813905935317e-04 -8.326488706365502276e-04 4.750163412127440116e-02 -6.674963805584278875e-03 -6.017324715615304798e-02 2.025758117890382459e-01 6.346476091476092873e-02 7.262832640332639311e-02 3.606808731808732599e-02 -3.874911550468258196e-03 -8.413363256784966993e-02 6.634178794178796634e-03 -3.962745057232049117e-02 2.754047708333332567e-01 2.298753437499999608e-01 -1.368203124999999715e-02 -2.196935416666666308e-02 2.461763361169102271e-01 1.074073935617860936e-01 2.512463958333333580e-01 6.811930425752857343e-02 1.324101041666666916e-02 -4.081111111111111744e-02 -5.037822916666666317e-02 2.802563692946058449e-01 -1.335273962655601776e-01 2.479302697095435992e-01 2.236920187304890228e-01 3.391214718162839370e-01 -1.145576673640167215e-01 2.964594142259414575e-02 -1.163147263157894712e-01 -1.154536296296296144e-01 1.790383761682242947e-01 -1.691311813842481804e-01 2.646041240875912637e-01
4.193158922558922752e-01 2.902560665658093786e-01 4.247755555555556284e-01 2.521307737397420756e-01 2.325940185830429885e-01 4.482220667384284596e-02 2.445296871741397260e-01 2.784337265135699568e-01 2.554955150884495318e-01 2.868996361746361523e-01 2.262157900207900363e-01 2.574033850931676803e-01 2.363898340248962449e-01 1.602527507755946157e-01 3.673816908713692930e-01 3.088607636738906481e-01 1.927858684480986684e-01 5.637218813905935317e-04 0.000000000000000000e+00 2.967620717948717957e-01 2.664486858316221785e-01 3.245100619834711542e-01 -5.011971074380165009e-02 2.867034126163391927e-01 2.651987214137214166e-01 2.347360187110187069e-01 2.625368607068607196e-01 2.945156458333333394e-01 3.838323246073299111e-01 2.830826173096975817e-01 3.157478810020876159e-01 1.693137095088818878e-01 8.803503657262276572e-02 2.831162591431557463e-01 3.024619644723092748e-01 1.773518534031413574e-01 2.315909479166666785e-01 1.657016196447230749e-01 2.683447500000000208e-01 3.073731243469174368e-01 3.028001041666666393e-01 2.990180773249738744e-01 1.971107492195629529e-01 3.357695005202913641e-01 1.909155150884495333e-01 -1.174934306569343223e-01 4.574676439790575228e-02 3.054404926624737504e-01 2.910223689727463592e-01 3.951310654008438616e-01 4.319875291622481406e-01 9.966434426229507648e-02 3.978101555023923486e-01 1.364349816849816932e-01
3.843744705882353174e-01 2.790758698940998817e-01 3.952276568047337624e-01 2.794345134818288501e-01 2.776812645011600966e-01 6.272868675995695031e-02 2.474153180396246321e-01 2.857885146443514546e-01 2.749183558792924198e-01 3.016635966735966567e-01 2.313406652806652697e-01 2.792994616977225175e-01 2.554534060228452752e-01 1.672062797927461320e-01 3.772605919003115260e-01 3.154361157024793694e-01 2.236909175257731919e-01 -8.326488706365502276e-04 2.967620717948717957e-01 0.000000000000000000e+00 2.754424769703173181e-01 3.386130278063851917e-01 -3.665847422680412054e-02 2.885467665289256356e-01 2.815426583592938736e-01 2.397882676348547792e-01 2.583891182572614076e-01 3.304653638253638448e-01 3.723479205851619733e-01 3.099029479166667267e-01 3.338558498435871269e-01 1.976164509394572055e-01 1.109085803757828698e-01 3.039399895615866320e-01 3.157509916492693414e-01 1.943303246073298518e-01 2.539348854166666447e-01 1.821186311389759727e-01 2.983183229166666561e-01 3.459538140020899100e-01 3.099451979166666926e-01 3.082769102296451513e-01 2.407195005202913685e-01 3.273034583333333525e-01 2.364172575599582937e-01 -8.203913270637409882e-02 4.515981112277020482e-02 2.996054459601259490e-01 2.998560272536687221e-01 3.814328722280887485e-01 4.066291401273885997e-01 1.309286518171160763e-01 3.911793772455089413e-01 1.913612454212454128e-01
4.520433164983165275e-01 3.050434090909090457e-01 4.729158983451536846e-01 2.760499882766705992e-01 2.675932520325203234e-01 6.843089343379979428e-02 2.552328050052137809e-01 3.001432706374085879e-01 2.487826534859521321e-01 3.426514137214137778e-01 2.426195954356846485e-01 2.520422854188210660e-01 2.239589315352697174e-01 1.807521347150259083e-01 2.959443970893971265e-01 2.969804239917269717e-01 1.845890815273477648e-01 4.750163412127440116e-02 2.664486858316221785e-01 2.754424769703173181e-01 0.000000000000000000e+00 3.429358376156217414e-01 -5.476109165808443202e-02 2.753916718266253838e-01 2.606008506224066212e-01 2.638263834196891144e-01 2.395926839378238471e-01 3.495803426791276869e-01 4.300897178683385502e-01 2.653742291666666420e-01 2.942628884254432364e-01 1.884932567849686713e-01 8.877128392484343045e-02 2.940613479623824245e-01 2.905252037617555017e-01 1.968819287211739932e-01 2.336021480709072062e-01 1.613061442006269441e-01 2.768966006256516899e-01 2.660149634273772379e-01 3.349584479166666795e-01 3.311224634655532406e-01 1.861313423517169663e-01 3.408127500000000532e-01 2.377108967674660955e-01 -8.928277951933125123e-02 1.117600629590766032e-01 3.479368172268907933e-01 3.570287106918238473e-01 4.232190918690602044e-01 4.718566029723991750e-01 9.788030480656505217e-02 4.218406826347304572e-01 1.218310294117647130e-01
4.056445791245791854e-01 3.050798786039453647e-01 4.163928537455411361e-01 2.875869022379269890e-01 2.622452625437572959e-01 3.308147027027027315e-02 2.899752251308900242e-01 3.256195592864638555e-01 3.054381818181818309e-01 3.635216701461377320e-01 1.912731178310740632e-01 2.843751039501039579e-01 2.532479770594369684e-01 1.183561186264307924e-01 4.370716283924843126e-01 3.187656282450675449e-01 2.326372227979275065e-01 -6.674963805584278875e-03 3.245100619834711542e-01 3.386130278063851917e-01 3.429358376156217414e-01 0.000000000000000000e+00 -7.046805725971368173e-02 2.606197227926078108e-01 3.265134607438016090e-01 2.726143756449947997e-01 2.934628689370484822e-01 3.500740829015544509e-01 3.848141188738269380e-01 3.109073152965660669e-01 3.695336979166666813e-01 1.416298123044838209e-01 1.059895724713243031e-01 3.265665135699373778e-01 3.330105323590814015e-01 1.562186910994764477e-01 3.046923645833333749e-01 1.312199479166666627e-01 3.181588357588357452e-01 3.949168437500000239e-01 3.369733679833679107e-01 3.415359583333333338e-01 1.880179439252336604e-01 3.778319458896982064e-01 2.144657291666666743e-01 -2.215564405010438664e-01 5.990665618448638013e-02 3.661040083945436008e-01 3.831240585774058904e-01 4.018855742887249560e-01 4.166443432203389974e-01 1.105160584795321643e-01 4.185737275985663142e-01 1.399467777777778088e-01
-1.356108403361344361e-01 -4.872424242424241297e-02 -1.365111387900355411e-01 -1.291795294117645959e-02 7.069045454545454243e-02 -7.852894168466517666e-03 -7.149382845188276270e-03 -3.043813417190775403e-02 -3.645379310344826901e-02 -1.854888100208767765e-01 1.725062982273201373e-01 -6.607806652806642866e-03 2.634098018769551533e-02 2.182363513513513598e-01 -7.689403966597076201e-02 -8.444645898234681702e-02 -3.726649377593358771e-03 -6.017324715615304798e-02 -5.011971074380165009e-02 -3.665847422680412054e-02 -5.476109165808443202e-02 -7.046805725971368173e-02 0.000000000000000000e+00 1.866459406952965527e-01 3.248789094650205572e-02 5.382285714285713063e-02 -9.248376156217879770e-03 -4.785424148606810812e-02 -8.520076843198334804e-02 -1.285723316062175638e-02 -7.728539419087136764e-02 2.373923572170301421e-01 1.041207372793353930e-01 -3.172784823284822281e-02 -1.556132016632016252e-02 1.933150886339937702e-01 -1.413739356178608450e-02 2.166105295950155885e-01 1.654107883817438002e-03 -7.306527027027025223e-02 -1.775815352697094479e-02 -1.471037110187109753e-01 2.734458963730569958e-01 -1.437460995850622369e-01 1.840537175493250632e-01 -4.293856340956341278e-01 1.079414838035573583e-04 -1.607828586387434200e-01 -8.002554279749476973e-02 -1.017480441640378347e-01 -9.165298097251582676e-02 4.292302217036172290e-02 -1.343261263408820072e-01 1.585488191881918862e-01
2.709296655518394492e-01 2.896097734138973201e-01 2.454077751479289971e-01 2.497550704225351970e-01 2.973564027939464283e-01 2.160759719222462016e-01 2.622849790794978819e-01 2.757822513089005501e-01 2.890493730407523443e-01 2.690941858037577683e-01 2.787738998957246528e-01 2.864237006237006500e-01 2.619750052137643781e-01 2.252276923076922677e-01 3.032686534446764060e-01 2.611184232365145186e-01 1.960526556016597421e-01 2.025758117890382459e-01 2.867034126163391927e-01 2.885467665289256356e-01 2.753916718266253838e-01 2.606197227926078108e-01 1.866459406952965527e-01 0.000000000000000000e+00 3.374036400817996273e-01 2.509214314928425171e-01 2.625221267893660393e-01 2.137723921971252661e-01 2.560202066115702668e-01 3.003864602683178342e-01 2.770580991735537291e-01 2.597801035196686814e-01 1.949163664596273160e-01 2.909177202072538715e-01 3.043650155440413840e-01 2.526782120582120039e-01 2.939534647302904369e-01 2.587454413291796484e-01 2.918606120331949660e-01 2.705951975051974490e-01 2.955594611398963401e-01 2.447849272349272853e-01 3.621393892339544451e-01 2.942897720207254264e-01 3.269398547717842773e-01 -2.025781704781706716e-02 2.609628288100208637e-01 2.794066353187042440e-01 3.668531458333333939e-01 2.741912368972746483e-01 2.603420653319283851e-01 2.089166279069767651e-01 3.034267102137767624e-01 2.666557249070631852e-01
4.769553288364249966e-01 2.943509893455099058e-01 4.584328452380952434e-01 2.461520661157024781e-01 2.740118032786885705e-01 9.890976112920737973e-02 2.290071083070452373e-01 2.675484842105262939e-01 2.196262184873949419e-01 3.013744863731656065e-01 2.541502513089005100e-01 2.547170563674321930e-01 2.026186178010471184e-01 2.249376617954070845e-01 2.416233542976939375e-01 2.786392500000000605e-01 1.703020104166666771e-01 6.346476091476092873e-02 2.651987214137214166e-01 2.815426583592938736e-01 2.606008506224066212e-01 3.265134607438016090e-01 3.248789094650205572e-02 3.374036400817996273e-01 0.000000000000000000e+00 2.429139344262295219e-01 2.252229815573770499e-01 2.544334979423868437e-01 4.275725492227979152e-01 2.510132608695652134e-01 2.800380932642487219e-01 2.351893042575285420e-01 9.350026998961580293e-02 2.827975338189386290e-01 2.988615296566076718e-01 2.225818371607515556e-01 2.277384791666666741e-01 2.071306152241918774e-01 2.570574973931178397e-01 2.404052142110762735e-01 3.299440104166667109e-01 3.332438244514107084e-01 2.129558584807492161e-01 3.388057708333332974e-01 2.261641501564129464e-01 -3.602736677115988412e-02 1.219890136411332648e-01 3.062383928571428826e-01 2.998565445026177834e-01 4.336655321390937567e-01 4.699461334745763108e-01 1.030334035087719369e-01 4.382839140811455869e-01 1.662357249070632037e-01
2.819821416526138713e-01 2.421577625570776049e-01 2.944701783590963351e-01 2.423503537735849089e-01 2.427199532163742957e-01 1.339441323210412149e-01 2.376098949579832365e-01 2.638615247108306860e-01 2.416087710084033613e-01 2.387899056603773884e-01 2.285408795811518234e-01 2.240011482254697373e-01 2.522574450261779733e-01 1.955396242171189847e-01 3.256141133263378840e-01 2.429291240875912361e-01 2.476767987486965528e-01 7.262832640332639311e-02 2.347360187110187069e-01 2.397882676348547792e-01 2.638263834196891144e-01 2.726143756449947997e-01 5.382285714285713063e-02 2.509214314928425171e-01 2.429139344262295219e-01 0.000000000000000000e+00 2.647961632653060837e-01 2.880056250000000428e-01 2.972026033057851291e-01 2.447533126934984538e-01 2.756301652892562126e-01 2.162842132505175818e-01 1.250061036269430048e-01 2.754887123572170582e-01 2.829432814122533890e-01 2.187688425443170270e-01 2.222464449064449066e-01 2.153710718002081193e-01 2.620343496357960267e-01 2.859678229166666696e-01 2.746625259875259961e-01 2.442608333333333159e-01 2.745185150571132215e-01 2.731811538461539346e-01 2.608215608740894753e-01 -2.471628392484343656e-02 1.230683123689727543e-01 2.394531794333683294e-01 2.835222489539749313e-01 2.988485157894736899e-01 3.179805813953488491e-01 1.399678646441073482e-01 2.846680095351609152e-01 2.294572490706319745e-01
3.743487858347386288e-01 2.708028006088279982e-01 4.069650059453032154e-01 2.586199056603774027e-01 2.521067836257310235e-01 8.999765726681127620e-02 2.153489075630252159e-01 2.588414405888538328e-01 2.322463445378151470e-01 2.691753563941299832e-01 2.412691204188481819e-01 2.338436743215031033e-01 2.158009947643979021e-01 1.850884342379958414e-01 2.871782686253934735e-01 2.608351511991658378e-01 1.916949009384775748e-01 3.606808731808732599e-02 2.625368607068607196e-01 2.583891182572614076e-01 2.395926839378238471e-01 2.934628689370484822e-01 -9.248376156217879770e-03 2.625221267893660393e-01 2.252229815573770499e-01 2.647961632653060837e-01 0.000000000000000000e+00 2.855952459016393719e-01 3.771093078512397501e-01 2.336793911248710165e-01 2.856711673553719022e-01 2.008891614906832268e-01 9.325624870466320271e-02 2.871039771547247987e-01 2.708813084112149383e-01 1.925390406673618549e-01 2.081882952182952107e-01 1.960629136316337229e-01 2.338364516129032289e-01 2.603341354166666677e-01 3.207811122661122227e-01 2.814575833333333721e-01 2.256171339563862732e-01 3.259883056133056067e-01 2.133240374609781387e-01 -9.470090814196242823e-02 9.093139412997904014e-02 2.799829485834208209e-01 2.575878242677824281e-01 3.874484210526316086e-01 4.165770190274841744e-01 1.236369894982496942e-01 3.994277473182359373e-01 1.842949070631970387e-01
4.667730456852792753e-01 2.888478201219512043e-01 4.918307499999999832e-01 2.776588311688311661e-01 2.707712412177986083e-01 3.888217155266016078e-02 2.464247894736842359e-01 2.969799367755532882e-01 2.713258736842105723e-01 3.208089915966386707e-01 2.410832109129066037e-01 2.575860878661088149e-01 2.539609968520462058e-01 1.674595711297071077e-01 3.847338025210084167e-01 3.278931002087682733e-01 3.056413972888425423e-01 -3.874911550468258196e-03 2.945156458333333394e-01 3.304653638253638448e-01 3.495803426791276869e-01 3.500740829015544509e-01 -4.785424148606810812e-02 2.137723921971252661e-01 2.544334979423868437e-01 2.880056250000000428e-01 2.855952459016393719e-01 0.000000000000000000e+00 4.438869104016477940e-01 2.508298765432098731e-01 3.663699382080329858e-01 1.785480061983470979e-01 9.743574974146845813e-02 3.254896062176165783e-01 3.126295746887967075e-01 1.875401145833333338e-01 2.642663032191069905e-01 1.786044953173777095e-01 2.624058272632674438e-01 3.512015416666666723e-01 3.362248024948025216e-01 3.385702189781022442e-01 2.368597505197505282e-01 4.055093236212278796e-01 2.327521041666666402e-01 -7.111154649947754036e-02 5.148116474291711264e-02 3.334843697478991897e-01 2.951550419287211624e-01 4.509707278481013271e-01 4.954961758474575872e-01 1.183154970760234015e-01 4.645975507765830459e-01 1.875868148148148173e-01
4.557921319796954251e-01 3.346942835365853686e-01 4.765265751789977133e-01 3.215583767772511870e-01 2.794574292452830511e-01 -2.205539803707742483e-02 3.256761814345991990e-01 3.850643505807814782e-01 4.191656071805702211e-01 3.750904952581665119e-01 1.725324290220820178e-01 3.726344071353620002e-01 3.162106631578948113e-01 5.564582371458551280e-02 6.491471970495258370e-01 3.997393717277487601e-01 2.922467154811715373e-01 -8.413363256784966993e-02 3.838323246073299111e-01 3.723479205851619733e-01 4.300897178683385502e-01 3.848141188738269380e-01 -8.520076843198334804e-02 2.560202066115702668e-01 4.275725492227979152e-01 2.972026033057851291e-01 3.771093078512397501e-01 4.438869104016477940e-01 0.000000000000000000e+00 4.053557628865979146e-01 4.892581114551083910e-01 7.971803312629398286e-02 1.278538923395445004e-01 3.941875103734439612e-01 4.122230041580041693e-01 1.271819206680584458e-01 3.756020374220374602e-01 1.006372869022869043e-01 3.769448960498960610e-01 5.506297393117830508e-01 3.862367845993756599e-01 3.710334064785789088e-01 1.682396354166666996e-01 3.850523253388947187e-01 1.960862630480167124e-01 -4.153267576075551221e-02 -3.284903157894736997e-02 3.652005063291139941e-01 4.810715684210525867e-01 4.529386349206349638e-01 4.832647127659575603e-01 1.507239012925969124e-01 3.979136734693878297e-01 9.788082089552237186e-02
