0.0 0.0 0.0 0.0 0.0 0.0 0.0 0.0 0.0 0.0 0.0 0.0 0.0 0.0 0.0 0.0 0.0 0.0 0.0 0.0 0.0 0.0 0.0 0.0 0.0 0.0 0.0 0.0 0.0 0.0 0.0 0.0 0.0 0.0 0.0 0.0 0.0 0.0 0.0 0.0 0.0 0.0 0.0 0.0 0.0 0.0 0.0 0.0 0.0 0.0 0.0 0.0 0.0 0.0 0.0 0.0 0.0 0.0 0.0 0.0 0.0 0.0 0.0 0.0 0.0 0.0 0.0 0.0 0.0 0.0 0.0 0.0 0.0 0.0 0.0 0.0 0.0 0.0 0.0 0.0 0.0 0.0 0.0 0.0 0.0 0.0 0.0 0.0 0.0 0.0 0.0 0.0 0.0 0.0 0.0 0.0 0.0 0.0 0.0 0.0 0.0 0.0 0.0 0.0 0.0 0.0 0.0 0.0 0.0 0.0 0.0 0.0 0.0 0.0 0.0 0.0 0.0 0.0 0.0 0.0 0.0 0.0 0.0 0.0 0.0 0.0 0.0 0.0 0.0 0.0 
0.0 0.0 0.0 0.0 0.0 0.0 0.0 0.0 0.0 0.0 0.0 0.0 0.0 0.0 0.0 0.0 0.0 0.0 0.0 0.0 0.0 0.0 0.0 0.0 0.0 0.0 0.0 0.0 0.0 0.0 0.0 0.0 0.0 0.0 0.0 0.0 0.0 0.0 0.0 0.0 0.0 0.0 0.0 0.0 0.0 0.0 0.0 0.0 0.0 0.0 0.0 0.0 0.0 0.0 0.0 0.0 0.0 0.0 0.0 0.0 0.0 0.0 0.0 0.0 0.0 0.0 0.0 0.0 0.0 0.0 0.0 0.0 0.0 0.0 0.0 0.0 0.0 0.0 0.0 0.0 0.0 0.0 0.0 0.0 0.0 0.0 0.0 0.0 0.0 0.0 0.0 0.0 0.0 0.0 0.0 0.0 0.0 0.0 0.0 0.0 0.0 0.0 0.0 0.0 0.0 0.0 0.0 0.0 0.0 0.0 0.0 0.0 0.0 0.0 0.0 0.0 0.0 0.0 0.0 0.0 0.0 0.0 0.0 0.0 0.0 0.0 0.0 0.0 0.0 0.0 
0.0 0.0 0.0 0.0 0.0 0.0 0.0 0.0 0.0 0.0 0.0 0.0 0.0 0.0 0.0 0.0 0.0 0.0 0.0 0.0 0.0 0.0 0.0 0.0 0.0 0.0 0.0 0.0 0.0 0.0 0.0 0.0 0.0 0.0 0.0 0.0 0.0 0.0 0.0 0.0 0.0 0.0 0.0 0.0 0.0 0.0 0.0 0.0 0.0 0.0 0.0 0.0 0.0 0.0 0.0 0.0 0.0 0.0 0.0 0.0 0.0 0.0 0.0 0.0 0.0 0.0 0.0 0.0 0.0 0.0 0.0 0.0 0.0 0.0 0.0 0.0 0.0 0.0 0.0 0.0 0.0 0.0 0.0 0.0 0.0 0.0 0.0 0.0 0.0 0.0 0.0 0.0 0.0 0.0 0.0 0.0 0.0 0.0 0.0 0.0 0.0 0.0 0.0 0.0 0.0 0.0 0.0 0.0 0.0 0.0 0.0 0.0 0.0 0.0 0.0 0.0 0.0 0.0 0.0 0.0 0.0 0.0 0.0 0.0 0.0 0.0 0.0 0.0 0.0 0.0 
0.0 0.0 0.0 0.0 0.0 0.0 0.0 0.0 0.0 0.0 0.0 0.0 0.0 0.0 0.0 0.0 0.0 0.0 0.0 0.0 0.0 0.0 0.0 0.0 0.0 0.0 0.0 0.0 0.0 0.0 0.0 0.0 0.0 0.0 0.0 0.0 0.0 0.0 0.0 0.0 0.0 0.0 0.0 0.0 0.0 0.0 0.0 0.0 0.0 0.0 0.0 0.0 0.0 0.0 0.0 0.0 0.0 0.0 0.0 0.0 0.0 0.0 0.0 0.0 0.0 0.0 0.0 0.0 0.0 0.0 0.0 0.0 0.0 0.0 0.0 0.0 0.0 0.0 0.0 0.0 0.0 0.0 0.0 0.0 0.0 0.0 0.0 0.0 0.0 0.0 0.0 0.0 0.0 0.0 0.0 0.0 0.0 0.0 0.0 0.0 0.0 0.0 0.0 0.0 0.0 0.0 0.0 0.0 0.0 0.0 0.0 0.0 0.0 0.0 0.0 0.0 0.0 0.0 0.0 0.0 0.0 0.0 0.0 0.0 0.0 0.0 0.0 0.0 0.0 0.0 
0.0 0.0 0.0 0.0 0.0 0.0 0.0 0.0 0.0 0.0 0.0 0.0 0.0 0.0 0.0 0.0 0.0 0.0 0.0 0.0 0.0 0.0 0.0 0.0 0.0 0.0 0.0 0.0 0.0 0.0 0.0 0.0 0.0 0.0 0.0 0.0 0.0 0.0 0.0 0.0 0.0 0.0 0.0 0.0 0.0 0.0 0.0 0.0 0.0 0.0 0.0 0.0 0.0 0.0 0.0 0.0 0.0 0.0 0.0 0.0 0.0 0.0 0.0 0.0 0.0 0.0 0.0 0.0 0.0 0.0 0.0 0.0 0.0 0.0 0.0 0.0 0.0 0.0 0.0 0.0 0.0 0.0 0.0 0.0 0.0 0.0 0.0 0.0 0.0 0.0 0.0 0.0 0.0 0.0 0.0 0.0 0.0 0.0 0.0 0.0 0.0 0.0 0.0 0.0 0.0 0.0 0.0 0.0 0.0 0.0 0.0 0.0 0.0 0.0 0.0 0.0 0.0 0.0 0.0 0.0 0.0 0.0 0.0 0.0 0.0 0.0 0.0 0.0 0.0 0.0 
0.0 0.0 0.0 0.0 0.0 0.0 0.0 0.0 0.0 0.0 0.0 0.0 0.0 0.0 0.0 0.0 0.0 0.0 0.0 0.0 0.0 0.0 0.0 0.0 0.0 0.0 0.0 0.0 0.0 0.0 0.0 0.0 0.0 0.0 0.0 0.0 0.0 0.0 0.0 0.0 0.0 0.0 0.0 0.0 0.0 0.0 0.0 0.0 0.0 0.0 0.0 0.0 0.0 0.0 0.0 0.0 0.0 0.0 0.0 0.0 0.0 0.0 0.0 0.0 0.0 0.0 0.0 0.0 0.0 0.0 0.0 0.0 0.0 0.0 0.0 0.0 0.0 0.0 0.0 0.0 0.0 0.0 0.0 0.0 0.0 0.0 0.0 0.0 0.0 0.0 0.0 0.0 0.0 0.0 0.0 0.0 0.0 0.0 0.0 0.0 0.0 0.0 0.0 0.0 0.0 0.0 0.0 0.0 0.0 0.0 0.0 0.0 0.0 0.0 0.0 0.0 0.0 0.0 0.0 0.0 0.0 0.0 0.0 0.0 0.0 0.0 0.0 0.0 0.0 0.0 
0.0 0.0 0.0 0.0 0.0 0.0 0.0 0.0 0.0 0.0 0.0 0.0 0.0 0.0 0.0 0.0 0.0 0.0 0.0 0.0 0.0 0.0 0.0 0.0 0.0 0.0 0.0 0.0 0.0 0.0 0.0 0.0 0.0 0.0 0.0 0.0 0.0 0.0 0.0 0.0 0.0 0.0 0.0 0.0 0.0 0.0 0.0 0.0 0.0 0.0 0.0 0.0 0.0 0.0 0.0 0.0 0.0 0.0 0.0 0.0 0.0 0.0 0.0 0.0 0.0 0.0 0.0 0.0 0.0 0.0 0.0 0.0 0.0 0.0 0.0 0.0 0.0 0.0 0.0 0.0 0.0 0.0 0.0 0.0 0.0 0.0 0.0 0.0 0.0 0.0 0.0 0.0 0.0 0.0 0.0 0.0 0.0 0.0 0.0 0.0 0.0 0.0 0.0 0.0 0.0 0.0 0.0 0.0 0.0 0.0 0.0 0.0 0.0 0.0 0.0 0.0 0.0 0.0 0.0 0.0 0.0 0.0 0.0 0.0 0.0 0.0 0.0 0.0 0.0 0.0 
0.0 0.0 0.0 0.0 0.0 0.0 0.0 0.0 0.0 0.0 0.0 0.0 0.0 0.0 0.0 0.0 0.0 0.0 0.0 0.0 0.0 0.0 0.0 0.0 0.0 0.0 0.0 0.0 0.0 0.0 0.0 0.0 0.0 0.0 0.0 0.0 0.0 0.0 0.0 0.0 0.0 0.0 0.0 0.0 0.0 0.0 0.0 0.0 0.0 0.0 0.0 0.0 0.0 0.0 0.0 0.0 0.0 0.0 0.0 0.0 0.0 0.0 0.0 0.0 0.0 0.0 0.0 0.0 0.0 0.0 0.0 0.0 0.0 0.0 0.0 0.0 0.0 0.0 0.0 0.0 0.0 0.0 0.0 0.0 0.0 0.0 0.0 0.0 0.0 0.0 0.0 0.0 0.0 0.0 0.0 0.0 0.0 0.0 0.0 0.0 0.0 0.0 0.0 0.0 0.0 0.0 0.0 0.0 0.0 0.0 0.0 0.0 0.0 0.0 0.0 0.0 0.0 0.0 0.0 0.0 0.0 0.0 0.0 0.0 0.0 0.0 0.0 0.0 0.0 0.0 
0.0 0.0 0.0 0.0 0.0 0.0 0.0 0.0 0.0 0.0 0.0 0.0 0.0 0.0 0.0 0.0 0.0 0.0 0.0 0.0 0.0 0.0 0.0 0.0 0.0 0.0 0.0 0.0 0.0 0.0 0.0 0.0 0.0 0.0 0.0 0.0 0.0 0.0 0.0 0.0 0.0 0.0 0.0 0.0 0.0 0.0 0.0 0.0 0.0 0.0 0.0 0.0 0.0 0.0 0.0 0.0 0.0 0.0 0.0 0.0 0.0 0.0 0.0 0.0 0.0 0.0 0.0 0.0 0.0 0.0 0.0 0.0 0.0 0.0 0.0 0.0 0.0 0.0 0.0 0.0 0.0 0.0 0.0 0.0 0.0 0.0 0.0 0.0 0.0 0.0 0.0 0.0 0.0 0.0 0.0 0.0 0.0 0.0 0.0 0.0 0.0 0.0 0.0 0.0 0.0 0.0 0.0 0.0 0.0 0.0 0.0 0.0 0.0 0.0 0.0 0.0 0.0 0.0 0.0 0.0 0.0 0.0 0.0 0.0 0.0 0.0 0.0 0.0 0.0 0.0 
0.0 0.0 0.0 0.0 0.0 0.0 0.0 0.0 0.0 0.0 0.0 0.0 0.0 0.0 0.0 0.0 0.0 0.0 0.0 0.0 0.0 0.0 0.0 0.0 0.0 0.0 0.0 0.0 0.0 0.0 0.0 0.0 0.0 0.0 0.0 0.0 0.0 0.0 0.0 0.0 0.0 0.0 0.0 0.0 0.0 0.0 0.0 0.0 0.0 0.0 0.0 0.0 0.0 0.0 0.0 0.0 0.0 0.0 0.0 0.0 0.0 0.0 0.0 0.0 0.0 0.0 0.0 0.0 0.0 0.0 0.0 0.0 0.0 0.0 0.0 0.0 0.0 0.0 0.0 0.0 0.0 0.0 0.0 0.0 0.0 0.0 0.0 0.0 0.0 0.0 0.0 0.0 0.0 0.0 0.0 0.0 0.0 0.0 0.0 0.0 0.0 0.0 0.0 0.0 0.0 0.0 0.0 0.0 0.0 0.0 0.0 0.0 0.0 0.0 0.0 0.0 0.0 0.0 0.0 0.0 0.0 0.0 0.0 0.0 0.0 0.0 0.0 0.0 0.0 0.0 
0.0 0.0 0.0 0.0 0.0 0.0 0.0 0.0 0.0 0.0 0.0 0.0 0.0 0.0 0.0 0.0 0.0 0.0 0.0 0.0 0.0 0.0 0.0 0.0 0.0 0.0 0.0 0.0 0.0 0.0 0.0 0.0 0.0 0.0 0.0 0.0 0.0 0.0 0.0 0.0 0.0 0.0 0.0 0.0 0.0 0.0 0.0 0.0 0.0 0.0 0.0 0.0 0.0 0.0 0.0 0.0 0.0 0.0 0.0 0.0 0.0 0.0 0.0 0.0 0.0 0.0 0.0 0.0 0.0 0.0 0.0 0.0 0.0 0.0 0.0 0.0 0.0 0.0 0.0 0.0 0.0 0.0 0.0 0.0 0.0 0.0 0.0 0.0 0.0 0.0 0.0 0.0 0.0 0.0 0.0 0.0 0.0 0.0 0.0 0.0 0.0 0.0 0.0 0.0 0.0 0.0 0.0 0.0 0.0 0.0 0.0 0.0 0.0 0.0 0.0 0.0 0.0 0.0 0.0 0.0 0.0 0.0 0.0 0.0 0.0 0.0 0.0 0.0 0.0 0.0 
0.0 0.0 0.0 0.0 0.0 0.0 0.0 0.0 0.0 0.0 0.0 0.0 0.0 0.0 0.0 0.0 0.0 0.0 0.0 0.0 0.0 0.0 0.0 0.0 0.0 0.0 0.0 0.0 0.0 0.0 0.0 0.0 0.0 0.0 0.0 0.0 0.0 0.0 0.0 0.0 0.0 0.0 0.0 0.0 0.0 0.0 0.0 0.0 0.0 0.0 0.0 0.0 0.0 0.0 0.0 0.0 0.0 0.0 0.0 0.0 0.0 0.0 0.0 0.0 0.0 0.0 0.0 0.0 0.0 0.0 0.0 0.0 0.0 0.0 0.0 0.0 0.0 0.0 0.0 0.0 0.0 0.0 0.0 0.0 0.0 0.0 0.0 0.0 0.0 0.0 0.0 0.0 0.0 0.0 0.0 0.0 0.0 0.0 0.0 0.0 0.0 0.0 0.0 0.0 0.0 0.0 0.0 0.0 0.0 0.0 0.0 0.0 0.0 0.0 0.0 0.0 0.0 0.0 0.0 0.0 0.0 0.0 0.0 0.0 0.0 0.0 0.0 0.0 0.0 0.0 
0.0 0.0 0.0 0.0 0.0 0.0 0.0 0.0 0.0 0.0 0.0 0.0 0.0 0.0 0.0 0.0 0.0 0.0 0.0 0.0 0.0 0.0 0.0 0.0 0.0 0.0 0.0 0.0 0.0 0.0 0.0 0.0 0.0 0.0 0.0 0.0 0.0 0.0 0.0 0.0 0.0 0.0 0.0 0.0 0.0 0.0 0.0 0.0 0.0 0.0 0.0 0.0 0.0 0.0 0.0 0.0 0.0 0.0 0.0 0.0 0.0 0.0 0.0 0.0 0.0 0.0 0.0 0.0 0.0 0.0 0.0 0.0 0.0 0.0 0.0 0.0 0.0 0.0 0.0 0.0 0.0 0.0 0.0 0.0 0.0 0.0 0.0 0.0 0.0 0.0 0.0 0.0 0.0 0.0 0.0 0.0 0.0 0.0 0.0 0.0 0.0 0.0 0.0 0.0 0.0 0.0 0.0 0.0 0.0 0.0 0.0 0.0 0.0 0.0 0.0 0.0 0.0 0.0 0.0 0.0 0.0 0.0 0.0 0.0 0.0 0.0 0.0 0.0 0.0 0.0 
0.0 0.0 0.0 0.0 0.0 0.0 0.0 0.0 0.0 0.0 0.0 0.0 0.0 0.0 0.0 0.0 0.0 0.0 0.0 0.0 0.0 0.0 0.0 0.0 0.0 0.0 0.0 0.0 0.0 0.0 0.0 0.0 0.0 0.0 0.0 0.0 0.0 0.0 0.0 0.0 0.0 0.0 0.0 0.0 0.0 0.0 0.0 0.0 0.0 0.0 0.0 0.0 0.0 0.0 0.0 0.0 0.0 0.0 0.0 0.0 0.0 0.0 0.0 0.0 0.0 0.0 0.0 0.0 0.0 0.0 0.0 0.0 0.0 0.0 0.0 0.0 0.0 0.0 0.0 0.0 0.0 0.0 0.0 0.0 0.0 0.0 0.0 0.0 0.0 0.0 0.0 0.0 0.0 0.0 0.0 0.0 0.0 0.0 0.0 0.0 0.0 0.0 0.0 0.0 0.0 0.0 0.0 0.0 0.0 0.0 0.0 0.0 0.0 0.0 0.0 0.0 0.0 0.0 0.0 0.0 0.0 0.0 0.0 0.0 0.0 0.0 0.0 0.0 0.0 0.0 
0.0 0.0 0.0 0.0 0.0 0.0 0.0 0.0 0.0 0.0 0.0 0.0 0.0 0.0 0.0 0.0 0.0 0.0 0.0 0.0 0.0 0.0 0.0 0.0 0.0 0.0 0.0 0.0 0.0 0.0 0.0 0.0 0.0 0.0 0.0 0.0 0.0 0.0 0.0 0.0 0.0 0.0 0.0 0.0 0.0 0.0 0.0 0.0 0.0 0.0 0.0 0.0 0.0 0.0 0.0 0.0 0.0 0.0 0.0 0.0 0.0 0.0 0.0 0.0 0.0 0.0 0.0 0.0 0.0 0.0 0.0 0.0 0.0 0.0 0.0 0.0 0.0 0.0 0.0 0.0 0.0 0.0 0.0 0.0 0.0 0.0 0.0 0.0 0.0 0.0 0.0 0.0 0.0 0.0 0.0 0.0 0.0 0.0 0.0 0.0 0.0 0.0 0.0 0.0 0.0 0.0 0.0 0.0 0.0 0.0 0.0 0.0 0.0 0.0 0.0 0.0 0.0 0.0 0.0 0.0 0.0 0.0 0.0 0.0 0.0 0.0 0.0 0.0 0.0 0.0 
0.0 0.0 0.0 0.0 0.0 0.0 0.0 0.0 0.0 0.0 0.0 0.0 0.0 0.0 0.0 0.0 0.0 0.0 0.0 0.0 0.0 0.0 0.0 0.0 0.0 0.0 0.0 0.0 0.0 0.0 0.0 0.0 0.0 0.0 0.0 0.0 0.0 0.0 0.0 0.0 0.0 0.0 0.0 0.0 0.0 0.0 0.0 0.0 0.0 0.0 0.0 0.0 0.0 0.0 0.0 0.0 0.0 0.0 0.0 0.0 0.0 0.0 0.0 0.0 0.0 0.0 0.0 0.0 0.0 0.0 0.0 0.0 0.0 0.0 0.0 0.0 0.0 0.0 0.0 0.0 0.0 0.0 0.0 0.0 0.0 0.0 0.0 0.0 0.0 0.0 0.0 0.0 0.0 0.0 0.0 0.0 0.0 0.0 0.0 0.0 0.0 0.0 0.0 0.0 0.0 0.0 0.0 0.0 0.0 0.0 0.0 0.0 0.0 0.0 0.0 0.0 0.0 0.0 0.0 0.0 0.0 0.0 0.0 0.0 0.0 0.0 0.0 0.0 0.0 0.0 
0.0 0.0 0.0 0.0 0.0 0.0 0.0 0.0 0.0 0.0 0.0 0.0 0.0 0.0 0.0 0.0 0.0 0.0 0.0 0.0 0.0 0.0 0.0 0.0 0.0 0.0 0.0 0.0 0.0 0.0 0.0 0.0 0.0 0.0 0.0 0.0 0.0 0.0 0.0 0.0 0.0 0.0 0.0 0.0 0.0 0.0 0.0 0.0 0.0 0.0 0.0 0.0 0.0 0.0 0.0 0.0 0.0 0.0 0.0 0.0 0.0 0.0 0.0 0.0 0.0 0.0 0.0 0.0 0.0 0.0 0.0 0.0 0.0 0.0 0.0 0.0 0.0 0.0 0.0 0.0 0.0 0.0 0.0 0.0 0.0 0.0 0.0 0.0 0.0 0.0 0.0 0.0 0.0 0.0 0.0 0.0 0.0 0.0 0.0 0.0 0.0 0.0 0.0 0.0 0.0 0.0 0.0 0.0 0.0 0.0 0.0 0.0 0.0 0.0 0.0 0.0 0.0 0.0 0.0 0.0 0.0 0.0 0.0 0.0 0.0 0.0 0.0 0.0 0.0 0.0 
0.0 0.0 0.0 0.0 0.0 0.0 0.0 0.0 0.0 0.0 0.0 0.0 0.0 0.0 0.0 0.0 0.0 0.0 0.0 0.0 0.0 0.0 0.0 0.0 0.0 0.0 0.0 0.0 0.0 0.0 0.0 0.0 0.0 0.0 0.0 0.0 0.0 0.0 0.0 0.0 0.0 0.0 0.0 0.0 0.0 0.0 0.0 0.0 0.0 0.0 0.0 0.0 0.0 0.0 0.0 0.0 0.0 0.0 0.0 0.0 0.0 0.0 0.0 0.0 0.0 0.0 0.0 0.0 0.0 0.0 0.0 0.0 0.0 0.0 0.0 0.0 0.0 0.0 0.0 0.0 0.0 0.0 0.0 0.0 0.0 0.0 0.0 0.0 0.0 0.0 0.0 0.0 0.0 0.0 0.0 0.0 0.0 0.0 0.0 0.0 0.0 0.0 0.0 0.0 0.0 0.0 0.0 0.0 0.0 0.0 0.0 0.0 0.0 0.0 0.0 0.0 0.0 0.0 0.0 0.0 0.0 0.0 0.0 0.0 0.0 0.0 0.0 0.0 0.0 0.0 
0.0 0.0 0.0 0.0 0.0 0.0 0.0 0.0 0.0 0.0 0.0 0.0 0.0 0.0 0.0 0.0 0.0 0.0 0.0 0.0 0.0 0.0 0.0 0.0 0.0 0.0 0.0 0.0 0.0 0.0 0.0 0.0 0.0 0.0 0.0 0.0 0.0 0.0 0.0 0.0 0.0 0.0 0.0 0.0 0.0 0.0 0.0 0.0 0.0 0.0 0.0 0.0 0.0 0.0 0.0 0.0 0.0 0.0 0.0 0.0 0.0 0.0 0.0 0.0 0.0 0.0 0.0 0.0 0.0 0.0 0.0 0.0 0.0 0.0 0.0 0.0 0.0 0.0 0.0 0.0 0.0 0.0 0.0 0.0 0.0 0.0 0.0 0.0 0.0 0.0 0.0 0.0 0.0 0.0 0.0 0.0 0.0 0.0 0.0 0.0 0.0 0.0 0.0 0.0 0.0 0.0 0.0 0.0 0.0 0.0 0.0 0.0 0.0 0.0 0.0 0.0 0.0 0.0 0.0 0.0 0.0 0.0 0.0 0.0 0.0 0.0 0.0 0.0 0.0 0.0 
0.0 0.0 0.0 0.0 0.0 0.0 0.0 0.0 0.0 0.0 0.0 0.0 0.0 0.0 0.0 0.0 0.0 0.0 0.0 0.0 0.0 0.0 0.0 0.0 0.0 0.0 0.0 0.0 0.0 0.0 0.0 0.0 0.0 0.0 0.0 0.0 0.0 0.0 0.0 0.0 0.0 0.0 0.0 0.0 0.0 0.0 0.0 0.0 0.0 0.0 0.0 0.0 0.0 0.0 0.0 0.0 0.0 0.0 0.0 0.0 0.0 0.0 0.0 0.0 0.0 0.0 0.0 0.0 0.0 0.0 0.0 0.0 0.0 0.0 0.0 0.0 0.0 0.0 0.0 0.0 0.0 0.0 0.0 0.0 0.0 0.0 0.0 0.0 0.0 0.0 0.0 0.0 0.0 0.0 0.0 0.0 0.0 0.0 0.0 0.0 0.0 0.0 0.0 0.0 0.0 0.0 0.0 0.0 0.0 0.0 0.0 0.0 0.0 0.0 0.0 0.0 0.0 0.0 0.0 0.0 0.0 0.0 0.0 0.0 0.0 0.0 0.0 0.0 0.0 0.0 
0.0 0.0 0.0 0.0 0.0 0.0 0.0 0.0 0.0 0.0 0.0 0.0 0.0 0.0 0.0 0.0 0.0 0.0 0.0 0.0 0.0 0.0 0.0 0.0 0.0 0.0 0.0 0.0 0.0 0.0 0.0 0.0 0.0 0.0 0.0 0.0 0.0 0.0 0.0 0.0 0.0 0.0 0.0 0.0 0.0 0.0 0.0 0.0 0.0 0.0 0.0 0.0 0.0 0.0 0.0 0.0 0.0 0.0 0.0 0.0 0.0 0.0 0.0 0.0 0.0 0.0 0.0 0.0 0.0 0.0 0.0 0.0 0.0 0.0 0.0 0.0 0.0 0.0 0.0 0.0 0.0 0.0 0.0 0.0 0.0 0.0 0.0 0.0 0.0 0.0 0.0 0.0 0.0 0.0 0.0 0.0 0.0 0.0 0.0 0.0 0.0 0.0 0.0 0.0 0.0 0.0 0.0 0.0 0.0 0.0 0.0 0.0 0.0 0.0 0.0 0.0 0.0 0.0 0.0 0.0 0.0 0.0 0.0 0.0 0.0 0.0 0.0 0.0 0.0 0.0 
0.0 0.0 0.0 0.0 0.0 0.0 0.0 0.0 0.0 0.0 0.0 0.0 0.0 0.0 0.0 0.0 0.0 0.0 0.0 0.0 0.0 0.0 0.0 0.0 0.0 0.0 0.0 0.0 0.0 0.0 0.0 0.0 0.0 0.0 0.0 0.0 0.0 0.0 0.0 0.0 0.0 0.0 0.0 0.0 0.0 0.0 0.0 0.0 0.0 0.0 0.0 0.0 0.0 0.0 0.0 0.0 0.0 0.0 0.0 0.0 0.0 0.0 0.0 0.0 0.0 0.0 0.0 0.0 0.0 0.0 0.0 0.0 0.0 0.0 0.0 0.0 0.0 0.0 0.0 0.0 0.0 0.0 0.0 0.0 0.0 0.0 0.0 0.0 0.0 0.0 0.0 0.0 0.0 0.0 0.0 0.0 0.0 0.0 0.0 0.0 0.0 0.0 0.0 0.0 0.0 0.0 0.0 0.0 0.0 0.0 0.0 0.0 0.0 0.0 0.0 0.0 0.0 0.0 0.0 0.0 0.0 0.0 0.0 0.0 0.0 0.0 0.0 0.0 0.0 0.0 
0.0 0.0 0.0 0.0 0.0 0.0 0.0 0.0 0.0 0.0 0.0 0.0 0.0 0.0 0.0 0.0 0.0 0.0 0.0 0.0 0.0 0.0 0.0 0.0 0.0 0.0 0.0 0.0 0.0 0.0 0.0 0.0 0.0 0.0 0.0 0.0 0.0 0.0 0.0 0.0 0.0 0.0 0.0 0.0 0.0 0.0 0.0 0.0 0.0 0.0 0.0 0.0 0.0 0.0 0.0 0.0 0.0 0.0 0.0 0.0 0.0 0.0 0.0 0.0 0.0 0.0 0.0 0.0 0.0 0.0 0.0 0.0 0.0 0.0 0.0 0.0 0.0 0.0 0.0 0.0 0.0 0.0 0.0 0.0 0.0 0.0 0.0 0.0 0.0 0.0 0.0 0.0 0.0 0.0 0.0 0.0 0.0 0.0 0.0 0.0 0.0 0.0 0.0 0.0 0.0 0.0 0.0 0.0 0.0 0.0 0.0 0.0 0.0 0.0 0.0 0.0 0.0 0.0 0.0 0.0 0.0 0.0 0.0 0.0 0.0 0.0 0.0 0.0 0.0 0.0 
0.0 0.0 0.0 0.0 0.0 0.0 0.0 0.0 0.0 0.0 0.0 0.0 0.0 0.0 0.0 0.0 0.0 0.0 0.0 0.0 0.0 0.0 0.0 0.0 0.0 0.0 0.0 0.0 0.0 0.0 0.0 0.0 0.0 0.0 0.0 0.0 0.0 0.0 0.0 0.0 0.0 0.0 0.0 0.0 0.0 0.0 0.0 0.0 0.0 0.0 0.0 0.0 0.0 0.0 0.0 0.0 0.0 0.0 0.0 0.0 0.0 0.0 0.0 0.0 0.0 0.0 0.0 0.0 0.0 0.0 0.0 0.0 0.0 0.0 0.0 0.0 0.0 0.0 0.0 0.0 0.0 0.0 0.0 0.0 0.0 0.0 0.0 0.0 0.0 0.0 0.0 0.0 0.0 0.0 0.0 0.0 0.0 0.0 0.0 0.0 0.0 0.0 0.0 0.0 0.0 0.0 0.0 0.0 0.0 0.0 0.0 0.0 0.0 0.0 0.0 0.0 0.0 0.0 0.0 0.0 0.0 0.0 0.0 0.0 0.0 0.0 0.0 0.0 0.0 0.0 
0.0 0.0 0.0 0.0 0.0 0.0 0.0 0.0 0.0 0.0 0.0 0.0 0.0 0.0 0.0 0.0 0.0 0.0 0.0 0.0 0.0 0.0 0.0 0.0 0.0 0.0 0.0 0.0 0.0 0.0 0.0 0.0 0.0 0.0 0.0 0.0 0.0 0.0 0.0 0.0 0.0 0.0 0.0 0.0 0.0 0.0 0.0 0.0 0.0 0.0 0.0 0.0 0.0 0.0 0.0 0.0 0.0 0.0 0.0 0.0 0.0 0.0 0.0 0.0 0.0 0.0 0.0 0.0 0.0 0.0 0.0 0.0 0.0 0.0 0.0 0.0 0.0 0.0 0.0 0.0 0.0 0.0 0.0 0.0 0.0 0.0 0.0 0.0 0.0 0.0 0.0 0.0 0.0 0.0 0.0 0.0 0.0 0.0 0.0 0.0 0.0 0.0 0.0 0.0 0.0 0.0 0.0 0.0 0.0 0.0 0.0 0.0 0.0 0.0 0.0 0.0 0.0 0.0 0.0 0.0 0.0 0.0 0.0 0.0 0.0 0.0 0.0 0.0 0.0 0.0 
0.0 0.0 0.0 0.0 0.0 0.0 0.0 0.0 0.0 0.0 0.0 0.0 0.0 0.0 0.0 0.0 0.0 0.0 0.0 0.0 0.0 0.0 0.0 0.0 0.0 0.0 0.0 0.0 0.0 0.0 0.0 0.0 0.0 0.0 0.0 0.0 0.0 0.0 0.0 0.0 0.0 0.0 0.0 0.0 0.0 0.0 0.0 0.0 0.0 0.0 0.0 0.0 0.0 0.0 0.0 0.0 0.0 0.0 0.0 0.0 0.0 0.0 0.0 0.0 0.0 0.0 0.0 0.0 0.0 0.0 0.0 0.0 0.0 0.0 0.0 0.0 0.0 0.0 0.0 0.0 0.0 0.0 0.0 0.0 0.0 0.0 0.0 0.0 0.0 0.0 0.0 0.0 0.0 0.0 0.0 0.0 0.0 0.0 0.0 0.0 0.0 0.0 0.0 0.0 0.0 0.0 0.0 0.0 0.0 0.0 0.0 0.0 0.0 0.0 0.0 0.0 0.0 0.0 0.0 0.0 0.0 0.0 0.0 0.0 0.0 0.0 0.0 0.0 0.0 0.0 
0.0 0.0 0.0 0.0 0.0 0.0 0.0 0.0 0.0 0.0 0.0 0.0 0.0 0.0 0.0 0.0 0.0 0.0 0.0 0.0 0.0 0.0 0.0 0.0 0.0 0.0 0.0 0.0 0.0 0.0 0.0 0.0 0.0 0.0 0.0 0.0 0.0 0.0 0.0 0.0 0.0 0.0 0.0 0.0 0.0 0.0 0.0 0.0 0.0 0.0 0.0 0.0 0.0 0.0 0.0 0.0 0.0 0.0 0.0 0.0 0.0 0.0 0.0 0.0 0.0 0.0 0.0 0.0 0.0 0.0 0.0 0.0 0.0 0.0 0.0 0.0 0.0 0.0 0.0 0.0 0.0 0.0 0.0 0.0 0.0 0.0 0.0 0.0 0.0 0.0 0.0 0.0 0.0 0.0 0.0 0.0 0.0 0.0 0.0 0.0 0.0 0.0 0.0 0.0 0.0 0.0 0.0 0.0 0.0 0.0 0.0 0.0 0.0 0.0 0.0 0.0 0.0 0.0 0.0 0.0 0.0 0.0 0.0 0.0 0.0 0.0 0.0 0.0 0.0 0.0 
0.0 0.0 0.0 0.0 0.0 0.0 0.0 0.0 0.0 0.0 0.0 0.0 0.0 0.0 0.0 0.0 0.0 0.0 0.0 0.0 0.0 0.0 0.0 0.0 0.0 0.0 0.0 0.0 3.794297 5.409133 5.080492 6.276364 8.593826 10.108465 10.279082 9.541008 9.594285 10.704901 7.632734 5.939633 9.238042 9.177358 6.961968 9.463136 12.527941 15.91443 16.697767 14.653066 16.362889 15.609855 17.541852 18.280111 21.371574 22.091216 22.620767 0.0 0.0 0.0 0.0 17.912321 14.783549 16.418806 17.652253 14.268864 12.755709 16.034544 16.026427 12.663886 14.15181 17.179118 15.673146 14.10158 17.448244 19.43435 17.706713 17.128074 14.271443 15.367395 12.734336 10.446367 11.416719 10.657184 14.188954 0.0 0.0 0.0 0.0 0.0 0.0 0.0 0.0 0.0 11.282419 9.970154 12.265405 11.398062 13.402702 12.632006 15.592097 17.059817 20.501335 21.449716 20.583655 18.069107 16.058327 15.043668 11.814651 11.996317 9.442682 11.028432 10.501631 13.556081 14.333842 15.748476 17.701847 16.165409 12.512115 10.261453 9.604039 9.071985 0.0 0.0 0.0 0.0 0.0 0.0 0.0 0.0 0.0 0.0 
0.0 0.0 0.0 0.0 0.0 0.0 0.0 0.0 0.0 0.0 0.0 0.0 0.0 0.0 0.0 0.0 0.0 0.0 0.0 0.0 0.0 0.0 0.0 0.0 0.0 0.0 0.0 3.794297 0.0 3.836906 5.451462 5.234324 6.14245 8.857062 9.840729 10.299956 11.440818 13.080531 10.090907 9.010284 12.618472 12.861082 10.742418 13.010577 16.011708 19.438034 19.846211 17.392172 18.4869 17.249185 18.481311 18.779969 21.389414 22.352486 23.461811 0.0 0.0 0.0 0.0 21.073891 18.116684 19.577131 20.41834 16.874295 15.408702 18.259459 17.804657 14.153601 15.52874 18.185333 16.109033 14.152309 17.610859 19.261472 16.869584 15.984986 12.629425 12.931517 9.798548 7.273533 7.873001 7.603139 11.359931 0.0 0.0 0.0 0.0 0.0 0.0 0.0 0.0 0.0 11.599751 9.168301 10.77151 9.077934 10.798345 10.296591 13.017365 15.048639 18.616618 19.778758 18.462411 15.849359 14.397064 13.437289 10.872197 11.672822 10.145816 12.412893 12.660631 16.023605 16.983269 18.908972 20.845631 18.878899 15.459563 13.036459 12.883682 11.967695 0.0 0.0 0.0 0.0 0.0 0.0 0.0 0.0 0.0 0.0 
0.0 0.0 0.0 0.0 0.0 0.0 0.0 0.0 0.0 0.0 0.0 0.0 0.0 0.0 0.0 0.0 0.0 0.0 0.0 0.0 0.0 0.0 0.0 0.0 0.0 0.0 0.0 5.409133 3.836906 0.0 3.78408 5.510496 5.074135 6.514044 8.627894 8.472566 10.590811 11.576102 8.432285 8.895262 12.425125 12.684723 11.669102 14.274013 17.628681 20.784426 21.652944 19.453996 20.922708 19.488627 20.990851 20.887392 23.544135 24.942814 25.798354 0.0 0.0 0.0 0.0 22.237385 18.959108 19.800323 21.002826 17.815411 15.587737 18.163603 18.311776 14.586494 14.997863 17.955429 16.384698 13.717266 16.697719 18.908014 16.645966 14.994044 11.779543 11.881267 9.341375 8.25682 9.770379 10.624907 14.420162 0.0 0.0 0.0 0.0 0.0 0.0 0.0 0.0 0.0 15.344139 13.004038 14.408709 12.209984 13.083714 11.678655 13.548621 14.984097 18.129746 19.952915 19.113015 17.119878 16.227511 16.037889 13.773957 15.102212 13.548755 15.823225 15.720461 18.839406 19.385943 20.796672 22.327129 20.511411 16.974032 15.218694 14.917155 14.409403 0.0 0.0 0.0 0.0 0.0 0.0 0.0 0.0 0.0 0.0 
0.0 0.0 0.0 0.0 0.0 0.0 0.0 0.0 0.0 0.0 0.0 0.0 0.0 0.0 0.0 0.0 0.0 0.0 0.0 0.0 0.0 0.0 0.0 0.0 0.0 0.0 0.0 5.080492 5.451462 3.78408 0.0 3.81594 5.450193 5.351374 5.950709 5.064903 6.811347 8.165698 5.604397 5.837588 9.398727 10.568323 9.946385 11.893175 15.504457 18.305448 19.09682 16.888927 18.485487 16.860058 18.678893 18.429489 21.33 22.899425 23.315489 0.0 0.0 0.0 0.0 19.12982 15.866749 16.356808 17.458851 14.417199 11.969278 14.40669 14.717262 11.051551 11.304083 14.425324 13.208118 10.665853 13.601943 16.043374 14.321807 13.016516 10.374622 11.65112 9.898685 9.081533 11.497675 12.377854 16.074667 0.0 0.0 0.0 0.0 0.0 0.0 0.0 0.0 0.0 15.601806 13.613461 14.850957 12.75025 13.345897 11.252813 13.271839 13.923174 16.91131 18.469966 18.201989 16.472296 15.177659 15.37897 12.83889 14.375735 12.620153 15.049483 15.086602 18.208866 19.098874 20.041511 21.867901 20.662363 16.899063 15.031912 13.794544 12.843916 0.0 0.0 0.0 0.0 0.0 0.0 0.0 0.0 0.0 0.0 
0.0 0.0 0.0 0.0 0.0 0.0 0.0 0.0 0.0 0.0 0.0 0.0 0.0 0.0 0.0 0.0 0.0 0.0 0.0 0.0 0.0 0.0 0.0 0.0 0.0 0.0 0.0 6.276364 5.234324 5.510496 3.81594 0.0 3.808127 5.359568 4.863875 6.38504 7.841089 10.511186 8.826574 7.78402 11.399963 13.141683 11.737888 12.898091 16.33 19.182234 19.21415 16.407681 17.225454 15.098075 16.252175 15.67459 18.232483 19.936552 20.775976 0.0 0.0 0.0 0.0 19.417163 16.626038 17.281269 17.575231 14.18572 12.437346 14.492849 13.827753 10.013314 10.982432 13.34314 11.216459 8.957741 12.417954 14.066967 11.80764 11.028488 8.032275 9.45683 7.416243 6.057338 8.861721 10.050926 13.466544 0.0 0.0 0.0 0.0 0.0 0.0 0.0 0.0 0.0 14.229476 11.727979 12.114249 9.586733 9.731579 7.511453 9.880975 10.869706 14.232501 15.37199 14.750829 12.762628 11.393474 11.682384 9.482336 11.62438 10.709639 13.82514 14.811699 18.348637 19.897445 21.297178 23.594432 22.311326 18.628623 16.09162 14.718254 12.869107 0.0 0.0 0.0 0.0 0.0 0.0 0.0 0.0 0.0 0.0 
0.0 0.0 0.0 0.0 0.0 0.0 0.0 0.0 0.0 0.0 0.0 0.0 0.0 0.0 0.0 0.0 0.0 0.0 0.0 0.0 0.0 0.0 0.0 0.0 0.0 0.0 0.0 8.593826 6.14245 5.074135 5.450193 3.808127 0.0 3.877526 5.810779 7.902868 10.593977 12.80164 10.878871 10.895476 14.522184 15.934342 14.805076 16.437021 19.896228 22.824152 22.991078 20.202862 20.920084 18.668092 19.46889 18.547544 20.65419 22.615176 23.799403 0.0 0.0 0.0 0.0 23.153039 20.271126 20.712399 21.093186 17.839159 15.839247 17.577799 17.019726 13.214143 13.51832 15.669274 13.497425 10.592907 13.585972 15.19858 12.374491 10.630061 7.07451 6.986293 4.532481 4.475718 7.545935 9.886317 13.28775 0.0 0.0 0.0 0.0 0.0 0.0 0.0 0.0 0.0 16.523578 13.522267 13.55717 10.366626 9.783743 7.480319 8.660023 9.988313 13.167254 15.064976 14.19969 12.544841 12.283728 12.955205 11.65421 14.122775 13.717955 16.875334 17.846778 21.394938 22.684496 24.26652 26.288409 24.653964 21.057702 18.733236 17.871719 16.337029 0.0 0.0 0.0 0.0 0.0 0.0 0.0 0.0 0.0 0.0 
0.0 0.0 0.0 0.0 0.0 0.0 0.0 0.0 0.0 0.0 0.0 0.0 0.0 0.0 0.0 0.0 0.0 0.0 0.0 0.0 0.0 0.0 0.0 0.0 0.0 0.0 0.0 10.108465 8.857062 6.514044 5.351374 5.359568 3.877526 0.0 3.824433 5.277873 8.798933 10.581531 9.367812 10.3942 13.570273 15.36311 15.145227 16.631377 20.303488 22.814625 23.275017 20.745195 21.807511 19.425483 20.619427 19.398406 21.66837 23.978895 24.667598 0.0 0.0 0.0 0.0 22.702585 19.682618 19.439968 20.012049 17.24089 14.629285 15.884781 15.934162 12.295392 11.516523 13.88613 12.501541 9.007137 11.273488 13.617444 11.386331 8.982082 6.2874 7.082024 6.663215 8.020121 11.364718 13.719675 17.120931 0.0 0.0 0.0 0.0 0.0 0.0 0.0 0.0 0.0 19.42594 16.758939 16.937271 13.853162 12.967592 9.950036 10.389514 10.311785 12.70075 15.053812 15.136893 14.316121 14.200442 15.539059 14.176814 16.783458 16.063587 19.1281 19.822318 23.178451 24.316813 25.34832 27.21586 25.969316 22.227906 20.284536 18.986967 17.598511 0.0 0.0 0.0 0.0 0.0 0.0 0.0 0.0 0.0 0.0 
0.0 0.0 0.0 0.0 0.0 0.0 0.0 0.0 0.0 0.0 0.0 0.0 0.0 0.0 0.0 0.0 0.0 0.0 0.0 0.0 0.0 0.0 0.0 0.0 0.0 0.0 0.0 10.279082 9.840729 8.627894 5.950709 4.863875 5.810779 3.824433 0.0 3.808962 6.328922 9.149357 9.029873 9.112642 11.964115 14.546831 14.239861 14.854762 18.460904 20.646927 20.726422 18.043564 18.895953 16.249413 17.477347 16.060209 18.451179 20.881098 21.275285 0.0 0.0 0.0 0.0 19.816597 17.105134 16.682821 16.773491 14.045008 11.658592 12.536194 12.250938 8.665272 8.018214 10.187493 8.727723 5.361834 8.119253 10.411571 8.627774 7.18945 5.316578 7.976828 8.071284 8.819587 12.411347 14.396702 17.57002 0.0 0.0 0.0 0.0 0.0 0.0 0.0 0.0 0.0 18.690993 16.316761 16.251842 13.435301 12.44512 9.079627 9.978596 9.188845 11.610126 13.22527 13.766507 13.01103 12.279115 13.884192 12.374092 15.119485 14.480127 17.666499 18.6967 22.066516 23.641671 24.491637 26.730308 25.90069 22.097967 19.873455 17.944059 16.006077 0.0 0.0 0.0 0.0 0.0 0.0 0.0 0.0 0.0 0.0 
0.0 0.0 0.0 0.0 0.0 0.0 0.0 0.0 0.0 0.0 0.0 0.0 0.0 0.0 0.0 0.0 0.0 0.0 0.0 0.0 0.0 0.0 0.0 0.0 0.0 0.0 0.0 9.541008 10.299956 8.472566 5.064903 6.38504 7.902868 5.277873 3.808962 0.0 3.817128 5.555222 5.686432 6.776936 9.118792 11.610649 12.125657 12.98465 16.687246 18.660767 19.363777 17.243794 18.830801 16.698468 18.668938 17.739169 20.607529 22.753624 22.629476 0.0 0.0 0.0 0.0 18.181756 15.084522 14.410853 15.259879 12.911382 9.817978 11.110999 11.932546 8.604801 7.308594 10.536947 10.27263 7.32443 9.360237 12.455131 11.625985 10.224026 8.962321 11.359843 11.24606 11.659882 14.918024 16.386366 19.847948 0.0 0.0 0.0 0.0 0.0 0.0 0.0 0.0 0.0 19.324794 17.481547 18.164328 15.832932 15.531023 12.492542 13.725968 12.952485 15.101859 16.741553 17.514114 16.702103 15.606454 16.80561 14.648104 16.762733 15.298478 17.924292 18.228128 21.20816 22.348776 22.681788 24.610943 24.060596 20.224581 18.522684 16.459186 15.117298 0.0 0.0 0.0 0.0 0.0 0.0 0.0 0.0 0.0 0.0 
0.0 0.0 0.0 0.0 0.0 0.0 0.0 0.0 0.0 0.0 0.0 0.0 0.0 0.0 0.0 0.0 0.0 0.0 0.0 0.0 0.0 0.0 0.0 0.0 0.0 0.0 0.0 9.594285 11.440818 10.590811 6.811347 7.841089 10.593977 8.798933 6.328922 3.817128 0.0 3.784119 5.346893 4.887317 6.218909 9.502317 10.080079 10.025896 13.595814 15.200377 15.83367 13.89832 15.739947 13.868657 16.340293 15.804622 19.061157 20.885727 20.254156 0.0 0.0 0.0 0.0 14.394163 11.359304 10.664437 11.519417 9.228915 6.017799 7.784495 8.904512 5.920342 5.217931 8.894235 9.172297 7.552366 9.641124 12.533586 12.499218 12.182018 11.396559 14.30529 13.988823 13.676231 16.677088 17.480014 20.778945 0.0 0.0 0.0 0.0 0.0 0.0 0.0 0.0 0.0 18.343526 17.143823 18.056438 16.38836 16.541215 13.802564 15.654212 14.849291 17.079633 17.98698 18.872137 17.825893 15.993712 16.855448 14.219085 15.811297 13.945152 16.171631 16.356987 19.058644 20.390891 20.365129 22.525241 22.465633 18.668298 16.922868 14.265302 12.73421 0.0 0.0 0.0 0.0 0.0 0.0 0.0 0.0 0.0 0.0 
0.0 0.0 0.0 0.0 0.0 0.0 0.0 0.0 0.0 0.0 0.0 0.0 0.0 0.0 0.0 0.0 0.0 0.0 0.0 0.0 0.0 0.0 0.0 0.0 0.0 0.0 0.0 10.704901 13.080531 11.576102 8.165698 10.511186 12.80164 10.581531 9.149357 5.555222 3.784119 0.0 3.814932 5.40164 5.177129 7.812286 9.779639 10.28334 13.71005 14.995326 16.4892 15.355555 17.855323 16.570329 19.438513 19.212572 22.598745 24.252881 23.342205 0.0 0.0 0.0 0.0 14.804886 11.388452 10.303427 12.274548 10.797232 7.11974 9.026266 11.323131 9.133948 7.761941 11.531467 12.593781 10.886955 12.231919 15.54187 15.80506 15.03077 14.331048 16.911245 16.59898 16.435869 19.273569 19.947896 23.449631 0.0 0.0 0.0 0.0 0.0 0.0 0.0 0.0 0.0 20.360178 19.481287 20.905623 19.401816 19.83213 17.183776 18.926264 18.120434 20.145781 21.388035 22.391164 21.427346 19.703838 20.431152 17.613053 18.845417 16.510881 18.184303 17.615124 19.810304 20.506597 19.919745 21.545907 21.722913 17.999876 17.021827 14.511956 13.91362 0.0 0.0 0.0 0.0 0.0 0.0 0.0 0.0 0.0 0.0 
0.0 0.0 0.0 0.0 0.0 0.0 0.0 0.0 0.0 0.0 0.0 0.0 0.0 0.0 0.0 0.0 0.0 0.0 0.0 0.0 0.0 0.0 0.0 0.0 0.0 0.0 0.0 7.632734 10.090907 8.432285 5.604397 8.826574 10.878871 9.367812 9.029873 5.686432 5.346893 3.814932 0.0 3.829683 5.378315 6.467498 7.874115 9.722711 13.292099 15.389183 17.055346 15.804207 18.332972 17.307203 20.022544 20.124801 23.498597 24.899062 24.453943 0.0 0.0 0.0 0.0 16.381399 12.747295 12.698556 14.787358 12.618161 9.436148 12.121736 13.781781 10.948676 10.454159 14.198129 14.38353 12.325012 14.407146 17.516371 16.972467 15.879083 14.275868 16.21811 15.168894 14.604853 16.999938 17.428096 21.078033 0.0 0.0 0.0 0.0 0.0 0.0 0.0 0.0 0.0 18.191436 17.199957 19.006008 17.560501 18.422226 16.195944 18.200963 18.122637 20.621345 22.070245 22.480758 21.065884 19.392614 19.647197 16.664358 17.63472 15.094063 16.649808 15.770823 18.073659 18.436636 18.266389 19.694181 19.300911 15.525658 14.593587 12.750577 12.632954 0.0 0.0 0.0 0.0 0.0 0.0 0.0 0.0 0.0 0.0 
0.0 0.0 0.0 0.0 0.0 0.0 0.0 0.0 0.0 0.0 0.0 0.0 0.0 0.0 0.0 0.0 0.0 0.0 0.0 0.0 0.0 0.0 0.0 0.0 0.0 0.0 0.0 5.939633 9.010284 8.895262 5.837588 7.78402 10.895476 10.3942 9.112642 6.776936 4.887317 5.40164 3.829683 0.0 3.742459 5.649075 5.401759 6.532749 10.248532 12.674401 13.833162 12.229744 14.633084 13.753597 16.526858 17.015684 20.524218 21.571977 21.135564 0.0 0.0 0.0 0.0 13.67676 10.214916 10.995436 12.614803 9.816089 7.402379 10.747366 11.684569 8.827085 9.680864 13.154983 12.838864 11.604373 14.291813 16.824663 16.246199 15.950728 14.224789 16.473353 15.038872 13.70364 15.82984 15.696335 19.097582 0.0 0.0 0.0 0.0 0.0 0.0 0.0 0.0 0.0 15.034678 14.370135 16.20785 15.267918 16.511838 14.685624 17.298001 17.511237 20.368863 21.189429 21.331079 19.503948 17.268174 17.081538 13.775674 14.333769 11.601986 13.061392 12.421834 14.911856 15.828713 15.927789 17.964163 17.655464 13.837334 12.185739 9.835785 9.050506 0.0 0.0 0.0 0.0 0.0 0.0 0.0 0.0 0.0 0.0 
0.0 0.0 0.0 0.0 0.0 0.0 0.0 0.0 0.0 0.0 0.0 0.0 0.0 0.0 0.0 0.0 0.0 0.0 0.0 0.0 0.0 0.0 0.0 0.0 0.0 0.0 0.0 9.238042 12.618472 12.425125 9.398727 11.399963 14.522184 13.570273 11.964115 9.118792 6.218909 5.177129 5.378315 3.742459 0.0 3.831982 5.357541 5.295812 8.598912 10.159908 11.94859 11.243984 14.28889 13.974521 17.283192 18.052803 21.762636 22.608095 21.544934 0.0 0.0 0.0 0.0 11.169272 7.457964 7.97492 10.410118 8.479375 5.919544 9.460208 11.272749 9.500547 10.069908 13.525968 14.093685 13.439475 15.532999 18.200867 18.352789 18.322678 17.156214 19.715244 18.590853 17.367593 19.508042 19.189531 22.467798 0.0 0.0 0.0 0.0 0.0 0.0 0.0 0.0 0.0 17.099468 17.094411 19.099741 18.552319 19.867549 18.009593 20.592074 20.444909 23.031172 23.668154 24.164409 22.509515 20.065302 19.90449 16.493739 16.688236 13.700074 14.464327 13.332209 15.049342 15.725274 14.931087 16.816834 17.290423 13.658872 12.628393 9.730834 9.473154 0.0 0.0 0.0 0.0 0.0 0.0 0.0 0.0 0.0 0.0 
0.0 0.0 0.0 0.0 0.0 0.0 0.0 0.0 0.0 0.0 0.0 0.0 0.0 0.0 0.0 0.0 0.0 0.0 0.0 0.0 0.0 0.0 0.0 0.0 0.0 0.0 0.0 9.177358 12.861082 12.684723 10.568323 13.141683 15.934342 15.36311 14.546831 11.610649 9.502317 7.812286 6.467498 5.649075 3.831982 0.0 3.817948 5.707425 8.253965 10.215474 12.801507 12.760963 16.106701 16.468559 19.789223 21.004513 24.73354 25.222365 24.307696 0.0 0.0 0.0 0.0 12.949969 9.275326 10.52069 13.41289 11.632096 9.59937 13.178738 14.98094 13.161257 13.822573 17.332508 17.715463 16.840036 19.079803 21.813691 21.665529 21.356376 19.765418 21.876523 20.304567 18.804531 20.427313 19.681146 23.004736 0.0 0.0 0.0 0.0 0.0 0.0 0.0 0.0 0.0 16.92057 17.305412 19.921696 19.724119 21.548544 20.114515 22.858202 23.153401 25.949232 26.772574 26.952892 25.017375 22.582786 21.980268 18.38657 18.050453 14.678109 14.722634 12.674751 13.779895 13.563454 12.495996 13.775652 14.142508 10.585008 10.407751 8.225763 9.487519 0.0 0.0 0.0 0.0 0.0 0.0 0.0 0.0 0.0 0.0 
0.0 0.0 0.0 0.0 0.0 0.0 0.0 0.0 0.0 0.0 0.0 0.0 0.0 0.0 0.0 0.0 0.0 0.0 0.0 0.0 0.0 0.0 0.0 0.0 0.0 0.0 0.0 6.961968 10.742418 11.669102 9.946385 11.737888 14.805076 15.145227 14.239861 12.125657 10.080079 9.779639 7.874115 5.401759 5.357541 3.817948 0.0 3.850782 6.522642 9.637638 11.469194 10.811417 13.818463 14.354616 17.41374 18.982627 22.639086 22.786522 22.242096 0.0 0.0 0.0 0.0 12.768183 9.455979 11.712081 13.82827 11.218556 10.098671 13.959536 14.823474 12.708407 14.322692 17.542932 17.166684 16.577236 19.391211 21.637776 21.064047 21.081445 19.096758 21.059738 19.011136 16.906446 18.053245 16.799952 19.887416 0.0 0.0 0.0 0.0 0.0 0.0 0.0 0.0 0.0 13.127931 13.733938 16.519944 16.760582 18.999569 18.113707 21.243336 22.032372 25.182204 25.693356 25.417017 23.065648 20.389191 19.277684 15.544946 14.739278 11.214127 11.015974 8.948921 10.472104 10.749112 10.583216 12.590524 12.416467 8.665943 7.323321 4.960833 6.019296 0.0 0.0 0.0 0.0 0.0 0.0 0.0 0.0 0.0 0.0 
0.0 0.0 0.0 0.0 0.0 0.0 0.0 0.0 0.0 0.0 0.0 0.0 0.0 0.0 0.0 0.0 0.0 0.0 0.0 0.0 0.0 0.0 0.0 0.0 0.0 0.0 0.0 9.463136 13.010577 14.274013 11.893175 12.898091 16.437021 16.631377 14.854762 12.98465 10.025896 10.28334 9.722711 6.532749 5.295812 5.707425 3.850782 0.0 3.727895 6.5244 7.844868 7.194294 10.495843 11.321706 14.723047 16.526176 20.303283 20.255767 19.24716 0.0 0.0 0.0 0.0 9.046319 6.006052 8.857762 10.538472 7.98847 7.868128 11.676829 12.279924 10.949933 13.079931 15.8466 15.676118 15.924992 18.581299 20.483153 20.400903 21.056708 19.552018 22.017003 20.280894 18.158871 19.527094 18.259694 21.020456 0.0 0.0 0.0 0.0 0.0 0.0 0.0 0.0 0.0 13.470105 14.459829 16.814145 17.340135 19.406807 18.453546 21.673882 22.133561 25.142384 25.147258 25.104555 22.844139 19.809326 18.75743 15.010517 14.052328 10.635003 10.269111 8.778044 10.103888 11.314292 10.769439 13.460707 14.079825 10.720348 8.961419 5.339178 4.777644 0.0 0.0 0.0 0.0 0.0 0.0 0.0 0.0 0.0 0.0 
0.0 0.0 0.0 0.0 0.0 0.0 0.0 0.0 0.0 0.0 0.0 0.0 0.0 0.0 0.0 0.0 0.0 0.0 0.0 0.0 0.0 0.0 0.0 0.0 0.0 0.0 0.0 12.527941 16.011708 17.628681 15.504457 16.33 19.896228 20.303488 18.460904 16.687246 13.595814 13.71005 13.292099 10.248532 8.598912 8.253965 6.522642 3.727895 0.0 3.76849 5.380986 6.216985 9.790117 11.820061 15.260786 17.706211 21.430475 20.754867 19.468094 0.0 0.0 0.0 0.0 8.040289 6.165858 9.800221 11.321209 9.436659 10.403305 13.885317 14.328174 13.727968 16.110532 18.515491 18.417393 19.152073 21.733727 23.379458 23.474805 24.437633 22.998257 25.484077 23.627828 21.249429 22.26454 20.543696 22.933588 0.0 0.0 0.0 0.0 0.0 0.0 0.0 0.0 0.0 13.952311 15.803978 18.322816 19.521837 21.900531 21.348989 24.740046 25.315979 28.360157 28.060199 27.922408 25.503421 22.217276 20.792336 17.02623 15.369379 11.921897 10.409118 8.400505 8.354125 9.572649 8.394817 11.435651 12.767899 10.123293 8.665131 5.047176 5.266656 0.0 0.0 0.0 0.0 0.0 0.0 0.0 0.0 0.0 0.0 
0.0 0.0 0.0 0.0 0.0 0.0 0.0 0.0 0.0 0.0 0.0 0.0 0.0 0.0 0.0 0.0 0.0 0.0 0.0 0.0 0.0 0.0 0.0 0.0 0.0 0.0 0.0 15.91443 19.438034 20.784426 18.305448 19.182234 22.824152 22.814625 20.646927 18.660767 15.200377 14.995326 15.389183 12.674401 10.159908 10.215474 9.637638 6.5244 3.76849 0.0 3.835577 6.646666 10.300602 12.646612 16.277733 18.705423 22.413773 21.670204 19.747344 0.0 0.0 0.0 0.0 5.611175 4.932027 8.372978 9.942833 9.370355 10.780798 13.64016 14.436469 14.785871 16.892179 18.986444 19.48652 20.626747 22.73858 24.355875 25.013789 26.19966 25.22192 28.007202 26.4923 24.341271 25.617891 24.057211 26.39519 0.0 0.0 0.0 0.0 0.0 0.0 0.0 0.0 0.0 17.35314 19.291731 21.567579 22.742214 24.882165 24.093666 27.347617 27.532856 30.305635 29.837289 30.055889 27.893423 24.545008 23.374833 19.742598 18.210621 15.019467 13.531333 11.818927 11.204555 12.259462 10.211055 12.868038 15.05592 12.915333 12.079484 8.690567 8.798381 0.0 0.0 0.0 0.0 0.0 0.0 0.0 0.0 0.0 0.0 
0.0 0.0 0.0 0.0 0.0 0.0 0.0 0.0 0.0 0.0 0.0 0.0 0.0 0.0 0.0 0.0 0.0 0.0 0.0 0.0 0.0 0.0 0.0 0.0 0.0 0.0 0.0 16.697767 19.846211 21.652944 19.09682 19.21415 22.991078 23.275017 20.726422 19.363777 15.83367 16.4892 17.055346 13.833162 11.94859 12.801507 11.469194 7.844868 5.380986 3.835577 0.0 3.772049 6.878642 9.704729 13.146325 15.866579 19.416164 18.333956 16.289649 0.0 0.0 0.0 0.0 4.652312 5.829317 9.258996 9.285778 8.383214 11.002948 13.421364 13.252745 13.996948 16.70203 18.154414 18.282083 20.021286 22.228437 23.266155 23.947293 25.635374 24.783734 27.6812 26.206717 23.904728 25.099647 23.463244 25.400966 0.0 0.0 0.0 0.0 0.0 0.0 0.0 0.0 0.0 16.344157 18.358571 20.151221 21.574467 23.608917 23.039666 26.356293 26.555015 29.314604 28.379972 28.507648 26.291904 22.746031 21.461427 18.036533 16.342111 13.613068 12.159836 11.407004 11.152534 13.259333 12.059551 15.282688 17.140362 15.061434 13.373816 9.904231 8.632855 0.0 0.0 0.0 0.0 0.0 0.0 0.0 0.0 0.0 0.0 
0.0 0.0 0.0 0.0 0.0 0.0 0.0 0.0 0.0 0.0 0.0 0.0 0.0 0.0 0.0 0.0 0.0 0.0 0.0 0.0 0.0 0.0 0.0 0.0 0.0 0.0 0.0 14.653066 17.392172 19.453996 16.888927 16.407681 20.202862 20.745195 18.043564 17.243794 13.89832 15.355555 15.804207 12.229744 11.243984 12.760963 10.811417 7.194294 6.216985 6.646666 3.772049 0.0 3.812852 6.174058 9.667375 12.363479 15.972272 15.054484 13.38981 0.0 0.0 0.0 0.0 6.112113 6.517833 9.673186 8.869687 6.620159 9.595212 12.025765 11.006842 11.334915 14.541667 15.769307 15.309687 17.169827 19.66006 20.385074 20.778746 22.635984 21.699679 24.566841 23.084019 20.727906 21.944242 20.43328 22.253778 0.0 0.0 0.0 0.0 0.0 0.0 0.0 0.0 0.0 13.95633 15.543175 16.916935 18.201728 20.06629 19.547576 22.881025 23.165401 25.99854 24.920114 24.89403 22.610997 19.023466 17.739846 14.395646 12.876232 10.446803 9.667661 9.945446 10.892965 13.688695 13.479378 16.983216 18.103687 15.587221 13.108599 9.583029 6.960135 0.0 0.0 0.0 0.0 0.0 0.0 0.0 0.0 0.0 0.0 
0.0 0.0 0.0 0.0 0.0 0.0 0.0 0.0 0.0 0.0 0.0 0.0 0.0 0.0 0.0 0.0 0.0 0.0 0.0 0.0 0.0 0.0 0.0 0.0 0.0 0.0 0.0 16.362889 18.4869 20.922708 18.485487 17.225454 20.920084 21.807511 18.895953 18.830801 15.739947 17.855323 18.332972 14.633084 14.28889 16.106701 13.818463 10.495843 9.790117 10.300602 6.878642 3.812852 0.0 3.811698 6.477316 9.703877 12.97712 11.546317 9.965348 0.0 0.0 0.0 0.0 8.819572 9.929315 12.532205 10.718701 8.406891 11.788033 13.526063 11.470919 12.0112 15.60393 16.054728 15.017538 17.411951 19.958799 19.965002 20.247142 22.592792 21.760748 24.599258 23.165309 20.700923 21.735628 20.192653 21.459094 0.0 0.0 0.0 0.0 0.0 0.0 0.0 0.0 0.0 13.748152 15.216578 15.848244 17.371902 19.031917 18.855147 22.159561 22.520219 25.30395 23.711033 23.496603 21.151345 17.415226 15.972141 13.085668 11.446974 10.018627 9.573958 11.111822 12.418091 15.774441 16.205951 19.892447 20.719964 18.354917 15.424871 12.283477 9.072404 0.0 0.0 0.0 0.0 0.0 0.0 0.0 0.0 0.0 0.0 
0.0 0.0 0.0 0.0 0.0 0.0 0.0 0.0 0.0 0.0 0.0 0.0 0.0 0.0 0.0 0.0 0.0 0.0 0.0 0.0 0.0 0.0 0.0 0.0 0.0 0.0 0.0 15.609855 17.249185 19.488627 16.860058 15.098075 18.668092 19.425483 16.249413 16.698468 13.868657 16.570329 17.307203 13.753597 13.974521 16.468559 14.354616 11.321706 11.820061 12.646612 9.704729 6.174058 3.811698 0.0 3.801675 6.208012 9.805322 9.282499 7.933053 0.0 0.0 0.0 0.0 10.282508 10.828441 12.583817 10.240695 7.459386 10.559561 11.707671 8.905643 9.281912 13.001119 12.976426 11.543033 14.185082 16.700049 16.376348 16.632166 19.19377 18.601309 21.564502 20.46989 18.32037 19.740305 18.754222 20.079926 0.0 0.0 0.0 0.0 0.0 0.0 0.0 0.0 0.0 14.250196 14.775632 14.711337 15.531195 16.541249 15.973817 19.023027 19.097206 21.714803 19.99555 19.945972 17.843129 14.181455 13.284748 10.748562 10.134999 9.477346 10.487024 12.689939 14.854177 18.189789 18.859803 22.470737 22.967683 20.185172 17.064857 13.905162 10.293011 0.0 0.0 0.0 0.0 0.0 0.0 0.0 0.0 0.0 0.0 
0.0 0.0 0.0 0.0 0.0 0.0 0.0 0.0 0.0 0.0 0.0 0.0 0.0 0.0 0.0 0.0 0.0 0.0 0.0 0.0 0.0 0.0 0.0 0.0 0.0 0.0 0.0 17.541852 18.481311 20.990851 18.678893 16.252175 19.46889 20.619427 17.477347 18.668938 16.340293 19.438513 20.022544 16.526858 17.283192 19.789223 17.41374 14.723047 15.260786 16.277733 13.146325 9.667375 6.477316 3.801675 0.0 3.76929 6.611855 5.568263 5.222398 0.0 0.0 0.0 0.0 13.921617 14.626317 16.218576 13.601497 10.967127 13.812811 14.513063 11.180919 11.388819 15.057637 14.360502 12.220262 15.085508 17.611427 16.501716 16.416015 19.359505 18.801204 21.537612 20.486198 18.29462 19.436878 18.505769 19.187619 0.0 0.0 0.0 0.0 0.0 0.0 0.0 0.0 0.0 14.676378 14.855107 13.889422 14.792319 15.434264 15.318513 18.192399 18.43338 20.965778 18.717876 18.336724 16.166707 12.473875 11.439916 9.817002 9.385624 10.140303 11.565864 14.539798 16.926908 20.507576 21.672187 25.369991 25.559632 22.887841 19.485254 16.719294 12.964108 0.0 0.0 0.0 0.0 0.0 0.0 0.0 0.0 0.0 0.0 
0.0 0.0 0.0 0.0 0.0 0.0 0.0 0.0 0.0 0.0 0.0 0.0 0.0 0.0 0.0 0.0 0.0 0.0 0.0 0.0 0.0 0.0 0.0 0.0 0.0 0.0 0.0 18.280111 18.779969 20.887392 18.429489 15.67459 18.547544 19.398406 16.060209 17.739169 15.804622 19.212572 20.124801 17.015684 18.052803 21.004513 18.982627 16.526176 17.706211 18.705423 15.866579 12.363479 9.703877 6.208012 3.76929 0.0 3.833408 5.279552 5.38633 0.0 0.0 0.0 0.0 15.762368 16.190892 17.029908 14.16374 11.70246 13.977531 13.894779 10.202847 10.395732 13.645015 12.219369 9.746832 12.885869 15.068926 13.394698 13.403832 16.670899 16.597961 19.455187 18.966775 17.334952 18.941767 18.731695 19.477421 0.0 0.0 0.0 0.0 0.0 0.0 0.0 0.0 0.0 16.939634 16.340565 14.805827 14.799446 14.49427 13.797522 16.090364 15.800092 17.925726 15.412968 15.388882 13.755757 10.370567 10.430959 9.715369 10.676636 11.988443 14.246202 17.276171 20.017596 23.464709 24.600669 28.198826 28.276207 25.326453 21.948306 19.134781 15.359468 0.0 0.0 0.0 0.0 0.0 0.0 0.0 0.0 0.0 0.0 
0.0 0.0 0.0 0.0 0.0 0.0 0.0 0.0 0.0 0.0 0.0 0.0 0.0 0.0 0.0 0.0 0.0 0.0 0.0 0.0 0.0 0.0 0.0 0.0 0.0 0.0 0.0 21.371574 21.389414 23.544135 21.33 18.232483 20.65419 21.66837 18.451179 20.607529 19.061157 22.598745 23.498597 20.524218 21.762636 24.73354 22.639086 20.303283 21.430475 22.413773 19.416164 15.972272 12.97712 9.805322 6.611855 3.833408 0.0 3.87987 5.538664 0.0 0.0 0.0 0.0 19.338674 19.96973 20.677735 17.632347 15.426563 17.612152 17.162494 13.397191 13.66579 16.550698 14.573236 11.912465 15.009121 16.844294 14.411228 14.256429 17.786125 17.962819 20.526328 20.284912 18.855575 20.255277 20.246523 20.408633 0.0 0.0 0.0 0.0 0.0 0.0 0.0 0.0 0.0 19.240272 18.395922 16.198131 16.09853 15.237112 14.855389 16.595422 16.260824 17.961886 14.84803 14.658168 13.353946 10.44896 10.810987 11.393392 12.602199 14.7121 17.042686 20.364981 23.134077 26.691819 28.053724 31.700149 31.64445 28.777438 25.278484 22.663663 18.860198 0.0 0.0 0.0 0.0 0.0 0.0 0.0 0.0 0.0 0.0 
