0.000000000000000000e+00 3.806121000000000087e+00 7.074538000000000437e+00 8.938014000000000792e+00 1.233306699999999978e+01 1.457810699999999926e+01 1.280159300000000044e+01 1.263330200000000048e+01 1.614822900000000061e+01 1.767588900000000152e+01 1.665600999999999843e+01 1.799922799999999867e+01 2.106878999999999991e+01 2.190447400000000044e+01 2.176309600000000088e+01 2.394041599999999903e+01 2.636306599999999989e+01 2.655352900000000105e+01 2.748917499999999947e+01 3.004492899999999977e+01 3.147310299999999827e+01 3.202951199999999687e+01 3.368530700000000166e+01 3.578429599999999766e+01 3.608408000000000015e+01 3.477399499999999932e+01 3.785242499999999666e+01 3.759299500000000194e+01 3.407606400000000235e+01 3.510291699999999793e+01 3.799905199999999894e+01 3.557431900000000269e+01 3.268525300000000300e+01 3.443303399999999925e+01 3.545835499999999740e+01 3.879038500000000056e+01 4.133130299999999835e+01 4.435457099999999997e+01 4.567669999999999675e+01 4.546327399999999841e+01 4.166154399999999924e+01 4.123272800000000160e+01 4.025626499999999908e+01 3.759053699999999765e+01 3.495214099999999746e+01 3.185347499999999954e+01 3.327357700000000307e+01 3.265272099999999966e+01 2.891279700000000119e+01 2.858812500000000156e+01 2.987894199999999856e+01 2.639715400000000045e+01 2.523485900000000015e+01 2.778074099999999902e+01 2.753627499999999984e+01 3.053973999999999833e+01 2.949245099999999908e+01 2.678688199999999853e+01 2.635089800000000082e+01 2.621962999999999866e+01 2.331286899999999918e+01 2.144784200000000141e+01 2.145720299999999980e+01 2.104009999999999891e+01 1.784611599999999854e+01 1.644348199999999949e+01 1.722030699999999825e+01 1.606913399999999825e+01 1.258924400000000077e+01 1.238644700000000043e+01 1.448058699999999988e+01 1.397572399999999959e+01 1.017902499999999932e+01 1.081040699999999966e+01 1.360824900000000071e+01 1.197383199999999981e+01 9.146171999999999969e+00 1.187013600000000046e+01 1.495612400000000086e+01 1.443698799999999949e+01
3.806121000000000087e+00 0.000000000000000000e+00 3.805935999999999986e+00 6.367182999999999815e+00 9.418907000000000806e+00 1.162207599999999985e+01 9.646178000000000807e+00 8.960335000000000605e+00 1.253126999999999924e+01 1.413011099999999942e+01 1.298877200000000087e+01 1.419553100000000079e+01 1.730348899999999901e+01 1.821976199999999935e+01 1.805188400000000115e+01 2.014899600000000035e+01 2.259410000000000096e+01 2.288402100000000061e+01 2.379511199999999960e+01 2.627530300000000096e+01 2.776910700000000176e+01 2.840959799999999902e+01 2.999862200000000101e+01 3.203556300000000334e+01 3.240143100000000231e+01 3.113677600000000112e+01 3.419139499999999998e+01 3.384322000000000230e+01 3.033546700000000129e+01 3.145996799999999993e+01 3.431798200000000065e+01 3.188308999999999926e+01 2.907072099999999892e+01 3.093449299999999980e+01 3.213033500000000231e+01 3.543413499999999772e+01 3.793015799999999871e+01 4.093462000000000245e+01 4.234787299999999988e+01 4.203164300000000253e+01 3.823574099999999731e+01 3.798095500000000158e+01 3.703603100000000126e+01 3.423584300000000269e+01 3.175040399999999963e+01 2.852177199999999857e+01 2.990226600000000090e+01 2.951021400000000128e+01 2.572405900000000045e+01 2.514407599999999832e+01 2.648713199999999901e+01 2.310731499999999983e+01 2.169851999999999848e+01 2.423806400000000139e+01 2.412534199999999984e+01 2.719799700000000087e+01 2.631061100000000152e+01 2.372186999999999912e+01 2.358202299999999951e+01 2.326878900000000172e+01 2.014422599999999974e+01 1.858375200000000049e+01 1.894666899999999998e+01 1.826826399999999850e+01 1.484699499999999972e+01 1.401662999999999926e+01 1.510999200000000009e+01 1.349693599999999982e+01 9.974259999999999238e+00 1.082025600000000054e+01 1.307057200000000030e+01 1.196361399999999975e+01 8.335566000000000031e+00 1.027955799999999975e+01 1.279224100000000064e+01 1.074285199999999918e+01 9.023488999999999649e+00 1.245964799999999961e+01 1.489860700000000016e+01 1.376027599999999929e+01
7.074538000000000437e+00 3.805935999999999986e+00 0.000000000000000000e+00 3.808777000000000079e+00 6.783286999999999622e+00 8.159610000000000696e+00 5.857673000000000130e+00 5.845199000000000034e+00 9.463414999999999466e+00 1.061704899999999974e+01 9.916964000000000112e+00 1.162677700000000058e+01 1.431298899999999996e+01 1.516319599999999923e+01 1.558633000000000024e+01 1.771648199999999918e+01 1.976585800000000148e+01 2.026497300000000124e+01 2.158770799999999923e+01 2.381037099999999995e+01 2.513017699999999977e+01 2.614658100000000118e+01 2.785455500000000129e+01 2.957110300000000080e+01 2.978431700000000149e+01 2.824641700000000100e+01 3.114649999999999963e+01 3.088612699999999833e+01 2.728352800000000045e+01 2.816922599999999832e+01 3.102554900000000160e+01 2.859578899999999990e+01 2.563852599999999882e+01 2.738291800000000009e+01 2.843784899999999993e+01 3.175039800000000056e+01 3.429094099999999656e+01 3.729423100000000346e+01 3.865946300000000235e+01 3.843969200000000086e+01 3.463756999999999664e+01 3.428977900000000290e+01 3.342473700000000036e+01 3.068575900000000090e+01 2.813594300000000104e+01 2.494608799999999960e+01 2.624601600000000090e+01 2.574735300000000038e+01 2.197172399999999826e+01 2.152080700000000135e+01 2.286167800000000128e+01 1.945307499999999834e+01 1.823778400000000133e+01 2.096120200000000011e+01 2.108679199999999909e+01 2.435121699999999834e+01 2.383424899999999980e+01 2.161833100000000130e+01 2.143031300000000172e+01 2.061513599999999968e+01 1.749608800000000031e+01 1.645260299999999987e+01 1.664752400000000065e+01 1.537775599999999976e+01 1.205561600000000055e+01 1.187157999999999980e+01 1.255378600000000056e+01 1.030669199999999996e+01 7.192266000000000048e+00 8.793447000000000457e+00 1.049788200000000060e+01 8.688890000000000668e+00 5.470888999999999669e+00 8.427561000000000746e+00 1.031883499999999998e+01 8.115957999999999117e+00 7.725743999999999723e+00 1.137497699999999945e+01 1.306265999999999927e+01 1.164141599999999954e+01
8.938014000000000792e+00 6.367182999999999815e+00 3.808777000000000079e+00 0.000000000000000000e+00 3.810780999999999974e+00 5.779579000000000022e+00 5.425221999999999767e+00 5.990135000000000431e+00 8.529973999999999279e+00 1.021499000000000024e+01 1.085275099999999959e+01 1.217267999999999972e+01 1.422738299999999967e+01 1.576364700000000063e+01 1.676323100000000110e+01 1.829094100000000012e+01 2.015354800000000068e+01 2.132018499999999861e+01 2.270849499999999921e+01 2.441479500000000158e+01 2.594460099999999869e+01 2.741094299999999961e+01 2.885441499999999948e+01 3.020934400000000153e+01 3.061817399999999978e+01 2.896516099999999838e+01 3.154094699999999918e+01 3.104020999999999830e+01 2.733218700000000112e+01 2.811130299999999949e+01 3.067321000000000097e+01 2.793529699999999849e+01 2.500167199999999923e+01 2.688309699999999935e+01 2.764043699999999859e+01 3.073335499999999954e+01 3.357835500000000195e+01 3.634779199999999832e+01 3.737409199999999743e+01 3.705348800000000153e+01 3.326770599999999689e+01 3.271527100000000132e+01 3.151686700000000130e+01 2.894891099999999895e+01 2.621619199999999950e+01 2.323768899999999960e+01 2.497970499999999916e+01 2.436364899999999878e+01 2.066997800000000041e+01 2.059463500000000025e+01 2.244036699999999840e+01 1.921479400000000126e+01 1.820194700000000054e+01 2.138779500000000056e+01 2.215484700000000018e+01 2.567770399999999853e+01 2.568770999999999916e+01 2.388485199999999864e+01 2.382286300000000168e+01 2.249597699999999989e+01 1.936077099999999973e+01 1.895579499999999840e+01 1.906027900000000130e+01 1.714478300000000033e+01 1.408108400000000060e+01 1.458059599999999989e+01 1.465163399999999960e+01 1.173729699999999987e+01 9.555403000000000091e+00 1.122057399999999916e+01 1.177714899999999965e+01 9.031432999999999822e+00 6.538249000000000422e+00 9.141156999999999755e+00 9.684837999999999170e+00 6.393523000000000067e+00 6.670499000000000400e+00 1.038294400000000017e+01 1.123348200000000041e+01 8.917391000000000290e+00
1.233306699999999978e+01 9.418907000000000806e+00 6.783286999999999622e+00 3.810780999999999974e+00 0.000000000000000000e+00 3.816272000000000109e+00 5.571425999999999767e+00 5.151938000000000351e+00 5.932108000000000381e+00 8.444912000000000418e+00 9.946904999999999220e+00 1.041453100000000020e+01 1.192532300000000056e+01 1.418962199999999996e+01 1.540514699999999948e+01 1.622107899999999958e+01 1.804165400000000119e+01 1.979816900000000146e+01 2.102396799999999999e+01 2.226039600000000007e+01 2.408685799999999944e+01 2.584632699999999872e+01 2.692960199999999915e+01 2.802443699999999893e+01 2.872662000000000049e+01 2.717740300000000175e+01 2.950880400000000137e+01 2.866867299999999830e+01 2.496256800000000098e+01 2.589244400000000113e+01 2.815016999999999925e+01 2.516418000000000177e+01 2.245022300000000115e+01 2.465617500000000106e+01 2.549379499999999865e+01 2.834549000000000163e+01 3.131932700000000125e+01 3.387245800000000173e+01 3.479142800000000335e+01 3.420277200000000306e+01 3.045086399999999927e+01 3.004331799999999930e+01 2.859629299999999930e+01 2.593682099999999835e+01 2.333918999999999855e+01 2.032205799999999840e+01 2.239817899999999895e+01 2.211022900000000035e+01 1.845766000000000062e+01 1.820922799999999953e+01 2.052964300000000009e+01 1.769727400000000017e+01 1.639572000000000074e+01 1.979520000000000124e+01 2.113555300000000159e+01 2.478107200000000176e+01 2.523518299999999925e+01 2.378815200000000019e+01 2.418321200000000104e+01 2.251552699999999874e+01 1.921401200000000031e+01 1.948267900000000097e+01 1.999232699999999952e+01 1.764386100000000113e+01 1.463940000000000019e+01 1.604712200000000166e+01 1.623805799999999877e+01 1.283098799999999962e+01 1.134124599999999994e+01 1.377583199999999941e+01 1.403399199999999958e+01 1.069888699999999915e+01 9.296969999999999956e+00 1.223547100000000043e+01 1.197182300000000055e+01 8.492888999999999911e+00 9.844827000000000439e+00 1.327161700000000089e+01 1.321227900000000055e+01 1.014434400000000025e+01
1.457810699999999926e+01 1.162207599999999985e+01 8.159610000000000696e+00 5.779579000000000022e+00 3.816272000000000109e+00 0.000000000000000000e+00 3.809903999999999957e+00 5.413711000000000162e+00 5.273508999999999780e+00 6.071006999999999820e+00 8.587624999999999176e+00 9.935821999999999932e+00 1.048613100000000031e+01 1.227542200000000072e+01 1.432520599999999966e+01 1.533913399999999960e+01 1.640192800000000162e+01 1.819308600000000098e+01 2.001940899999999957e+01 2.101217400000000168e+01 2.238487399999999994e+01 2.449537300000000073e+01 2.586918500000000165e+01 2.660073200000000071e+01 2.693305900000000008e+01 2.498025099999999910e+01 2.713627599999999873e+01 2.659106099999999984e+01 2.280940400000000068e+01 2.327768899999999874e+01 2.562896200000000135e+01 2.279041899999999998e+01 1.977110899999999916e+01 2.162393099999999890e+01 2.218036199999999880e+01 2.513612699999999833e+01 2.811969699999999861e+01 3.076148699999999891e+01 3.166264100000000070e+01 3.134483699999999828e+01 2.756673299999999927e+01 2.695052199999999942e+01 2.574813599999999880e+01 2.322055299999999889e+01 2.044462000000000046e+01 1.750379999999999825e+01 1.931324899999999900e+01 1.869938499999999948e+01 1.504057300000000019e+01 1.514120899999999992e+01 1.729885499999999965e+01 1.435072000000000081e+01 1.357679899999999940e+01 1.713628399999999985e+01 1.863608699999999985e+01 2.237415100000000123e+01 2.316455799999999954e+01 2.214657100000000156e+01 2.228919099999999887e+01 2.017190300000000036e+01 1.716061099999999939e+01 1.789716500000000110e+01 1.802035000000000053e+01 1.519343800000000044e+01 1.273267899999999919e+01 1.459302800000000033e+01 1.418122800000000083e+01 1.048196199999999934e+01 1.010394999999999932e+01 1.262632800000000088e+01 1.212285800000000080e+01 8.432159999999999656e+00 8.439474999999999838e+00 1.141300700000000035e+01 1.039615299999999998e+01 7.513511000000000273e+00 1.019010300000000058e+01 1.310736699999999999e+01 1.232801399999999958e+01 9.515190999999999732e+00
1.280159300000000044e+01 9.646178000000000807e+00 5.857673000000000130e+00 5.425221999999999767e+00 5.571425999999999767e+00 3.809903999999999957e+00 0.000000000000000000e+00 3.821755000000000013e+00 5.812782999999999589e+00 5.528431000000000317e+00 6.477748000000000062e+00 8.917707000000000050e+00 1.025642500000000013e+01 1.105892899999999912e+01 1.273787300000000045e+01 1.463271300000000075e+01 1.581401699999999977e+01 1.682516700000000043e+01 1.880140300000000053e+01 2.039342200000000105e+01 2.143278400000000161e+01 2.314245000000000019e+01 2.492894000000000077e+01 2.601682399999999973e+01 2.602941500000000019e+01 2.406365399999999966e+01 2.660473599999999905e+01 2.642715400000000159e+01 2.269730200000000053e+01 2.317258999999999958e+01 2.594547299999999979e+01 2.349392399999999981e+01 2.032875399999999999e+01 2.191022299999999845e+01 2.272803000000000040e+01 2.601079400000000064e+01 2.865362999999999971e+01 3.161196800000000096e+01 3.288224400000000003e+01 3.277254599999999840e+01 2.896840600000000165e+01 2.849778600000000139e+01 2.773870600000000053e+01 2.508471799999999874e+01 2.246069100000000063e+01 1.932941200000000137e+01 2.051873000000000147e+01 1.989632999999999896e+01 1.613127199999999917e+01 1.588833600000000068e+01 1.732377200000000173e+01 1.395284499999999994e+01 1.308668399999999998e+01 1.621025699999999858e+01 1.695359300000000147e+01 2.053568200000000132e+01 2.080889399999999867e+01 1.940994999999999848e+01 1.928190999999999988e+01 1.751989999999999981e+01 1.450329200000000007e+01 1.468422400000000039e+01 1.469999600000000051e+01 1.225200399999999945e+01 9.476311000000000817e+00 1.092018200000000050e+01 1.077707000000000015e+01 7.270623999999999754e+00 6.332362999999999964e+00 9.116877999999999815e+00 9.276476000000000610e+00 6.005076999999999998e+00 5.675639000000000323e+00 9.256885999999999726e+00 9.293974000000000402e+00 7.235307999999999851e+00 9.484147000000000105e+00 1.256987799999999922e+01 1.262669200000000025e+01 1.072787699999999944e+01
1.263330200000000048e+01 8.960335000000000605e+00 5.845199000000000034e+00 5.990135000000000431e+00 5.151938000000000351e+00 5.413711000000000162e+00 3.821755000000000013e+00 0.000000000000000000e+00 3.803453999999999890e+00 5.459036000000000222e+00 5.215371000000000201e+00 6.226333000000000339e+00 8.595468000000000330e+00 1.008578600000000058e+01 1.081058799999999920e+01 1.235957900000000009e+01 1.434273999999999916e+01 1.543455900000000014e+01 1.671949199999999891e+01 1.848928700000000092e+01 2.005699100000000001e+01 2.145188599999999823e+01 2.287011100000000141e+01 2.429309399999999997e+01 2.474542900000000145e+01 2.328960599999999914e+01 2.600641999999999854e+01 2.543741400000000041e+01 2.181203400000000059e+01 2.291121100000000155e+01 2.556755199999999917e+01 2.298600000000000065e+01 2.022673599999999894e+01 2.232775900000000036e+01 2.369745899999999850e+01 2.684870599999999996e+01 2.938472099999999898e+01 3.225732800000000111e+01 3.370854800000000040e+01 3.321534499999999923e+01 2.943498699999999957e+01 2.942345999999999862e+01 2.850998500000000035e+01 2.552139800000000136e+01 2.329447199999999896e+01 1.987340800000000129e+01 2.123238399999999970e+01 2.127780699999999925e+01 1.746457099999999940e+01 1.645682100000000148e+01 1.813247900000000001e+01 1.512147299999999994e+01 1.328618400000000044e+01 1.617845600000000061e+01 1.693183099999999897e+01 2.040083800000000025e+01 2.047995999999999839e+01 1.878920199999999952e+01 1.933415099999999853e+01 1.796039100000000133e+01 1.448168800000000012e+01 1.458180100000000046e+01 1.553585099999999919e+01 1.351922300000000021e+01 1.015535999999999994e+01 1.181662200000000063e+01 1.281647700000000079e+01 9.656648999999999816e+00 7.930655999999999928e+00 1.124499899999999997e+01 1.238824499999999951e+01 9.565524999999999167e+00 8.446493999999999502e+00 1.218997099999999989e+01 1.281244700000000059e+01 1.037140899999999988e+01 1.184481800000000007e+01 1.535716999999999999e+01 1.578891400000000012e+01 1.352129000000000048e+01
1.614822900000000061e+01 1.253126999999999924e+01 9.463414999999999466e+00 8.529973999999999279e+00 5.932108000000000381e+00 5.273508999999999780e+00 5.812782999999999589e+00 3.803453999999999890e+00 0.000000000000000000e+00 3.810210999999999792e+00 5.427398000000000167e+00 5.033203000000000316e+00 6.000227999999999895e+00 8.587619999999999365e+00 9.903596999999999539e+00 1.042351599999999934e+01 1.211891199999999991e+01 1.405229300000000059e+01 1.529534199999999977e+01 1.636195800000000133e+01 1.819045200000000051e+01 2.006323199999999929e+01 2.111103500000000111e+01 2.210643900000000173e+01 2.281840100000000149e+01 2.137617699999999843e+01 2.375071399999999855e+01 2.284560099999999849e+01 1.917867999999999995e+01 2.035740399999999894e+01 2.268531700000000129e+01 1.982985000000000042e+01 1.724819700000000111e+01 1.967790400000000162e+01 2.109814899999999938e+01 2.399504200000000154e+01 2.667090800000000073e+01 2.932383000000000095e+01 3.065922499999999928e+01 2.993199800000000010e+01 2.617852800000000002e+01 2.629867300000000085e+01 2.518482500000000002e+01 2.210387100000000160e+01 2.002748700000000071e+01 1.654718199999999939e+01 1.819571699999999836e+01 1.859119400000000155e+01 1.485241899999999937e+01 1.362466399999999922e+01 1.583613099999999996e+01 1.333235600000000076e+01 1.121120100000000086e+01 1.440521400000000085e+01 1.594243900000000025e+01 1.954502799999999851e+01 2.025735600000000147e+01 1.914765299999999826e+01 2.011115799999999965e+01 1.825438199999999966e+01 1.478577100000000044e+01 1.580241999999999969e+01 1.699831299999999956e+01 1.446622699999999995e+01 1.157397100000000023e+01 1.412267399999999995e+01 1.490507299999999979e+01 1.142588100000000040e+01 1.078111200000000025e+01 1.425498800000000088e+01 1.479359299999999955e+01 1.155747599999999942e+01 1.138367799999999974e+01 1.501769400000000054e+01 1.484395699999999962e+01 1.226903500000000058e+01 1.441093700000000055e+01 1.771992099999999937e+01 1.742188600000000065e+01 1.469952400000000026e+01
1.767588900000000152e+01 1.413011099999999942e+01 1.061704899999999974e+01 1.021499000000000024e+01 8.444912000000000418e+00 6.071006999999999820e+00 5.528431000000000317e+00 5.459036000000000222e+00 3.810210999999999792e+00 0.000000000000000000e+00 3.817552000000000056e+00 5.491253000000000384e+00 5.109434000000000253e+00 6.218461999999999712e+00 8.681157000000000679e+00 9.934200999999999837e+00 1.058008399999999938e+01 1.217097500000000032e+01 1.427763500000000008e+01 1.531558199999999914e+01 1.640555300000000116e+01 1.852816400000000030e+01 2.011167999999999978e+01 2.083751200000000026e+01 2.096358599999999939e+01 1.902877499999999955e+01 2.139821799999999996e+01 2.100432400000000044e+01 1.725676299999999941e+01 1.790187500000000043e+01 2.056514500000000112e+01 1.806697300000000084e+01 1.503992599999999946e+01 1.695125300000000124e+01 1.823932200000000137e+01 2.142369800000000168e+01 2.394799199999999928e+01 2.685330599999999990e+01 2.834998200000000068e+01 2.799715700000000140e+01 2.420828600000000108e+01 2.419077599999999961e+01 2.354920299999999855e+01 2.055784600000000140e+01 1.839926000000000172e+01 1.492240499999999948e+01 1.591821999999999981e+01 1.601011600000000001e+01 1.220276999999999923e+01 1.105861299999999936e+01 1.270789899999999939e+01 9.823202000000000211e+00 8.083560000000000301e+00 1.137294299999999936e+01 1.281970399999999977e+01 1.653779799999999867e+01 1.745850199999999930e+01 1.671460799999999836e+01 1.733288200000000145e+01 1.506851499999999966e+01 1.188026699999999991e+01 1.334691399999999994e+01 1.415786199999999972e+01 1.121251600000000082e+01 8.894361999999999213e+00 1.195175000000000054e+01 1.230130800000000058e+01 8.784416000000000224e+00 9.300489000000000672e+00 1.278710799999999992e+01 1.289247800000000055e+01 9.844998999999999612e+00 1.080757000000000012e+01 1.433141099999999923e+01 1.392633299999999963e+01 1.220449100000000087e+01 1.490815899999999949e+01 1.780447399999999902e+01 1.725613699999999895e+01 1.506347899999999917e+01
1.665600999999999843e+01 1.298877200000000087e+01 9.916964000000000112e+00 1.085275099999999959e+01 9.946904999999999220e+00 8.587624999999999176e+00 6.477748000000000062e+00 5.215371000000000201e+00 5.427398000000000167e+00 3.817552000000000056e+00 0.000000000000000000e+00 3.819023000000000057e+00 5.441125000000000433e+00 5.260760000000000325e+00 6.285205000000000375e+00 8.672981999999999303e+00 1.002336299999999980e+01 1.055451300000000003e+01 1.240260899999999999e+01 1.432110100000000052e+01 1.533160699999999999e+01 1.675038899999999842e+01 1.860004299999999944e+01 1.994660400000000067e+01 1.997718899999999920e+01 1.836651200000000017e+01 2.125805499999999881e+01 2.103852900000000048e+01 1.748712400000000144e+01 1.850671099999999925e+01 2.148292700000000011e+01 1.937072600000000122e+01 1.654320699999999889e+01 1.838977900000000076e+01 2.016940900000000170e+01 2.349822599999999895e+01 2.559931699999999921e+01 2.870110100000000131e+01 3.058313800000000171e+01 3.023489400000000060e+01 2.650338999999999956e+01 2.681212199999999868e+01 2.645756799999999842e+01 2.329510600000000053e+01 2.147230199999999911e+01 1.786628899999999831e+01 1.840702399999999983e+01 1.876524099999999962e+01 1.504382900000000056e+01 1.335087500000000027e+01 1.428600699999999968e+01 1.134894899999999929e+01 9.056559999999999278e+00 1.137278899999999915e+01 1.178906500000000079e+01 1.520007999999999981e+01 1.535599500000000006e+01 1.394898399999999938e+01 1.474240700000000004e+01 1.314883999999999986e+01 9.569964999999999833e+00 1.037992500000000007e+01 1.181518699999999988e+01 9.648701000000000860e+00 6.557260000000000311e+00 9.475535000000000707e+00 1.091266899999999929e+01 8.102591999999999572e+00 7.769574999999999676e+00 1.154774500000000081e+01 1.270762900000000073e+01 1.046496600000000043e+01 1.077907199999999932e+01 1.448530900000000088e+01 1.504312200000000033e+01 1.362462099999999943e+01 1.567748300000000050e+01 1.878405400000000114e+01 1.895392299999999963e+01 1.713210400000000178e+01
1.799922799999999867e+01 1.419553100000000079e+01 1.162677700000000058e+01 1.217267999999999972e+01 1.041453100000000020e+01 9.935821999999999932e+00 8.917707000000000050e+00 6.226333000000000339e+00 5.033203000000000316e+00 5.491253000000000384e+00 3.819023000000000057e+00 0.000000000000000000e+00 3.782366000000000117e+00 5.548174000000000383e+00 5.233188000000000173e+00 6.164161000000000001e+00 8.635932000000000386e+00 9.866756999999999778e+00 1.065901400000000088e+01 1.236735299999999960e+01 1.425014499999999984e+01 1.556692199999999993e+01 1.670680499999999924e+01 1.820694999999999908e+01 1.893125200000000063e+01 1.792946999999999846e+01 2.075126300000000157e+01 1.989186300000000074e+01 1.646551600000000093e+01 1.819066099999999864e+01 2.077959099999999992e+01 1.837288399999999911e+01 1.613079400000000163e+01 1.863780099999999962e+01 2.083723499999999973e+01 2.382296200000000042e+01 2.592936600000000169e+01 2.876675099999999929e+01 3.066292100000000076e+01 2.984604799999999969e+01 2.618947500000000161e+01 2.691299100000000166e+01 2.625542199999999937e+01 2.283806399999999925e+01 2.141790599999999856e+01 1.766353000000000151e+01 1.857895999999999859e+01 1.961357200000000134e+01 1.600937400000000110e+01 1.373587400000000081e+01 1.521993699999999983e+01 1.302129399999999926e+01 9.928174000000000277e+00 1.205857199999999985e+01 1.297032600000000002e+01 1.618016400000000132e+01 1.648624999999999829e+01 1.513375699999999924e+01 1.675025300000000072e+01 1.537795799999999957e+01 1.165740800000000021e+01 1.270630300000000013e+01 1.485989200000000032e+01 1.296975699999999954e+01 9.979013999999999385e+00 1.281816399999999945e+01 1.464490200000000009e+01 1.191499800000000064e+01 1.122117100000000001e+01 1.500909000000000049e+01 1.635107599999999906e+01 1.388584200000000024e+01 1.376734100000000005e+01 1.757176899999999975e+01 1.808969700000000103e+01 1.610102300000000142e+01 1.796131400000000156e+01 2.133753400000000156e+01 2.147482099999999861e+01 1.916385700000000014e+01
2.106878999999999991e+01 1.730348899999999901e+01 1.431298899999999996e+01 1.422738299999999967e+01 1.192532300000000056e+01 1.048613100000000031e+01 1.025642500000000013e+01 8.595468000000000330e+00 6.000227999999999895e+00 5.109434000000000253e+00 5.441125000000000433e+00 3.782366000000000117e+00 0.000000000000000000e+00 3.805914000000000019e+00 5.446200000000000152e+00 5.122347000000000428e+00 6.127202999999999733e+00 8.478415999999999286e+00 9.882564999999999600e+00 1.053385800000000039e+01 1.224997699999999945e+01 1.439090900000000062e+01 1.543752199999999952e+01 1.619352100000000050e+01 1.684287099999999882e+01 1.550217699999999965e+01 1.791625399999999857e+01 1.696905599999999836e+01 1.336565300000000001e+01 1.487995100000000015e+01 1.731618399999999980e+01 1.476270399999999938e+01 1.243584599999999973e+01 1.507149599999999978e+01 1.727540199999999970e+01 2.013503299999999996e+01 2.231561500000000109e+01 2.506218399999999846e+01 2.690976600000000118e+01 2.606550999999999974e+01 2.240760799999999975e+01 2.318141599999999869e+01 2.257366299999999981e+01 1.912235099999999832e+01 1.783939000000000163e+01 1.405411199999999994e+01 1.487992500000000007e+01 1.616046400000000105e+01 1.270639500000000055e+01 1.013958200000000076e+01 1.188641900000000007e+01 1.020349200000000067e+01 6.883704999999999963e+00 9.347746000000000777e+00 1.120705700000000071e+01 1.460055099999999939e+01 1.575911100000000076e+01 1.529479800000000012e+01 1.698129899999999992e+01 1.491199100000000044e+01 1.155489200000000061e+01 1.365064500000000081e+01 1.555967500000000037e+01 1.305820600000000020e+01 1.094473299999999938e+01 1.440774299999999997e+01 1.562716200000000022e+01 1.269154200000000010e+01 1.308425500000000063e+01 1.680952800000000025e+01 1.744031800000000132e+01 1.474098200000000070e+01 1.549300599999999939e+01 1.915850199999999859e+01 1.900869099999999889e+01 1.718909899999999880e+01 1.966304299999999827e+01 2.275600999999999985e+01 2.228740900000000025e+01 1.988553299999999879e+01
2.190447400000000044e+01 1.821976199999999935e+01 1.516319599999999923e+01 1.576364700000000063e+01 1.418962199999999996e+01 1.227542200000000072e+01 1.105892899999999912e+01 1.008578600000000058e+01 8.587619999999999365e+00 6.218461999999999712e+00 5.260760000000000325e+00 5.548174000000000383e+00 3.805914000000000019e+00 0.000000000000000000e+00 3.798446999999999907e+00 5.485540999999999556e+00 5.145745999999999931e+00 5.978475000000000428e+00 8.553069999999999951e+00 9.779588999999999643e+00 1.038039200000000051e+01 1.238661300000000054e+01 1.429146000000000072e+01 1.512151199999999918e+01 1.497318300000000058e+01 1.322360899999999972e+01 1.601849999999999952e+01 1.581614000000000075e+01 1.228465100000000021e+01 1.338438799999999951e+01 1.642220100000000116e+01 1.459931199999999940e+01 1.194772399999999912e+01 1.385266999999999982e+01 1.620563299999999884e+01 1.941835299999999975e+01 2.115350400000000164e+01 2.426339600000000019e+01 2.647254300000000171e+01 2.603269299999999831e+01 2.242060599999999937e+01 2.319962699999999955e+01 2.321511699999999934e+01 1.986264299999999849e+01 1.867286700000000010e+01 1.498871699999999940e+01 1.485837500000000055e+01 1.591812200000000033e+01 1.259601800000000082e+01 9.917339000000000127e+00 1.039109099999999941e+01 8.389234000000000080e+00 5.019836999999999883e+00 6.571412999999999727e+00 7.632670000000000066e+00 1.107700700000000005e+01 1.210297800000000024e+01 1.177809899999999921e+01 1.332033700000000032e+01 1.113332400000000000e+01 7.876729000000000092e+00 1.039551499999999962e+01 1.232876300000000036e+01 9.943944999999999368e+00 8.428428000000000253e+00 1.212204400000000071e+01 1.342318999999999996e+01 1.109725500000000054e+01 1.207497399999999921e+01 1.562739099999999937e+01 1.632629199999999869e+01 1.426154000000000011e+01 1.547332100000000032e+01 1.897554399999999930e+01 1.905163500000000099e+01 1.794102499999999978e+01 2.046380299999999863e+01 2.332133400000000023e+01 2.299207300000000131e+01 2.112352399999999975e+01
2.176309600000000088e+01 1.805188400000000115e+01 1.558633000000000024e+01 1.676323100000000110e+01 1.540514699999999948e+01 1.432520599999999966e+01 1.273787300000000045e+01 1.081058799999999920e+01 9.903596999999999539e+00 8.681157000000000679e+00 6.285205000000000375e+00 5.233188000000000173e+00 5.446200000000000152e+00 3.798446999999999907e+00 0.000000000000000000e+00 3.809773999999999994e+00 5.463729999999999976e+00 4.986187000000000147e+00 6.154233999999999760e+00 8.595584999999999809e+00 9.739594000000000307e+00 1.066005999999999965e+01 1.241490100000000041e+01 1.413893000000000022e+01 1.436848999999999954e+01 1.348868099999999970e+01 1.672280200000000150e+01 1.628761799999999837e+01 1.319322400000000073e+01 1.506830500000000050e+01 1.801397899999999908e+01 1.640091899999999825e+01 1.439382799999999918e+01 1.651746899999999840e+01 1.929294200000000004e+01 2.234146499999999946e+01 2.375923900000000089e+01 2.680736200000000125e+01 2.924138500000000107e+01 2.856538799999999867e+01 2.508640000000000114e+01 2.624584600000000023e+01 2.624039700000000153e+01 2.272286400000000128e+01 2.188183199999999928e+01 1.813707099999999883e+01 1.804611099999999979e+01 1.946297200000000061e+01 1.625793300000000130e+01 1.331152699999999989e+01 1.366407899999999920e+01 1.199008099999999999e+01 8.521554000000000073e+00 8.927956999999999255e+00 8.967802999999999969e+00 1.159804600000000008e+01 1.171724599999999938e+01 1.059300099999999922e+01 1.288625599999999949e+01 1.172539699999999918e+01 8.186496999999999247e+00 9.889976000000000766e+00 1.276906800000000075e+01 1.142625499999999938e+01 9.359403000000000361e+00 1.249487899999999918e+01 1.473867599999999989e+01 1.293829599999999935e+01 1.301348199999999977e+01 1.661023399999999839e+01 1.808882200000000040e+01 1.635181100000000143e+01 1.685700100000000035e+01 2.048952799999999996e+01 2.116963099999999898e+01 1.990091200000000171e+01 2.190878000000000014e+01 2.504097300000000104e+01 2.519635299999999845e+01 2.330899099999999891e+01
2.394041599999999903e+01 2.014899600000000035e+01 1.771648199999999918e+01 1.829094100000000012e+01 1.622107899999999958e+01 1.533913399999999960e+01 1.463271300000000075e+01 1.235957900000000009e+01 1.042351599999999934e+01 9.934200999999999837e+00 8.672981999999999303e+00 6.164161000000000001e+00 5.122347000000000428e+00 5.485540999999999556e+00 3.809773999999999994e+00 0.000000000000000000e+00 3.811932000000000098e+00 5.457016999999999562e+00 5.148831000000000380e+00 6.259424000000000099e+00 8.689132999999999996e+00 1.008054800000000029e+01 1.071016599999999919e+01 1.211213300000000004e+01 1.322313699999999947e+01 1.287522300000000008e+01 1.566831299999999949e+01 1.440924599999999955e+01 1.139013600000000004e+01 1.392692199999999936e+01 1.627348100000000031e+01 1.426234000000000002e+01 1.292115599999999986e+01 1.571450399999999981e+01 1.874457500000000110e+01 2.133459399999999917e+01 2.283244200000000035e+01 2.551869200000000149e+01 2.785850699999999946e+01 2.672791700000000148e+01 2.335329899999999981e+01 2.486709300000000056e+01 2.456118299999999977e+01 2.087358100000000150e+01 2.045122699999999938e+01 1.669297800000000009e+01 1.694807799999999887e+01 1.898223799999999883e+01 1.602751400000000004e+01 1.269485199999999914e+01 1.369733800000000024e+01 1.288742500000000035e+01 9.074913000000000451e+00 9.559770999999999574e+00 1.070719399999999943e+01 1.314358700000000013e+01 1.394308200000000042e+01 1.343466600000000000e+01 1.611066699999999940e+01 1.473991799999999941e+01 1.150728600000000057e+01 1.359412700000000029e+01 1.643777400000000100e+01 1.481441099999999977e+01 1.291143100000000032e+01 1.618417600000000078e+01 1.820957999999999899e+01 1.602356800000000092e+01 1.615407599999999988e+01 1.987049800000000133e+01 2.110649799999999843e+01 1.892157999999999873e+01 1.942519599999999969e+01 2.315253200000000078e+01 2.348749300000000062e+01 2.180547599999999875e+01 2.395466899999999910e+01 2.719042299999999912e+01 2.705562000000000111e+01 2.475174200000000013e+01
2.636306599999999989e+01 2.259410000000000096e+01 1.976585800000000148e+01 2.015354800000000068e+01 1.804165400000000119e+01 1.640192800000000162e+01 1.581401699999999977e+01 1.434273999999999916e+01 1.211891199999999991e+01 1.058008399999999938e+01 1.002336299999999980e+01 8.635932000000000386e+00 6.127202999999999733e+00 5.145745999999999931e+00 5.463729999999999976e+00 3.811932000000000098e+00 0.000000000000000000e+00 3.831513999999999864e+00 5.365624999999999645e+00 4.933709999999999596e+00 6.182207000000000008e+00 8.792457000000000633e+00 9.889395999999999631e+00 1.025752899999999990e+01 1.072206500000000062e+01 9.658626999999999185e+00 1.223967200000000055e+01 1.129041299999999914e+01 7.973398000000000430e+00 1.017901099999999914e+01 1.275472800000000007e+01 1.103696500000000036e+01 9.501903000000000432e+00 1.205585300000000082e+01 1.524475400000000036e+01 1.784007300000000029e+01 1.913845900000000100e+01 2.192671299999999945e+01 2.441807199999999867e+01 2.348223799999999883e+01 2.014079200000000114e+01 2.171455299999999866e+01 2.179834699999999970e+01 1.817284899999999936e+01 1.796771000000000029e+01 1.434158599999999950e+01 1.394300800000000073e+01 1.612516400000000161e+01 1.354852900000000027e+01 9.953682000000000585e+00 1.042814399999999964e+01 1.029349999999999987e+01 6.578651999999999944e+00 6.270499000000000045e+00 8.104293999999999443e+00 1.052439500000000017e+01 1.222455700000000078e+01 1.274944699999999997e+01 1.526813600000000015e+01 1.326117200000000018e+01 1.067163200000000067e+01 1.362884099999999954e+01 1.607951699999999917e+01 1.409387199999999929e+01 1.313839899999999972e+01 1.674159900000000079e+01 1.824410800000000066e+01 1.616186000000000078e+01 1.715666900000000084e+01 2.071283599999999936e+01 2.143174899999999994e+01 1.932667100000000104e+01 2.053581499999999949e+01 2.408030099999999862e+01 2.401943500000000142e+01 2.272105000000000175e+01 2.529572900000000146e+01 2.822882399999999947e+01 2.771647799999999862e+01 2.558033700000000010e+01
2.655352900000000105e+01 2.288402100000000061e+01 2.026497300000000124e+01 2.132018499999999861e+01 1.979816900000000146e+01 1.819308600000000098e+01 1.682516700000000043e+01 1.543455900000000014e+01 1.405229300000000059e+01 1.217097500000000032e+01 1.055451300000000003e+01 9.866756999999999778e+00 8.478415999999999286e+00 5.978475000000000428e+00 4.986187000000000147e+00 5.457016999999999562e+00 3.831513999999999864e+00 0.000000000000000000e+00 3.808326999999999796e+00 5.406570999999999572e+00 5.007621000000000322e+00 6.434332000000000384e+00 8.806675000000000253e+00 9.975462999999999525e+00 9.553549999999999542e+00 8.570301000000000613e+00 1.197517799999999966e+01 1.189705700000000022e+01 9.200870999999999356e+00 1.113127899999999926e+01 1.420487900000000003e+01 1.341952599999999940e+01 1.187453900000000040e+01 1.358192299999999975e+01 1.684466899999999967e+01 1.967375099999999932e+01 2.043264999999999887e+01 2.350332399999999922e+01 2.633807900000000046e+01 2.572607700000000008e+01 2.251867100000000121e+01 2.410653100000000038e+01 2.464810299999999899e+01 2.115245600000000081e+01 2.096723100000000173e+01 1.745965800000000101e+01 1.649006299999999925e+01 1.836500500000000002e+01 1.585874399999999973e+01 1.245720299999999980e+01 1.186380499999999927e+01 1.136623600000000067e+01 8.066793000000000546e+00 6.361996000000000429e+00 6.171686000000000227e+00 7.840533999999999892e+00 8.779151000000000593e+00 9.118660999999999461e+00 1.198338799999999971e+01 1.051980200000000032e+01 8.159598000000000795e+00 1.097805800000000076e+01 1.379205199999999998e+01 1.256127799999999972e+01 1.193613399999999913e+01 1.520573399999999964e+01 1.710965300000000155e+01 1.578032900000000005e+01 1.672959499999999977e+01 2.005758799999999908e+01 2.115179399999999887e+01 1.966592299999999938e+01 2.082793600000000112e+01 2.426227599999999995e+01 2.464566100000000048e+01 2.376163999999999987e+01 2.611180299999999832e+01 2.898900199999999927e+01 2.882751000000000019e+01 2.707482800000000012e+01
2.748917499999999947e+01 2.379511199999999960e+01 2.158770799999999923e+01 2.270849499999999921e+01 2.102396799999999999e+01 2.001940899999999957e+01 1.880140300000000053e+01 1.671949199999999891e+01 1.529534199999999977e+01 1.427763500000000008e+01 1.240260899999999999e+01 1.065901400000000088e+01 9.882564999999999600e+00 8.553069999999999951e+00 6.154233999999999760e+00 5.148831000000000380e+00 5.365624999999999645e+00 3.808326999999999796e+00 0.000000000000000000e+00 3.803443000000000129e+00 5.293635000000000090e+00 5.169417000000000151e+00 6.294261999999999802e+00 8.555241000000000540e+00 9.330795000000000172e+00 9.872973999999999251e+00 1.313962199999999925e+01 1.226008500000000012e+01 1.022891699999999915e+01 1.309002300000000041e+01 1.554471700000000034e+01 1.465749399999999980e+01 1.396483800000000031e+01 1.617452499999999915e+01 1.967262200000000050e+01 2.212501299999999915e+01 2.278273499999999885e+01 2.554450699999999941e+01 2.840486900000000148e+01 2.736490300000000175e+01 2.432896099999999961e+01 2.630164299999999855e+01 2.658993200000000101e+01 2.293314399999999864e+01 2.310177799999999948e+01 1.955445200000000128e+01 1.894396599999999964e+01 2.123750499999999874e+01 1.878924599999999856e+01 1.519376100000000029e+01 1.508713200000000043e+01 1.486977500000000063e+01 1.132804699999999976e+01 9.921863999999999351e+00 9.855033999999999850e+00 1.080454199999999965e+01 1.116716100000000012e+01 1.097341499999999925e+01 1.437547299999999950e+01 1.366471699999999956e+01 1.120761300000000027e+01 1.331554700000000047e+01 1.658849199999999868e+01 1.579249800000000015e+01 1.463438599999999923e+01 1.761010399999999976e+01 1.997581999999999880e+01 1.862309399999999826e+01 1.896825499999999920e+01 2.242220100000000116e+01 2.390711800000000054e+01 2.232367899999999850e+01 2.299447899999999834e+01 2.659108200000000011e+01 2.720741900000000157e+01 2.596897600000000139e+01 2.804335800000000134e+01 3.117916999999999916e+01 3.121750300000000067e+01 2.922695999999999827e+01
3.004492899999999977e+01 2.627530300000000096e+01 2.381037099999999995e+01 2.441479500000000158e+01 2.226039600000000007e+01 2.101217400000000168e+01 2.039342200000000105e+01 1.848928700000000092e+01 1.636195800000000133e+01 1.531558199999999914e+01 1.432110100000000052e+01 1.236735299999999960e+01 1.053385800000000039e+01 9.779588999999999643e+00 8.595584999999999809e+00 6.259424000000000099e+00 4.933709999999999596e+00 5.406570999999999572e+00 3.803443000000000129e+00 0.000000000000000000e+00 3.798197000000000045e+00 5.522497000000000433e+00 5.183375999999999983e+00 5.853978999999999822e+00 7.432502999999999638e+00 8.194463000000000719e+00 1.070388100000000087e+01 9.039388999999999896e+00 7.127361999999999753e+00 1.052562400000000054e+01 1.238028300000000037e+01 1.140848699999999916e+01 1.143609200000000037e+01 1.395318699999999978e+01 1.761765899999999974e+01 1.959647700000000015e+01 2.019155699999999953e+01 2.263575799999999916e+01 2.545632799999999918e+01 2.413661600000000007e+01 2.126405099999999848e+01 2.354695900000000108e+01 2.378943299999999894e+01 2.010850900000000152e+01 2.074939900000000037e+01 1.739774200000000093e+01 1.673945900000000009e+01 1.950883999999999929e+01 1.752789900000000145e+01 1.374394299999999980e+01 1.386408300000000082e+01 1.455809600000000081e+01 1.112420400000000065e+01 9.612802000000000291e+00 1.066180800000000062e+01 1.154795799999999950e+01 1.297370800000000024e+01 1.371943199999999941e+01 1.696165699999999887e+01 1.564904800000000051e+01 1.355704099999999990e+01 1.626015100000000047e+01 1.919228499999999826e+01 1.787350599999999901e+01 1.705895599999999845e+01 2.037737399999999965e+01 2.230619599999999991e+01 2.061658399999999958e+01 2.136906099999999853e+01 2.489982200000000034e+01 2.594629799999999875e+01 2.403778700000000157e+01 2.503423300000000040e+01 2.863399300000000025e+01 2.879880599999999902e+01 2.744474599999999853e+01 2.983832400000000007e+01 3.289848299999999881e+01 3.253363800000000339e+01 3.033479799999999926e+01
