0.000000000000000000e+00 1.147796000000000094e-01 -2.793843999999999772e-01 3.202068000000000136e-01 -3.130995999999999779e-01 -1.869275999999999993e-01 5.614100000000000756e-01 -1.393588000000000049e-01 -4.031319999999999348e-02 2.625316000000000316e-01 5.533580000000000165e-01 -4.790639999999999343e-01 -1.905224000000000084e-01 5.253316000000001207e-01 -4.985107999999999762e-01 2.399643999999999944e-01 -7.048200000000000021e-01 -5.975459999999999106e-01 -6.987999999999928080e-04 -5.860427999999999749e-01 -2.949200000000000155e-01 -6.544799999999990382e-03 2.674016000000000171e-01 6.397432000000000674e-01 -1.198627999999999916e-01 2.390220000000000122e-01 -1.022168000000000104e-01 -6.871268000000000375e-01 5.091231999999998870e-01 -2.499767999999999990e-01 -4.260399999999990583e-03 5.161196000000000117e-01 4.934640000000000137e-01 1.084128000000000175e-01 -2.556399999999999784e-01 3.312463999999999964e-01 1.205192000000000208e-01 -4.145800000000000041e-01 -4.421800000000000175e-01 1.070495999999999809e-01 7.921760000000001301e-02 4.195464000000000415e-01 -1.353515999999999886e-01 -3.453408000000000033e-01 -1.490763999999999978e-01 2.184367999999999865e-01 5.207812000000000552e-01 -4.385459999999999914e-01 2.532871999999999901e-01 5.842796000000000101e-01 6.429864000000000690e-01 -2.261476000000000042e-01 7.696479999999999988e-02 1.362436000000000202e-01 -5.853891999999999429e-01 1.417643999999999849e-01 -5.577123999999999970e-01 -3.634759999999999380e-02 -5.860427999999999749e-01 -5.753599999999998472e-03 6.335599999999999565e-02 6.458519999999999817e-01 -2.584531999999999941e-01 5.008707999999999494e-01 -5.874736000000000402e-01 -6.871268000000000375e-01 5.533580000000000165e-01 2.638131999999999699e-01 2.060076000000000129e-01 1.961423999999999390e-01 4.452099999999999946e-01 -1.765520000000000145e-01 -7.048200000000000021e-01 7.982899999999999441e-01 8.645500000000000407e-02 -3.323900000000000188e-01
1.147796000000000094e-01 0.000000000000000000e+00 -3.389009090909090305e-01 -1.802289772727272421e-01 -3.269226136363636570e-01 -2.100168181818181656e-01 -1.502177011494252590e-01 -3.452815909090909408e-01 -2.556505681818181941e-01 -2.180173863636363230e-01 -2.189927272727272556e-01 -2.979271590909091105e-01 -4.768371264367817219e-01 -9.668827586206898972e-02 -3.499112643678161105e-01 -1.551984810126582071e-01 -6.094619230769230400e-01 -2.862868421052631729e-01 -1.793257894736842162e-01 -3.692462790697674246e-01 -4.034795348837210693e-01 -2.639607792207792625e-01 -2.408365517241379261e-01 -1.205510227272727219e-01 -2.009269318181818309e-01 -1.741672727272726984e-01 -2.484142045454545422e-01 -3.036819318181818161e-01 -2.182763636363636017e-01 -4.302686363636363254e-01 -2.987221590909091007e-01 -1.706317045454545378e-01 -1.961044318181817958e-01 -1.655823863636363413e-01 -3.440197727272727435e-01 -9.791102272727271461e-02 -2.422414457831325307e-01 -4.540735483870967926e-01 -3.943657333333332460e-01 -2.157401960784313955e-01 -2.856268518518518262e-01 -1.104796721311475244e-01 -2.554670731707316955e-01 -3.398526436781609816e-01 -2.481342528735631936e-01 -2.091429545454545347e-01 -1.313137500000000069e-01 -3.590957954545453967e-01 -1.667204545454545050e-01 -1.554465909090909370e-01 -1.124965909090909211e-01 -1.862640909090909069e-01 -3.322900000000000298e-01 -2.979409090909090896e-01 -2.459936363636363588e-01 -2.933579545454544912e-01 -2.310845454545454314e-01 -2.810123863636363462e-01 -3.072421590909090727e-01 -2.474828409090909231e-01 -2.174044318181818092e-01 -1.279335227272727082e-01 -3.365072727272727104e-01 -2.219794318181818049e-01 -3.256196590909091193e-01 -3.180565909090909416e-01 -2.037874999999999548e-01 -1.729740909090909107e-01 -2.400825000000000042e-01 -2.423646590909090404e-01 -1.710131818181818142e-01 -3.289919480519480355e-01 -5.898784999999999723e-01 -5.768059999999999299e-01 -4.144445454545453433e-01 -3.939272727272727925e-01
-2.793843999999999772e-01 -3.389009090909090305e-01 0.000000000000000000e+00 -2.617348015122873406e-01 -2.574201886792452654e-01 -2.659218490566037651e-01 -9.513725378787878106e-02 -2.509828301886792290e-01 -2.240249622641509175e-01 -8.401130188679245547e-02 -1.311210000000000153e-01 -3.185418147448015325e-01 -2.176038206627680105e-01 -1.361749416342412644e-01 -2.055134688995215175e-01 -1.722966350710900540e-01 -2.893174626865671062e-01 -2.054797953964194457e-01 -1.934591552062868702e-01 -2.402845992366411942e-01 -7.397153409090909126e-02 -1.523008704061895313e-01 -2.681848771266540643e-01 -1.094624905660377401e-01 -1.431156415094339829e-01 -3.123276603773584847e-01 -2.408508867924528396e-01 -3.433691886792452630e-01 -1.003428355387523396e-01 -3.176792816635161110e-01 -2.665087121212121324e-01 -6.055194339622640975e-02 -1.017357277882797867e-01 -2.046048956356736614e-01 -2.111758541666666489e-01 -2.063450000000000284e-01 -7.770526570048311155e-02 -2.525672755417956439e-01 -1.533691768292682611e-01 -1.746742142857142799e-01 -1.768795545657015633e-01 -2.419774734042553221e-01 -2.123733676092544875e-01 -2.866367647058823409e-01 -2.638484901531728544e-01 -2.487937009803921629e-01 -8.358748358862143346e-02 -2.982195412844037552e-01 -2.223610433070865866e-01 -9.389126679462571345e-02 -1.308245173745173628e-01 -3.050444208494208498e-01 -2.348463513513513456e-01 -4.968612716763005227e-02 -2.475019999999999443e-01 -2.015581782945736478e-01 -2.117855000000000154e-01 -2.106244100580270673e-01 -2.384984351145038040e-01 -1.560525954198473120e-01 -2.188364244741873577e-01 -1.152784571428571297e-01 -1.968049239543726292e-01 -1.335334615384615453e-01 -2.750406476190476179e-01 -3.397234923664121942e-01 -1.343404588910133979e-01 -1.788808237547892532e-01 -1.923303639846743462e-01 -1.079618546845124288e-01 -9.505934865900383945e-02 -2.033782248520710212e-01 -2.683932718894009306e-01 -1.023799082568807167e-01 -1.304139320388349732e-01 3.805666666666662062e-02
3.202068000000000136e-01 -1.802289772727272421e-01 -2.617348015122873406e-01 0.000000000000000000e+00 -3.754571040723982400e-01 -3.847177073906485334e-01 -4.297730711043875294e-03 -2.011950678733031572e-01 -3.449294570135746918e-01 -1.310996978851964104e-02 -4.270709969788516469e-02 -3.100612195121951187e-01 -2.592508978328173508e-01 -2.159574961360121240e-02 -3.375242335766423518e-01 -1.588092464358451805e-01 -3.466310888888888830e-01 -4.123940599999999512e-01 -2.815222843450479462e-01 -4.298165251572326206e-01 -1.684179130434782512e-01 -3.158381230769231052e-01 -2.515798036253776293e-01 1.491953242835595585e-02 -3.007476923076922715e-01 -2.831721417797888329e-01 -3.622686726998491924e-01 -4.531316138763196721e-01 -7.698027314110901271e-05 -3.652472424242423910e-01 -3.341233030303029650e-01 2.375400606980272722e-02 -3.156404255319146535e-02 -3.205100460829493070e-01 -2.694177684563758279e-01 -2.708239746300211137e-01 -1.165217499999999934e-01 -3.323915581395348595e-01 -3.231763636363637060e-01 -2.531148423005565376e-02 -1.180087992831541088e-01 -2.216111778290993095e-01 -3.343429527559055314e-01 -2.887771080139373003e-01 -3.041674655172413311e-01 -2.822482342007434641e-01 6.843872665534805888e-02 -4.444983950617284463e-01 -2.486580937500000310e-01 -1.317894333843798969e-02 -1.447381538461535964e-02 -3.480720153846153520e-01 -3.295240923076922512e-01 2.654969278033794330e-02 -4.468552615384615012e-01 -2.479257959814528400e-01 -4.372700614439323785e-01 -2.978533744221879553e-01 -4.401156097560975922e-01 -3.119765853658536536e-01 -2.168918778625954225e-01 3.000297872340426317e-02 -3.674388467374810618e-01 -1.393065849923427746e-02 -3.804490121580547113e-01 -4.456332724505327469e-01 -2.783564024390242433e-02 -3.357554198473282348e-02 -1.726162538226299892e-01 -4.383954198473268005e-03 -2.394557603686635339e-02 -1.362617292006525205e-01 -3.180635589519650863e-01 -1.344376470588235992e-02 -2.565657004830917964e-01 -1.264223076923076949e-01
-3.130995999999999779e-01 -3.269226136363636570e-01 -2.574201886792452654e-01 -3.754571040723982400e-01 0.000000000000000000e+00 -2.951101070950468697e-01 -2.581986327077747667e-01 -2.542594919786096419e-01 -3.079186764705882373e-01 -2.105214457831325325e-01 -3.444348326639892766e-01 -2.925503508771929995e-01 -3.020604924760602050e-01 -3.104450478796169088e-01 -3.662119651347067739e-01 -2.821974171029668077e-01 -2.947293869731801297e-01 -3.850046034482758062e-01 -3.068652074391988172e-01 -3.930686797752808714e-01 -3.191755305466237869e-01 -3.175038095238095215e-01 -2.288760349462365673e-01 -2.587253074866309732e-01 -2.456076470588235139e-01 -2.774486363636363695e-01 -3.739280213903743988e-01 -5.445183422459892730e-01 -2.673818279569892264e-01 -2.406796107382550287e-01 -3.273423892617449149e-01 -2.257561021505376520e-01 -2.857761776581426716e-01 -3.076543342391304114e-01 -2.929587518355359910e-01 -3.611486462093862482e-01 -2.429073121869783358e-01 -3.762500199203187012e-01 -3.240042741935483805e-01 -2.477719769357495661e-01 -2.373816375198727624e-01 -2.431272460937499713e-01 -3.305900506756756507e-01 -4.107408384146340463e-01 -3.234699093655589719e-01 -3.472153623188405369e-01 -2.150507142857142617e-01 -3.677497692307691857e-01 -3.209345781466113046e-01 -2.609300951086956921e-01 -2.997040245566165995e-01 -2.845132742155525030e-01 -3.446301637107776483e-01 -2.044312635869565131e-01 -4.798236054421768371e-01 -2.683367213114754013e-01 -3.609882336956520832e-01 -2.956252724795639941e-01 -4.580616351351350923e-01 -3.132361621621621572e-01 -3.183665899864681625e-01 -2.491261994609164365e-01 -3.647056182795698764e-01 -3.298190785907859079e-01 -4.070431493943472701e-01 -5.393826010781671565e-01 -3.389631309041835072e-01 -2.353226621621621606e-01 -2.893122462787551252e-01 -2.770646351351351289e-01 -2.623505298913043626e-01 -2.535849927849928021e-01 -2.449976660341555701e-01 -2.175406633906633580e-01 -2.904419157088122816e-01 -2.745806666666666951e-01
-1.869275999999999993e-01 -2.100168181818181656e-01 -2.659218490566037651e-01 -3.847177073906485334e-01 -2.951101070950468697e-01 0.000000000000000000e+00 -2.193032315521628584e-01 -2.102611421319796892e-01 -3.100689467005076083e-01 -2.242591994917407794e-01 -2.751840533672172961e-01 -3.326808194622278836e-01 -3.342215064935065150e-01 -2.681562467532467298e-01 -2.737973621460506046e-01 -1.455544208809135542e-01 -3.497565295169945965e-01 -2.945366612903225767e-01 -2.500181300813008045e-01 -3.802366266666666883e-01 -2.887765988372092973e-01 -2.934335974025973903e-01 -2.596198846153845996e-01 -2.182149365482233261e-01 -2.611248284625158900e-01 -3.437794274809160000e-01 -2.986593638676844908e-01 -4.373612325285896052e-01 -2.340467305236270668e-01 -3.546523979591836850e-01 -2.861645663265306450e-01 -2.018655427841634376e-01 -2.254404475703325195e-01 -2.904012387096774339e-01 -2.829112222222222583e-01 -3.309173018549746992e-01 -2.051984772370486765e-01 -3.574912014787430814e-01 -2.900678544776119638e-01 -2.349244598765431735e-01 -1.882669610778443248e-01 -2.940276630434782712e-01 -3.121634658187599221e-01 -3.761590173410405136e-01 -3.043976571428571032e-01 -3.344099544764795318e-01 -1.758327605633802915e-01 -3.348944267053700630e-01 -3.296163564875491114e-01 -2.253779354838709448e-01 -2.441025388601036350e-01 -3.452205310880828715e-01 -3.253118652849740777e-01 -1.817072809278350298e-01 -3.563542838709677363e-01 -2.425265284974093272e-01 -3.378490335051546611e-01 -3.124541860465115950e-01 -3.354956666666666920e-01 -2.995631410256410221e-01 -2.882850962772785519e-01 -2.210484782608695686e-01 -3.067110459183673421e-01 -2.514709897172236475e-01 -3.628128735632183410e-01 -4.449882480818414532e-01 -2.761569782330345335e-01 -2.419787692307692195e-01 -2.459084724005135003e-01 -2.224093589743590116e-01 -2.148817723156533077e-01 -2.369978463648834133e-01 -2.592697640653357505e-01 -1.195708941176470419e-01 -2.027427547169811106e-01 -5.817562499999999470e-02
5.614100000000000756e-01 -1.502177011494252590e-01 -9.513725378787878106e-02 -4.297730711043875294e-03 -2.581986327077747667e-01 -2.193032315521628584e-01 0.000000000000000000e+00 5.387369487485103858e-02 -1.646607389749702166e-01 7.018229236276849470e-01 7.486585560859189137e-01 -2.734589783653846307e-01 5.806164433617539561e-02 6.937781851400731670e-01 -3.498767916666666311e-01 -1.079090785498489080e-01 -3.020887457627118300e-01 -4.301618644067796704e-01 -2.482106838709677021e-01 -5.097230128205127997e-01 -2.480166129032257694e-01 -1.746555054811205765e-01 -5.246690734043768464e-06 9.041906682577566245e-01 -2.722998327359617554e-01 -3.544333732057413505e-02 -2.924867264038231718e-01 -5.012246658711216885e-01 8.688396882494004991e-01 -2.133502395209580793e-01 -1.973947425149700230e-01 8.032533932853718195e-01 8.365129807692308628e-01 -1.943756537530266226e-01 -7.202733420026008471e-02 -8.405825545171342547e-03 5.048178134110787862e-01 -1.765039728353140769e-01 -1.035324013722126735e-01 4.689105164992827257e-01 2.503434916201117688e-01 1.050247078464106865e-01 -2.275858599695586015e-01 -1.763937031900138508e-01 -2.035965725806451465e-01 4.372831920903954422e-02 8.075326710526316010e-01 -3.346077943166441138e-01 -1.823523522167487254e-01 7.863184101941748105e-01 8.161949573690622239e-01 -2.912346163215590589e-01 -1.627090499390986544e-01 7.560668082524271139e-01 -6.685475242718444955e-01 6.793538367844093040e-02 -5.736215878787878086e-01 -2.363333778857837075e-01 -6.342527382388419843e-01 -1.872379131483715153e-01 4.124763285024155707e-02 8.903166305655836332e-01 -4.684668787515005595e-01 6.222540991535671084e-01 -3.726010697115385017e-01 -4.983165824308062319e-01 7.516218192771083606e-01 2.558362364294330393e-01 -3.110004848484847206e-02 7.769102300242132220e-01 7.859731746031746180e-01 1.169847225806451702e-01 -2.030278745644600175e-02 7.029860360360360438e-01 3.848220446096654590e-01 -7.833823529411763908e-02
-1.393588000000000049e-01 -3.452815909090909408e-01 -2.509828301886792290e-01 -2.011950678733031572e-01 -2.542594919786096419e-01 -2.102611421319796892e-01 5.387369487485103858e-02 0.000000000000000000e+00 -2.988853962703962863e-01 1.002977829638273914e-02 7.335519253208920391e-03 -2.673256051703877811e-01 -3.630159880952379958e-01 -1.476971428571426798e-02 -4.525872801082542890e-02 -2.665957794117647106e-01 -3.123989368770764274e-01 -3.026674509803921609e-01 -3.318544010088272933e-01 -2.759959347553324616e-01 -2.634343410852712508e-01 -3.163416904761905402e-01 -2.480438470588235134e-01 6.423057176196035611e-02 -2.853986799065420521e-01 -4.295440935672514837e-01 -3.148724415887850236e-01 -3.093274795799300092e-01 6.038549824150064166e-02 -4.059211943793911148e-01 -3.478322131147541518e-01 6.367831184056274574e-02 5.182708578143364192e-02 -3.630839644970413338e-01 -3.355943781725887476e-01 -3.619896818181818077e-01 8.277384397163120577e-02 -3.110115789473684167e-01 -2.697725747508305516e-01 -1.057337988826816816e-02 -2.693625850340137032e-02 -3.101593993506492897e-01 -3.989038632986627309e-01 -3.292846739130435019e-01 -2.836573981603153771e-01 -1.208029103448275826e-01 8.848621621621619027e-02 -3.579133333333333611e-01 -3.130667870036101252e-01 4.448614472123367525e-02 2.805492857142857788e-02 -4.031150476190475951e-01 -3.046125595238095007e-01 4.702935866983370961e-02 -3.004492755344418398e-01 -2.075173301549463334e-01 -3.755336298932384076e-01 -3.528819500594530534e-01 -3.318069657615112522e-01 -3.431946572104018767e-01 -3.056871952662722491e-01 7.590682783018867785e-02 -3.235293294117647100e-01 5.624172781065091276e-02 -2.740812573443008326e-01 -3.188309294117647741e-01 3.727455830388721504e-03 -1.756571933962266033e-02 -1.869276303317535526e-01 1.388840236686389798e-02 5.370589498806681295e-02 -1.283274181360201105e-01 -1.902257363013698521e-01 1.473656607929515472e-01 -1.353761481481481344e-01 -2.134249999999999758e-01
-4.031319999999999348e-02 -2.556505681818181941e-01 -2.240249622641509175e-01 -3.449294570135746918e-01 -3.079186764705882373e-01 -3.100689467005076083e-01 -1.646607389749702166e-01 -2.988853962703962863e-01 0.000000000000000000e+00 -1.474233181818181415e-01 -2.296709090909090645e-01 -3.154500228832951558e-01 -2.503850637311703653e-01 -1.709807184241019518e-01 -2.630027559055118092e-01 -2.741458748221906050e-01 -3.224355081967212877e-01 -3.137776268656716216e-01 -2.862309815950920266e-01 -2.877551892551892809e-01 -3.074769437652811743e-01 -2.624660834298957468e-01 -2.811512142038946060e-01 -1.561584659090908822e-01 -2.463219681456200183e-01 -2.688822665148063451e-01 -3.079718088737201653e-01 -4.099747727272727293e-01 -1.613739155251141255e-01 -3.147124515393386335e-01 -2.823764994298745834e-01 -1.452828310502282949e-01 -1.869459496567505707e-01 -2.677222811059907781e-01 -2.615686806411837151e-01 -2.823660850439882464e-01 -2.470161348005502355e-01 -3.786538730158729993e-01 -2.248841733547351784e-01 -2.555668707482993129e-01 -2.563290343915343716e-01 -2.616069435736677606e-01 -3.105429496402877798e-01 -3.452088390501318882e-01 -2.921108035714285456e-01 -2.523414993306559717e-01 -1.632775000000000198e-01 -3.154059050064184633e-01 -3.085518032786885301e-01 -1.570713279445727362e-01 -1.862116222479721916e-01 -3.228680764774043976e-01 -2.945091772885284342e-01 -1.556257572254335086e-01 -3.218426242774566348e-01 -2.483765893271461522e-01 -2.903603348729791866e-01 -3.015110648148148220e-01 -3.096462528735632325e-01 -2.649845109321058434e-01 -2.552401497695852561e-01 -1.512081515499426043e-01 -2.706157388316151602e-01 -2.279163018433179588e-01 -3.353911556064073096e-01 -4.102266552119129828e-01 -2.229313088404132892e-01 -2.176166628308400519e-01 -2.719359653179190817e-01 -1.812266589327146127e-01 -1.840663976608186980e-01 -2.466556596794081124e-01 -2.407608333333333128e-01 -1.910345594713656059e-01 -1.414839999999999709e-01 -3.744938888888889039e-01
2.625316000000000316e-01 -2.180173863636363230e-01 -8.401130188679245547e-02 -1.310996978851964104e-02 -2.105214457831325325e-01 -2.242591994917407794e-01 7.018229236276849470e-01 1.002977829638273914e-02 -1.474233181818181415e-01 0.000000000000000000e+00 5.610693235625704434e-01 -2.491394211123723335e-01 4.413095512082867988e-03 5.088621749136938988e-01 -2.696931770833332909e-01 -8.865374647887321047e-02 -2.609165584415584771e-01 -3.507067851851851659e-01 -2.094255663824604041e-01 -4.055447682926828779e-01 -1.865841463414634194e-01 -1.519598958333333305e-01 -1.245571103526734065e-02 7.467004627539503003e-01 -2.115334576271186429e-01 -6.086817873303165122e-02 -2.240370395480225929e-01 -3.744491422121896118e-01 7.201981065759637257e-01 -2.105269309173272707e-01 -1.528196375990939770e-01 6.379959297052153477e-01 6.704232727272727566e-01 -1.633498627002288595e-01 -6.849504283965725249e-02 3.292853197674416865e-02 3.976088934426229571e-01 -1.453743937007873910e-01 -8.433906050955412848e-02 3.603391228070175756e-01 1.977393307086614260e-01 6.017691472868218899e-02 -1.902686733238230787e-01 -1.428089659685863877e-01 -1.506547848101265907e-01 4.908472775564402292e-03 6.006883374689825361e-01 -2.635698343949044453e-01 -1.217056046511627854e-01 6.087987614678899151e-01 6.572433141542002311e-01 -2.530471691599540107e-01 -1.220693901035673073e-01 5.999385074626866210e-01 -5.178243628013776689e-01 3.944678571428572589e-02 -4.521951376146789436e-01 -2.061522988505747334e-01 -4.986572031963470431e-01 -1.559051314285714307e-01 4.621980549199084659e-02 7.424263854047890021e-01 -3.637585779294653099e-01 4.302141304347826267e-01 -2.960261704545454342e-01 -3.777953469852104451e-01 5.615126567844925809e-01 2.077384228571428626e-01 -2.607761194029850974e-02 6.004796774193548181e-01 6.094832752613241755e-01 7.795318627450979754e-02 -3.313144312393886265e-02 5.651501321585902238e-01 3.181518518518518523e-01 -1.171249999999999791e-01
5.533580000000000165e-01 -2.189927272727272556e-01 -1.311210000000000153e-01 -4.270709969788516469e-02 -3.444348326639892766e-01 -2.751840533672172961e-01 7.486585560859189137e-01 7.335519253208920391e-03 -2.296709090909090645e-01 5.610693235625704434e-01 0.000000000000000000e+00 -2.451520998864926137e-01 3.760621403912560966e-03 7.531412658227848445e-01 -4.091951562500000250e-01 -1.608785492957746366e-01 -3.446647564935064745e-01 -4.820777185185184388e-01 -2.322236784409257015e-01 -4.963734268292682161e-01 -2.223549999999999693e-01 -1.304837847222222180e-01 -1.970400455062570194e-02 8.084005981941310148e-01 -2.885967909604519321e-01 -7.108392533936651325e-02 -3.398050282485875484e-01 -6.701280135440180752e-01 7.839345578231293743e-01 -2.403613816534541370e-01 -2.476156285390713752e-01 6.850974149659864176e-01 7.625695340909091069e-01 -2.246701945080091245e-01 -1.299772215422276556e-01 -7.335133720930232804e-02 4.703617349726776364e-01 -9.642861417322834416e-02 -1.280740286624203750e-01 4.605690013495276625e-01 2.123677427821522579e-01 6.730542635658913475e-02 -2.264208416547789093e-01 -1.966036256544502758e-01 -2.439014936708860659e-01 -1.151157104913678592e-01 6.672852481389578427e-01 -3.973065350318470967e-01 -2.573808720930232941e-01 6.935586467889908180e-01 7.850833601841198384e-01 -3.095136248561564662e-01 -2.273777905638665053e-01 6.534710792192881534e-01 -7.088488748564868436e-01 -1.893865207373271811e-02 -5.525520527522935765e-01 -1.853459885057471002e-01 -6.611711187214611707e-01 -1.448016457142856928e-01 -1.380662471395881392e-02 8.093579475484606878e-01 -4.664140614334471024e-01 6.663579290617849260e-01 -4.331726818181818039e-01 -6.754088282138794863e-01 8.628639566704675579e-01 2.069582857142857335e-01 -7.714725602755452549e-02 7.110321889400922357e-01 7.133478164924507148e-01 5.138185049019609874e-02 -4.441320882852290569e-02 6.106911233480175616e-01 2.864431111111111483e-01 -1.498333333333333461e-01
-4.790639999999999343e-01 -2.979271590909091105e-01 -3.185418147448015325e-01 -3.100612195121951187e-01 -2.925503508771929995e-01 -3.326808194622278836e-01 -2.734589783653846307e-01 -2.673256051703877811e-01 -3.154500228832951558e-01 -2.491394211123723335e-01 -2.451520998864926137e-01 0.000000000000000000e+00 -3.609150520231213521e-01 -2.184547856315179060e-01 -1.405282020997375425e-01 -2.789131249999999840e-01 -3.729294762684124409e-01 -2.990650224215246622e-01 -3.037272760736196564e-01 -2.285447985347985322e-01 -2.827355308641975595e-01 -2.717224592074592437e-01 -2.919281443298969436e-01 -2.753345681818181734e-01 -2.692532081911263031e-01 -4.065980865603644467e-01 -3.094230454545454645e-01 -3.426237230419977298e-01 -2.520351311288482887e-01 -4.223076651480637267e-01 -3.123582118451025402e-01 -2.247745039908779496e-01 -2.824911542857142521e-01 -3.503721518987341632e-01 -3.471172582619338476e-01 -4.086752855051243860e-01 -2.279137964236588876e-01 -4.074658571428571019e-01 -2.718412038523274621e-01 -2.096666847826087199e-01 -2.820598678996036890e-01 -3.302228906249999874e-01 -2.928329814550641452e-01 -3.246315546772068350e-01 -3.252698982188295673e-01 -2.583127636849132380e-01 -2.235008229426433957e-01 -3.224759539052496349e-01 -3.593322780373832126e-01 -2.746394348327566015e-01 -2.500956944444444052e-01 -3.857717824074074486e-01 -2.683667708333333235e-01 -2.367349999999999455e-01 -1.959154503464203279e-01 -3.041353997682502697e-01 -2.403332064590542050e-01 -3.553871329479769137e-01 -1.935455109070034763e-01 -3.201479999999999881e-01 -3.462521518987341507e-01 -2.753586582568806618e-01 -2.321718077803203717e-01 -2.008873762945914687e-01 -3.450089828571428763e-01 -3.556720938215102712e-01 -2.482252752293577502e-01 -2.827097816091954097e-01 -2.733037528868360599e-01 -2.505682734646581533e-01 -2.458300934579439045e-01 -2.969981997533908680e-01 -2.917040582191780529e-01 -2.409302863436123265e-01 -2.539044444444444881e-01 -3.255683333333332929e-01
-1.905224000000000084e-01 -4.768371264367817219e-01 -2.176038206627680105e-01 -2.592508978328173508e-01 -3.020604924760602050e-01 -3.342215064935065150e-01 5.806164433617539561e-02 -3.630159880952379958e-01 -2.503850637311703653e-01 4.413095512082867988e-03 3.760621403912560966e-03 -3.609150520231213521e-01 0.000000000000000000e+00 1.174157422324511174e-01 -3.266043024771838055e-01 -3.896876412429378100e-01 -3.737198003327786844e-01 -2.748797268588770715e-01 -3.184284844720496888e-01 -2.720724875621890471e-01 -4.206099755501222504e-01 -2.427862337662337888e-01 -2.419299767981438198e-01 5.954390103567322456e-02 -2.718527419354838659e-01 -2.737791695501730072e-01 -3.494581933256616924e-01 -3.248310229885057465e-01 7.276651270207852573e-02 -3.875460784313725093e-01 -3.017515686274509501e-01 3.361183602771362217e-02 4.257596064814814230e-02 -3.073228321678321828e-01 -2.453411610486891381e-01 -1.213072876304023828e-01 -1.900983240223463600e-01 -4.057614054927302094e-01 -2.574960685154975559e-01 -1.752262534435261587e-01 -2.399930428954423489e-01 -1.938692515923566839e-01 -2.894248175182481675e-01 -3.390690641711229802e-01 -2.972438967741935500e-01 -1.751055644090305508e-01 5.977471554993679659e-02 -3.062657272727272728e-01 -3.556331597633136110e-01 3.179032710280374485e-02 3.234397420867526213e-02 -3.544679366940211018e-01 -3.026107502930832638e-01 7.619263157894748742e-03 -2.661490175438596673e-01 -1.938486854460093889e-01 -3.307667172897196251e-01 -3.304278571428571065e-01 -2.846755930232557907e-01 -2.648815483119906777e-01 -2.172486363636363937e-01 6.531524970963999144e-02 -3.139389223638470727e-01 2.242692307692313591e-03 -3.417829629629629551e-01 -3.113485747392815139e-01 2.832022067363533166e-02 -1.380742724097788199e-01 -2.651188070175438671e-01 8.837699530516437280e-03 1.322439053254438092e-02 -1.963622499999999882e-01 -3.139101047120418930e-01 -9.344111872146118603e-02 2.561250980392153556e-02 -4.561155555555556074e-01
5.253316000000001207e-01 -9.668827586206898972e-02 -1.361749416342412644e-01 -2.159574961360121240e-02 -3.104450478796169088e-01 -2.681562467532467298e-01 6.937781851400731670e-01 -1.476971428571426798e-02 -1.709807184241019518e-01 5.088621749136938988e-01 7.531412658227848445e-01 -2.184547856315179060e-01 1.174157422324511174e-01 0.000000000000000000e+00 -4.482256697009102120e-01 -1.119707475317348599e-01 -2.216465890183028087e-01 -4.134498333333332387e-01 -1.771014392059553078e-01 -4.483993788819875537e-01 -1.294685574572127240e-01 -1.054579716981132037e-01 8.309860950173818608e-03 7.593307471264367781e-01 -2.485511059907833942e-01 3.047133794694347614e-02 -2.775997119815667991e-01 -5.364030955120827615e-01 7.198065433526014134e-01 -1.627121709006928429e-01 -1.956630254041570038e-01 6.125054566473988604e-01 7.008418192352260379e-01 -1.516684247374562033e-01 -8.078931250000000175e-02 3.090320417287632446e-02 3.599705446927374819e-01 -6.141836833602585394e-02 -9.367704730831974413e-02 3.525891873278237387e-01 1.817454021447721391e-01 1.229444267515923672e-01 -2.016627007299270080e-01 -1.599446390374331395e-01 -2.433288501291989425e-01 -9.073418882978724620e-02 6.231075822784810647e-01 -3.528023276983094370e-01 -1.753816587677724803e-01 6.210663551401870430e-01 7.064379601406799436e-01 -2.431675381008206183e-01 -1.874057444314185250e-01 5.834723157894736723e-01 -6.686714736842104267e-01 -3.563732394366177204e-04 -4.820092523364485904e-01 -1.208548829039812478e-01 -6.167726976744186684e-01 -8.798947613504073950e-02 2.023290209790210015e-02 7.416053542392567755e-01 -4.263786326767091683e-01 5.891233799533799331e-01 -3.697166898148147585e-01 -5.173990498261876736e-01 7.353988501742160233e-01 2.281235506402794211e-01 -7.614960233918129096e-02 6.419914436619718057e-01 6.451253491124261386e-01 2.053082500000000254e-02 -2.562257839721253025e-02 5.077755580865603857e-01 2.605723046875000337e-01 -1.059784210526315967e-01
-4.985107999999999762e-01 -3.499112643678161105e-01 -2.055134688995215175e-01 -3.375242335766423518e-01 -3.662119651347067739e-01 -2.737973621460506046e-01 -3.498767916666666311e-01 -4.525872801082542890e-02 -2.630027559055118092e-01 -2.696931770833332909e-01 -4.091951562500000250e-01 -1.405282020997375425e-01 -3.266043024771838055e-01 -4.482256697009102120e-01 0.000000000000000000e+00 -1.731046905537459157e-01 -2.475550099009900806e-01 -2.617498401420959020e-01 -2.026373512747875472e-01 -3.070144822695035636e-01 -1.895392857142857157e-01 -2.178169611780454706e-01 -2.160975853018372306e-01 -3.501535370611183473e-01 -1.823400391134289145e-01 -3.046739947780679469e-01 -3.286015645371577198e-01 -6.109340364583333294e-01 -3.616160209424083560e-01 -1.774080915032680006e-01 -2.760216601307189377e-01 -2.383507329842932121e-01 -3.341377427821521362e-01 -1.979820370370370397e-01 -2.384566304347826016e-01 -3.391417179902755930e-01 -1.539470219435736531e-01 -3.542792407407407418e-01 -2.156968843283582071e-01 -2.161699842022117013e-01 -9.862409509202453572e-02 -4.167636569579287742e-01 -2.789590490341753437e-01 -4.421185362095531590e-01 -2.710836082474226694e-01 -3.779551519756838562e-01 -2.719136402877697645e-01 -2.816563204747773996e-01 -2.906032885906040808e-01 -2.903968253968253754e-01 -3.509568260292164621e-01 -2.193383665338645427e-01 -2.880973970783531901e-01 -2.373390993377483549e-01 -4.350903968253969079e-01 -2.515088047808764493e-01 -2.191859709379128107e-01 -2.018512698412698314e-01 -3.683852299605782643e-01 -2.387585902503293334e-01 -3.211180211081793856e-01 -3.324661235216820332e-01 -2.626975622542594979e-01 -3.711089182058047720e-01 -3.673237777777778046e-01 -6.119091361256544515e-01 -4.072220341207348770e-01 -2.619463994743758128e-01 -2.050119550858652273e-01 -3.276866180371352244e-01 -2.927680722891565779e-01 -1.517280085348506613e-01 -2.804207724425886727e-01 -1.135000284900285344e-01 -1.064318965517241505e-01 -1.040278947368420970e-01
2.399643999999999944e-01 -1.551984810126582071e-01 -1.722966350710900540e-01 -1.588092464358451805e-01 -2.821974171029668077e-01 -1.455544208809135542e-01 -1.079090785498489080e-01 -2.665957794117647106e-01 -2.741458748221906050e-01 -8.865374647887321047e-02 -1.608785492957746366e-01 -2.789131249999999840e-01 -3.896876412429378100e-01 -1.119707475317348599e-01 -1.731046905537459157e-01 0.000000000000000000e+00 -2.668563894139887038e-01 -3.142052259332023811e-01 -2.309191883614089003e-01 -2.414111656441717824e-01 -2.825720771513353102e-01 -2.610284028776978515e-01 -2.392042253521126371e-01 -1.075400000000000106e-01 -2.019232773109243817e-01 -3.519849088359046085e-01 -3.017894957983192628e-01 -3.179650349650349206e-01 -1.150923001402524432e-01 -3.692018934081346404e-01 -3.014540896358543498e-01 -1.030945428973276817e-01 -1.149606064880112632e-01 -2.924639290780142176e-01 -2.719005327245053727e-01 -2.669650347222222164e-01 -1.271888926746166659e-01 -3.164832209737827862e-01 -2.506455263157894575e-01 -1.756894182389937276e-01 -1.856514072847682273e-01 -2.229631009174311562e-01 -2.677507509157509014e-01 -3.538813093289688849e-01 -2.367730672926447455e-01 -1.947874837662337821e-01 -1.237283027522935869e-01 -3.216286097946287614e-01 -2.873422478386166712e-01 -1.275286260623229584e-01 -1.214555064194008521e-01 -2.816348216833095552e-01 -2.993234522111269391e-01 -1.201516358463726730e-01 -2.788548652482270018e-01 -2.269968518518518386e-01 -2.598191193181818570e-01 -2.883923613086770699e-01 -2.989890395480225838e-01 -2.502217963224894204e-01 -2.679504815864022227e-01 -9.155581100141042816e-02 -2.514034599156118044e-01 -1.481979178470254899e-01 -3.161278089887640252e-01 -3.328968917018284013e-01 -1.322410860366713958e-01 -1.275581895332390248e-01 -1.870330965909091370e-01 -1.185254493580599061e-01 -1.122817291066282308e-01 -2.396944615384615507e-01 -1.812041224489795987e-01 -9.294438016528926150e-02 -2.380250793650793562e-01 -2.013252631578947016e-01
-7.048200000000000021e-01 -6.094619230769230400e-01 -2.893174626865671062e-01 -3.466310888888888830e-01 -2.947293869731801297e-01 -3.497565295169945965e-01 -3.020887457627118300e-01 -3.123989368770764274e-01 -3.224355081967212877e-01 -2.609165584415584771e-01 -3.446647564935064745e-01 -3.729294762684124409e-01 -3.737198003327786844e-01 -2.216465890183028087e-01 -2.475550099009900806e-01 -2.668563894139887038e-01 0.000000000000000000e+00 -2.313442580645161395e-01 -2.847462393162393246e-01 -2.465450519031141818e-01 -4.122762595419847131e-01 -2.595682686084141988e-01 -3.123065015974440528e-01 -3.331022133757961523e-01 -2.569694089456869279e-01 -4.423784639999999713e-01 -3.316380830670926372e-01 -3.305358213716108606e-01 -3.075649358974358871e-01 -4.397261119999999468e-01 -3.028592971246006349e-01 -2.522331460674157588e-01 -3.126618810289388817e-01 -3.271797406807131492e-01 -3.308465017667844288e-01 -2.485370989010989295e-01 -2.939273988439305985e-01 -4.340731557377049410e-01 -3.151684033613444957e-01 -3.642079411764705954e-01 -2.569061151079136684e-01 -4.184339277108433675e-01 -2.830683620689655733e-01 -3.873934854014598472e-01 -3.222838879456706440e-01 -2.775661020036429560e-01 -2.952219999999999844e-01 -2.799463193277311190e-01 -3.137417684887459646e-01 -2.869631832797426840e-01 -3.085753322528362319e-01 -3.960694174757281583e-01 -2.461487055016181313e-01 -2.585190821256038718e-01 -1.852975161290322526e-01 -3.052029725363489265e-01 -2.349330917874396241e-01 -3.400869789983845259e-01 -1.879279647435897760e-01 -3.038204333868378404e-01 -2.971418327974276186e-01 -3.106626879999999646e-01 -2.554006549520766445e-01 -3.020209178743961664e-01 -3.299985782747603680e-01 -3.160078594249201012e-01 -3.001462140575080206e-01 -2.990632371794871291e-01 -3.223541612903225717e-01 -3.073495948136142908e-01 -2.971469016393442075e-01 -2.638265758091993263e-01 -3.696767281105990954e-01 -2.298986407766990259e-01 -2.302731088082901334e-01 -3.595305263157894671e-01
-5.975459999999999106e-01 -2.862868421052631729e-01 -2.054797953964194457e-01 -4.123940599999999512e-01 -3.850046034482758062e-01 -2.945366612903225767e-01 -4.301618644067796704e-01 -3.026674509803921609e-01 -3.137776268656716216e-01 -3.507067851851851659e-01 -4.820777185185184388e-01 -2.990650224215246622e-01 -2.748797268588770715e-01 -4.134498333333332387e-01 -2.617498401420959020e-01 -3.142052259332023811e-01 -2.313442580645161395e-01 0.000000000000000000e+00 -2.498048377581121027e-01 -2.734736044657097298e-01 -2.299569501466275367e-01 -2.886300896860986565e-01 -2.692233870967742360e-01 -4.744483139534883542e-01 -1.671499416909621172e-01 -2.673973722627737137e-01 -3.119617930029154329e-01 -5.723239737991265841e-01 -4.655121052631578937e-01 -2.037970948905109547e-01 -3.334347007299269805e-01 -3.935117758369722774e-01 -4.474146288209607247e-01 -3.094377631578947296e-01 -2.840582018927444441e-01 -4.348196980461812022e-01 -3.817859934318554860e-01 -3.819188432835820546e-01 -3.461535261194029767e-01 -3.909224428822495323e-01 -3.606736142625607822e-01 -3.084349504950494869e-01 -3.358065154264972541e-01 -4.357666501650164781e-01 -3.244761691542288884e-01 -3.587475041876047044e-01 -4.029428664495113832e-01 -3.893769732441471620e-01 -3.406047076461768963e-01 -3.883476911764705553e-01 -4.776306598240468992e-01 -2.542051395007342007e-01 -4.165117621145373872e-01 -3.537988742690058031e-01 -3.752156387665198656e-01 -3.103044918998527635e-01 -2.299844346549192176e-01 -2.340634508076358256e-01 -3.497945014662756091e-01 -2.540490469208210866e-01 -3.563096920821114399e-01 -4.544837042459736742e-01 -2.553773430656934296e-01 -4.561710526315788661e-01 -3.851395036496350621e-01 -5.905933187134502216e-01 -4.683186090775988131e-01 -3.343188872620790342e-01 -3.017140353460971980e-01 -4.267000444444444818e-01 -4.108833482810164694e-01 -2.902853605015673910e-01 -2.717702242152466585e-01 -3.209164303178483890e-01 -2.621869372693726996e-01 -4.286936842105262824e-01
-6.987999999999928080e-04 -1.793257894736842162e-01 -1.934591552062868702e-01 -2.815222843450479462e-01 -3.068652074391988172e-01 -2.500181300813008045e-01 -2.482106838709677021e-01 -3.318544010088272933e-01 -2.862309815950920266e-01 -2.094255663824604041e-01 -2.322236784409257015e-01 -3.037272760736196564e-01 -3.184284844720496888e-01 -1.771014392059553078e-01 -2.026373512747875472e-01 -2.309191883614089003e-01 -2.847462393162393246e-01 -2.498048377581121027e-01 0.000000000000000000e+00 -1.938158866995073892e-01 -1.777497409326425082e-01 -8.040307236061684792e-02 -2.582647841306884295e-01 -2.750570567786790321e-01 -1.567288153310104626e-01 -3.239458372093023675e-01 -2.836220673635307388e-01 -4.741518213457075470e-01 -2.828546449359720660e-01 -3.243936744186046717e-01 -3.196018953488371506e-01 -2.347354408352668176e-01 -2.605119651162791095e-01 -2.674393999999999938e-01 -2.482379627329192595e-01 -3.558228443113772288e-01 -1.801673735955056088e-01 -2.503922741935483698e-01 -2.017452265372168263e-01 -2.105855390835579544e-01 -2.433529002624671977e-01 -3.069717868338558420e-01 -2.561619208211143861e-01 -3.463957046070460510e-01 -2.946160642570280763e-01 -3.169037671232876607e-01 -2.360908834827144531e-01 -3.224369542483659923e-01 -3.441344191616766413e-01 -2.076221605667060432e-01 -2.332377041420118091e-01 -3.084643550295858017e-01 -3.501422958579881173e-01 -2.346998113207547088e-01 -2.693908972845336369e-01 -2.637944431279621305e-01 -1.920248820754717201e-01 -1.448829078014184368e-01 -2.635383568075116978e-01 -6.475457109283196122e-02 -3.157309048178613686e-01 -2.497537441314554019e-01 -2.150925409836065560e-01 -2.179130153121319191e-01 -3.234639181286549370e-01 -4.895306557377048784e-01 -2.188996009389671260e-01 -2.221345647058823314e-01 -2.592692099056603805e-01 -2.525123167848700168e-01 -2.363541239570917663e-01 -2.310264089775561358e-01 -1.859120973154362311e-01 -2.489694724770642187e-01 -2.042402238805970660e-01 -3.514663157894737378e-01
-5.860427999999999749e-01 -3.692462790697674246e-01 -2.402845992366411942e-01 -4.298165251572326206e-01 -3.930686797752808714e-01 -3.802366266666666883e-01 -5.097230128205127997e-01 -2.759959347553324616e-01 -2.877551892551892809e-01 -4.055447682926828779e-01 -4.963734268292682161e-01 -2.285447985347985322e-01 -2.720724875621890471e-01 -4.483993788819875537e-01 -3.070144822695035636e-01 -2.414111656441717824e-01 -2.465450519031141818e-01 -2.734736044657097298e-01 -1.938158866995073892e-01 0.000000000000000000e+00 -2.356108571428571219e-01 -2.119287426556991649e-01 -2.601465850815850578e-01 -5.251584259259258758e-01 -1.705975174013921181e-01 -2.898003948896631932e-01 -3.164267401392111823e-01 -5.661005214368480809e-01 -5.150959604190920027e-01 -2.524768255813953366e-01 -3.402777674418604459e-01 -4.181977415599534287e-01 -4.975701866977829679e-01 -2.409030141843971906e-01 -2.622866207759699253e-01 -3.948584857571213469e-01 -4.136435862068966185e-01 -3.902349684542587016e-01 -3.030688835725677266e-01 -4.350029752066115751e-01 -3.133358443271768157e-01 -3.822337479806138805e-01 -2.893787908961593103e-01 -4.292278055190538733e-01 -3.290348993288590429e-01 -3.904523803009574690e-01 -4.195404987212276171e-01 -3.245111038107753032e-01 -2.775462799043061923e-01 -4.390670754716980984e-01 -4.859910520094561925e-01 -2.604547754137115922e-01 -3.744019030732860798e-01 -4.126844221698113269e-01 -3.336775000000000158e-01 -3.237070650887574064e-01 -1.762120730270906876e-01 -2.064814167650531329e-01 -2.876131652989448728e-01 -2.225442840375586595e-01 -3.894144366197183071e-01 -5.105729073856974942e-01 -2.382824210526315878e-01 -4.703780470588234675e-01 -3.690652570093457818e-01 -5.854581403508771764e-01 -4.841235052754982449e-01 -3.945086721504112992e-01 -3.200382567726737792e-01 -4.783889374262101368e-01 -4.644237129300118339e-01 -2.923493688118811717e-01 -3.644780983606557001e-01 -4.208017802197802082e-01 -3.034362271062270855e-01 -3.642231578947368598e-01
