0.000000000000000000e+00 7.791199999999999515e-02 -1.063399999999999762e-02 4.061080000000000245e-01 -8.491079999999998074e-02 -2.726520000000000332e-02 3.357240000000000224e-01 -7.410759999999999570e-02 2.130359999999999893e-02 2.097204000000000013e-01 6.130055999999999283e-01 -8.563560000000000616e-02 -9.492839999999999612e-02 5.600832000000000033e-01 -1.215268000000000043e-01 2.035520000000000107e-01 -1.432900000000000007e-01 -1.271419999999999773e-01 1.262324000000000224e-01 -1.454656000000000005e-01 3.651999999999999691e-02 1.279023999999999994e-01 2.970851999999999937e-01 5.500963999999999299e-01 2.584960000000000035e-02 1.363472000000000017e-01 2.549279999999999949e-02 -1.804295999999999955e-01 4.578927999999999887e-01 -6.332000000000004292e-03 7.978000000000000369e-02 2.978716000000000141e-01 3.802228000000000274e-01 8.866360000000000907e-02 -3.395759999999999751e-02 3.203331999999999846e-01 2.113755999999999968e-01 -5.714500000000000135e-02 -9.457374999999999809e-02 1.806543999999999928e-01 1.500796000000000074e-01 3.241639999999999522e-01 1.973999999999999713e-02 3.656600000000000128e-02 2.986519999999999453e-02 2.352024000000000059e-01 2.248451999999999951e-01 -1.199552000000000118e-01 1.367823999999999984e-01 5.145851999999999649e-01 5.520195999999999437e-01 -2.228039999999999882e-02 1.223531999999999814e-01 1.135592000000000129e-01 -1.488492000000000148e-01 2.024496000000000351e-01 -1.053435999999999956e-01 1.056855999999999768e-01 -1.454656000000000005e-01 1.036143999999999954e-01 1.319400000000000017e-01 5.005123999999999684e-01 2.699559999999999460e-02 5.634328000000000669e-01 -1.514544000000000168e-01 -1.804295999999999955e-01 6.130055999999999283e-01 4.155196000000001000e-01 1.229560000000000097e-01 1.871904000000000068e-01 3.069852000000000691e-01 3.293320000000000275e-02 -1.432900000000000007e-01 7.311250000000000249e-01 1.146800000000000042e-01 -1.282699999999999951e-01
7.791199999999999515e-02 0.000000000000000000e+00 -1.883999999999999217e-02 3.852159090909090117e-02 -1.065659090909090896e-02 -1.437443181818181918e-02 -3.288160919540234362e-03 -2.718284090909090997e-02 -1.654125000000000387e-02 -1.536011363636363702e-02 9.953068181818186186e-03 -1.775352272727272890e-02 -5.184160919540230228e-02 5.081034482758618569e-03 -2.398333333333333567e-02 3.049405063291139167e-02 -4.945423076923076422e-02 -2.360710526315789107e-02 2.011302631578947356e-02 -3.610174418604650270e-02 -2.615325581395348820e-02 6.597272727272726796e-03 6.780229885057469617e-03 1.620079545454545036e-02 5.922613636363634713e-03 2.911999999999999311e-02 -2.462613636363636394e-02 -2.883363636363635990e-02 2.266738636363636525e-02 -1.637125000000000039e-02 -2.804670454545454827e-02 1.353670454545454274e-02 -1.071079545454545028e-02 -1.401272727272727565e-02 -1.280363636363636079e-02 -8.636931818181821374e-03 -7.881927710843374124e-03 -6.224193548387105300e-04 -2.873200000000000059e-02 -1.394941176470588205e-02 7.375925925925890620e-04 7.606639344262296210e-02 1.287804878048787356e-04 2.730804597701151030e-03 -5.832183908045976417e-03 1.007318181818181967e-02 2.087409090909090464e-02 -2.667147727272727378e-02 5.650227272727272911e-03 -4.008409090909089388e-03 2.349511363636362996e-02 -5.304545454545460869e-04 -2.224329545454545309e-02 -3.659147727272727552e-02 -2.677568181818181653e-02 -1.363522727272727282e-02 -2.126659090909091207e-02 -5.372954545454544477e-03 -2.932931818181817862e-02 8.905454545454544527e-03 5.812159090909091788e-03 2.762727272727280407e-03 -1.822920454545454497e-02 1.547647727272727196e-02 -3.978079545454545063e-02 -2.990772727272726986e-02 2.399181818181818013e-02 -9.830340909090906631e-03 -1.526909090909090924e-02 -2.205659090909091111e-02 -3.044863636363636869e-02 -2.105818181818181964e-02 -4.469650000000000012e-02 -9.894399999999999029e-02 3.885454545454545671e-03 -7.248727272727271964e-02
-1.063399999999999762e-02 -1.883999999999999217e-02 0.000000000000000000e+00 1.428601134215500522e-03 -1.195707547169811563e-02 -1.370218867924528038e-02 3.966602272727273032e-02 -3.065660377358489942e-03 1.061886792452829218e-03 6.342926415094338188e-02 1.114673962264150914e-01 -1.001748582230624005e-02 2.459206627680311785e-02 8.652961089494164149e-02 -3.746220095693780349e-03 3.305829383886255829e-03 -1.300388059701492773e-02 -1.069647058823529166e-02 4.904047151277013405e-03 -1.091026717557252133e-02 7.871306818181818266e-02 2.045439071566731298e-02 -4.050888468809072177e-03 6.511935849056604830e-02 1.438481132075471874e-02 5.845150943396227802e-03 -3.498490566037737448e-03 -2.657496226415094476e-02 4.263436672967862995e-02 5.816162570888468164e-03 -5.084412878787879231e-03 6.603979245283018995e-02 5.224638941398866004e-02 1.623055028462997915e-02 7.024500000000000362e-03 2.739960396039603854e-02 5.771132850241546264e-02 2.003126934984519880e-02 3.658170731707317130e-02 3.823383333333332801e-02 1.454403118040089107e-02 6.681994680851064024e-03 6.987866323907456975e-03 1.365520361990950338e-02 -4.341269146608314929e-03 -5.574485294117648322e-03 6.160398249452953695e-02 -2.025002293577981768e-02 1.039338582677165439e-02 6.185873320537427916e-02 7.432355212355212792e-02 -1.397687258687259002e-02 -4.369691119691120930e-04 7.036657032755298802e-02 -2.426667307692307804e-02 9.594341085271318806e-03 -1.720990384615384700e-02 1.220825918762088839e-02 -2.229484732824427162e-02 1.588248091603053705e-02 2.079340344168260218e-02 7.267220952380951116e-02 -8.890019011406844959e-03 7.743151923076924126e-02 -5.419390476190476431e-03 -2.695954198473282312e-02 1.000743212237093782e-01 3.665999999999999814e-02 9.351264367816093312e-03 5.619342256214149289e-02 4.363204980842911446e-02 5.187357001972386743e-03 -9.109585253456222928e-03 1.554382262996941745e-02 3.332475728155339517e-02 8.058333333333334014e-02
4.061080000000000245e-01 3.852159090909090117e-02 1.428601134215500522e-03 0.000000000000000000e+00 -2.924282051282051098e-02 -2.183348416289592614e-02 1.520118759455370561e-01 4.895671191553543911e-02 -2.350069381598793306e-02 1.151444108761329466e-01 1.816312386706948612e-01 -2.085579268292682767e-02 1.119820433436533036e-02 1.367603400309118922e-01 -3.835003649635036760e-02 5.196672097759674758e-02 -3.252211111111111275e-02 -3.586055999999999272e-02 -9.279169329073482311e-03 -4.889718553459119349e-02 4.235239130434782090e-02 -7.804892307692304701e-03 2.528276435045316919e-02 1.997000301659125066e-01 -2.048552036199094428e-03 1.375262443438914420e-02 -2.965220211161387689e-02 -6.800594268476620186e-02 1.767395295902883245e-01 -3.133774242424242074e-02 -1.876215151515151294e-02 1.737252048558421968e-01 1.546044528875379909e-01 -7.362703533026112787e-03 3.252684563758389408e-03 1.772665961945031274e-02 1.015997692307692157e-01 -4.251139534883722516e-03 -1.587743589743589520e-02 1.583047495361780965e-01 9.188958781362008277e-02 5.527489607390299875e-02 -1.649155511811023836e-02 4.814808362369337943e-03 -1.898712068965516947e-02 1.259362453531599410e-02 1.777658573853989621e-01 -5.423059964726631432e-02 2.698921875000001667e-03 1.707627411944869777e-01 1.603171076923076976e-01 -2.545770769230768990e-02 -2.250192307692307561e-02 1.794516436251920033e-01 -6.687273846153846124e-02 3.946789799072643323e-02 -5.587367127496159491e-02 -6.819738058551618951e-03 -6.442327743902438730e-02 -6.035274390243902491e-03 1.657648854961831994e-02 2.047629483282674689e-01 -4.172379362670713965e-02 1.952686830015314123e-01 -3.577221884498479887e-02 -6.412327245053273117e-02 1.692545426829268340e-01 1.494080305343511439e-01 5.618125382262997847e-02 1.742503053435114357e-01 1.454418586789554546e-01 3.805466557911908743e-02 -6.614301310043669072e-03 1.611739117647058850e-01 -1.609178743961350378e-03 1.292669230769230848e-01
-8.491079999999998074e-02 -1.065659090909090896e-02 -1.195707547169811563e-02 -2.924282051282051098e-02 0.000000000000000000e+00 -1.174524765729585002e-02 -2.779179624664878528e-02 -9.368221925133689634e-03 -2.242709893048128178e-02 1.339384203480589036e-02 -1.020923694779111383e-03 -2.025533063427800359e-02 -2.945012311901504948e-02 -3.942106703146376102e-03 -1.081927099841521397e-02 -1.171273996509598556e-02 -2.353590038314175986e-02 -2.942134482758620648e-02 -4.940400572246066678e-03 -2.725311797752808657e-02 1.547009646302250014e-03 7.293809523809522723e-03 -1.064903225806451519e-02 -2.921899732620319989e-02 -5.855614973262032036e-03 -2.386727272727273003e-02 -1.985193850267379795e-02 -3.768687165775400777e-02 -3.998672043010752936e-02 -2.404973154362416085e-02 -2.331523489932885856e-02 -4.221720430107525103e-03 -3.564812920592193290e-02 -1.052107336956521755e-02 -1.393651982378854744e-02 -2.225857400722021373e-02 8.492404006677799211e-03 -3.778406374501992130e-03 -2.058893145161290114e-02 1.428616144975288459e-02 -3.509014308426074147e-03 -6.543261718749998623e-03 -1.720628378378378370e-02 -2.053833841463414620e-02 -1.924921450151057672e-02 -2.750019323671497665e-02 1.526107142857142593e-02 -2.138955384615384703e-02 -1.581578146611341620e-02 -1.148638586956521671e-02 -3.458487039563437615e-02 -2.131661664392905942e-02 -1.003105047748976617e-02 4.869116847826087703e-03 -3.040370068027210479e-02 -1.226370218579234811e-02 -2.381203804347825984e-02 -6.615013623978202757e-03 -2.901729729729729534e-02 1.233635135135135140e-03 -1.426427604871447798e-02 -9.926482479784367111e-03 -2.137799731182795510e-02 -1.982493224932245241e-03 -2.255481830417227149e-02 -3.648981132075471839e-02 -1.404315789473684073e-02 4.530905405405407163e-03 -3.435304465493910480e-03 -3.174441891891892353e-02 -2.380411684782608381e-02 -9.687287157287160014e-03 2.140759013282732444e-03 1.581375921375924223e-03 -2.162103448275862552e-02 4.876666666666666303e-03
-2.726520000000000332e-02 -1.437443181818181918e-02 -1.370218867924528038e-02 -2.183348416289592614e-02 -1.174524765729585002e-02 0.000000000000000000e+00 4.576730279898219393e-03 8.522322335025379544e-03 -1.380908629441624479e-02 2.111562897077513389e-03 2.898471410419313499e-02 -2.875565941101152281e-02 -3.935325974025974394e-02 1.274025974025957736e-04 -4.739791356184770298e-04 -6.281256117455139183e-03 -2.415953488372092964e-02 -2.367299999999999960e-02 -5.520528455284554221e-03 -2.539821333333333597e-02 2.692296511627905245e-03 5.245974025974008571e-04 -1.536999999999999998e-02 1.427956852791876152e-03 -2.844701397712835148e-03 -1.777946564885496059e-02 -1.386510178117048367e-02 -3.734940279542566660e-02 -7.598441890166025142e-03 -2.897228316326530551e-02 -2.036454081632652763e-02 3.386003831417625648e-02 -8.687391304347825624e-03 -1.910851612903225957e-02 -1.862829166666666800e-02 -4.106064080944350769e-02 4.981243328100470880e-02 -2.011977818853974941e-03 -9.078227611940299993e-03 2.351651234567901302e-02 1.996417664670658426e-02 -2.138896739130434835e-02 -1.111025437201907870e-02 -2.076959537572254169e-02 -1.737941428571428484e-02 -1.642584218512898805e-02 1.423090140845071142e-02 -3.062021770682147800e-02 -2.591171690694626592e-02 8.409483870967742955e-03 4.320893782383416863e-03 -2.304103626943004857e-02 -1.516205958549222965e-02 4.537948453608247473e-02 -3.063344516129032705e-02 -1.097097150259067344e-02 -2.781729381443299662e-02 -8.823333333333334069e-03 -3.206543589743589967e-02 -2.425128205128217879e-04 -2.011240051347881752e-02 1.205434782608696184e-03 -2.097494897959184187e-02 2.418489717223649971e-02 -2.246168582375478867e-02 -3.813964194373401645e-02 9.497605633802820232e-03 1.727296153846154605e-02 8.912169448010268807e-03 4.478435897435900127e-03 5.862082794307884454e-03 -9.209615912208502300e-03 -4.496588021778580822e-03 7.414722352941176264e-02 2.659671698113208124e-02 1.032462499999999977e-01
3.357240000000000224e-01 -3.288160919540234362e-03 3.966602272727273032e-02 1.520118759455370561e-01 -2.779179624664878528e-02 4.576730279898219393e-03 0.000000000000000000e+00 2.056449344457687844e-01 1.015842669845053690e-02 4.443738663484487206e-01 6.889622195704058205e-01 -6.199158653846150585e-03 1.970328989037758716e-01 5.297845188794153559e-01 -6.358608333333333473e-02 5.701939577039275703e-02 1.604900000000000077e-02 -6.537640986132511878e-02 -3.734578064516128060e-02 -1.016366025641025628e-01 5.772311827956974053e-04 -1.248425091352009519e-02 1.372158243080625617e-01 8.174483770883055334e-01 -2.731567502986857743e-02 1.205213397129186459e-01 -4.967517323775388211e-02 -1.567043317422434356e-01 7.812090167865707313e-01 2.643239520958084315e-02 1.421548502994012149e-02 5.649103237410072476e-01 7.222817187500000236e-01 2.953401937046008525e-03 5.953366710013004159e-02 1.266196105919003001e-01 4.717859766763848328e-01 1.645517826825128316e-03 5.158864493996569850e-02 4.465541893830703435e-01 3.105120111731843324e-01 1.646375292153589021e-01 -1.163805175038050204e-03 2.331743411927877929e-02 -2.333459677419354866e-02 1.070368785310734649e-01 5.630860657894737331e-01 -3.969465493910689924e-02 4.677512315270940420e-03 5.934483009708737544e-01 7.241146406820949677e-01 -2.616239951278927917e-02 3.135101096224116729e-02 5.042203883495146588e-01 -1.497918446601941567e-01 1.346369183922046242e-01 -1.200730303030302926e-01 -2.301065613608748589e-02 -1.442599517490953109e-01 -2.772236429433051763e-02 1.404283695652173702e-01 7.449448014440432919e-01 -8.373596638655461666e-02 5.755017896009673173e-01 -7.322700721153846404e-02 -1.591934416365824168e-01 6.796022650602410176e-01 3.029914957780458495e-01 8.356206060606059804e-02 6.684121428571428991e-01 6.402589987789987225e-01 1.702158838709677546e-01 1.017064111498257734e-01 5.747657207207207408e-01 3.283405204460966287e-01 1.564082352941176257e-01
-7.410759999999999570e-02 -2.718284090909090997e-02 -3.065660377358489942e-03 4.895671191553543911e-02 -9.368221925133689634e-03 8.522322335025379544e-03 2.056449344457687844e-01 0.000000000000000000e+00 -1.779083916083915723e-02 1.512398949824970695e-01 2.096947841306884830e-01 -1.844573443008225636e-02 -2.818297619047619232e-02 8.861515476190476304e-02 9.495155615696889220e-03 3.045697058823530756e-02 -2.367647840531561521e-02 -3.373443438914026926e-02 -2.443095838587642024e-02 -3.911084065244667396e-02 9.703953488372088834e-03 -5.804999999999998529e-03 9.526764705882350900e-03 2.384085530921820073e-01 -8.281985981308411654e-03 -1.176520467836257404e-02 -3.153279205607476682e-02 -6.385229871645273225e-02 2.228635990621336549e-01 -1.269641686182669711e-02 -2.267680327868851903e-02 2.106246189917936329e-01 2.020886603995299402e-01 -1.229385798816567954e-02 -2.073098984771573269e-02 -5.157404545454545575e-02 2.456989929078014223e-01 -1.515103618421052845e-02 -8.462807308970100514e-03 1.871889664804469167e-01 2.004796598639455862e-01 -9.626136363636366659e-04 -4.533505200594353801e-02 -8.957404891304348443e-03 -1.066386333771350949e-03 3.219569655172414835e-02 2.023815057915057947e-01 -4.388285714285713318e-02 -2.073247894103489447e-02 1.897066785290628665e-01 2.099940833333333590e-01 -3.467210714285714340e-02 8.492642857142856591e-03 2.046036342042755196e-01 -6.484357482185272581e-02 3.294507747318237145e-02 -6.564186239620403707e-02 -1.675293697978597063e-02 -6.430279811097994180e-02 -1.852122931442080553e-02 -5.819337278106509123e-03 2.199418278301886742e-01 -3.643335294117647227e-02 2.073565325443786633e-01 -2.911713278495887264e-02 -6.513467058823528555e-02 1.994867020023557425e-01 1.413751650943396165e-01 5.908367298578199450e-02 1.871849112426035300e-01 1.980552983293555891e-01 5.220020151133499681e-02 8.134417808219173568e-03 2.956836343612335161e-01 3.920374074074074039e-02 3.223611111111110428e-02
2.130359999999999893e-02 -1.654125000000000387e-02 1.061886792452829218e-03 -2.350069381598793306e-02 -2.242709893048128178e-02 -1.380908629441624479e-02 1.015842669845053690e-02 -1.779083916083915723e-02 0.000000000000000000e+00 9.741488636363638404e-03 4.570737500000000147e-02 -2.238645308924485169e-02 -3.134113557358052509e-03 4.320067207415990984e-02 -9.136627296587925690e-03 -1.157183499288762414e-02 -2.245113114754098554e-02 -1.502716417910447862e-02 -5.159263803680981877e-03 -2.133401709401709645e-02 1.777041564792175088e-03 2.867636152954808337e-03 -4.817983963344788130e-03 8.264579545454543708e-03 -2.384300341296916731e-04 2.737050113895218330e-03 -1.626036405005688509e-02 -3.310244318181818080e-02 5.445205479452062090e-03 -1.581866590649943019e-02 -1.295792474344355759e-02 2.462866438356164575e-02 9.022070938215108124e-03 -1.056149769585253487e-02 -4.595906288532674612e-03 -1.172714076246334468e-02 -9.564374140302591646e-04 1.001730158730158686e-02 1.820770465489566798e-03 -7.213551020408163345e-03 -7.561018518518518132e-03 -3.712774294670844865e-03 -1.345048920863309294e-02 -1.754248021108179359e-02 -7.236760204081633605e-03 4.571365461847391037e-03 1.161110000000000614e-02 -2.001944801026957557e-02 -2.359907494145199042e-02 3.293648960739030407e-02 1.963234067207416528e-02 -1.765958285052143806e-02 -1.412740440324449648e-02 2.783823121387283064e-02 -2.675796531791907462e-02 -6.881287703016240528e-03 -2.337640877598151992e-02 -9.613055555555556977e-03 -2.924617241379310478e-02 2.781219792865361178e-03 -4.593986175115207481e-03 2.545490241102181528e-02 -1.402641466208476642e-02 2.297055299539171175e-02 -2.327818077803203711e-02 -3.198408934707903939e-02 3.496793340987370408e-02 6.880264672036825145e-03 -1.576655491329479603e-02 5.476345707656616983e-03 2.489504093567251539e-02 3.526140567200984621e-03 5.062329931972789701e-03 2.373341409691629919e-02 4.281859259259259559e-02 -5.242388888888889487e-02
2.097204000000000013e-01 -1.536011363636363702e-02 6.342926415094338188e-02 1.151444108761329466e-01 1.339384203480589036e-02 2.111562897077513389e-03 4.443738663484487206e-01 1.512398949824970695e-01 9.741488636363638404e-03 0.000000000000000000e+00 5.423018489289741506e-01 6.784551645856982255e-03 7.940347525891830460e-02 3.761984579976985210e-01 -9.204309895833331923e-03 7.036642253521127599e-02 1.932987012987013968e-03 -3.621786666666666071e-02 1.727807551766139546e-03 -5.263660975609756043e-02 4.273202439024390009e-02 1.248106481481481289e-02 9.534932878270763190e-02 4.842998194130925804e-01 8.971751412429393837e-04 6.201088235294117262e-02 4.176158192090396667e-04 -6.409137697516929799e-02 4.567718480725622698e-01 3.113009060022650307e-02 3.544756511891280354e-02 3.656271315192743954e-01 4.616598181818182267e-01 2.075446224256293284e-02 6.706107711138310778e-02 1.301914825581395319e-01 3.406234836065573646e-01 2.092960629921259558e-02 4.961173566878981228e-02 3.341219703103913696e-01 2.311650656167979212e-01 1.133688062015503761e-01 1.614891583452211093e-02 4.542589005235601884e-02 1.854941772151898899e-02 6.047387782204514256e-02 3.669492059553349783e-01 -6.478484076433119881e-03 4.656539534883721160e-02 3.485136123853210810e-01 4.573441657077099709e-01 -6.369436133486765066e-03 5.321054085155350888e-02 3.504855568312284508e-01 -9.035748564867968069e-02 9.396546082949307210e-02 -7.018581422018348170e-02 7.181045977011494760e-03 -8.150287671232878117e-02 1.091662857142857226e-02 1.340032608695652105e-01 4.779808893956670190e-01 -3.282701934015926776e-02 4.071343478260869286e-01 -2.333012500000000017e-02 -7.025841865756540794e-02 5.208224743443556903e-01 2.104359085714285482e-01 8.880603903559126933e-02 4.274025576036866170e-01 4.141403832752613701e-01 1.123455759803921594e-01 8.574252971137522050e-02 3.511932819383259408e-01 1.486910740740740866e-01 1.438044444444444570e-01
6.130055999999999283e-01 9.953068181818186186e-03 1.114673962264150914e-01 1.816312386706948612e-01 -1.020923694779111383e-03 2.898471410419313499e-02 6.889622195704058205e-01 2.096947841306884830e-01 4.570737500000000147e-02 5.423018489289741506e-01 0.000000000000000000e+00 3.685818388195233331e-02 1.975085040276179371e-01 6.419719907940161230e-01 -4.553852864583331911e-02 6.829046478873240789e-02 -2.171472402597402623e-02 -6.901408888888888038e-02 -6.094365408038977111e-02 -8.844325609756098494e-02 3.101963414634146404e-02 -2.892122685185185421e-02 1.669772582480091028e-01 7.749919300225732721e-01 1.183990960451977367e-02 1.250499321266968222e-01 -1.941333333333333105e-02 -1.372148419864559765e-01 7.236323696145122719e-01 2.161289920724801875e-02 3.895920724801812257e-02 5.962510317460317788e-01 7.217378749999999732e-01 8.569004576659039821e-03 8.774678090575276090e-02 1.675737499999999935e-01 4.780421311475409607e-01 -6.010677165354327313e-03 8.464519108280255111e-02 4.828170445344129313e-01 3.007432152230971600e-01 1.889349767441860228e-01 2.028606276747504239e-02 4.635104712041885483e-02 2.824805063291139368e-02 1.491811155378486020e-01 6.363506451612902515e-01 -2.524438216560509485e-02 2.929038372093022841e-02 6.397425229357799337e-01 7.734700115074798488e-01 -1.484686996547755766e-02 6.694899884925201161e-02 5.624446613088402991e-01 -1.619930654420206340e-01 1.623033640552995482e-01 -1.060199541284403690e-01 -2.454100000000000031e-02 -1.481575228310502146e-01 -5.848637714285714884e-02 1.884408810068649576e-01 8.180126909920182321e-01 -6.517978384527872704e-02 6.792105377574370051e-01 -4.757075000000000886e-02 -1.407480659840728010e-01 8.296218586088939251e-01 3.598722742857142776e-01 1.354162571756601652e-01 6.781685829493087070e-01 6.893420092915213404e-01 1.970056495098039540e-01 9.400797962648556327e-02 5.558362334801761895e-01 3.678024074074074390e-01 1.524644444444444302e-01
-8.563560000000000616e-02 -1.775352272727272890e-02 -1.001748582230624005e-02 -2.085579268292682767e-02 -2.025533063427800359e-02 -2.875565941101152281e-02 -6.199158653846150585e-03 -1.844573443008225636e-02 -2.238645308924485169e-02 6.784551645856982255e-03 3.685818388195233331e-02 0.000000000000000000e+00 -3.459167630057802950e-02 2.880896871378911192e-02 7.702099737532970959e-05 -1.901730113636363600e-02 -3.791757774140752657e-02 -2.419804185351270842e-02 -1.218720245398773050e-02 -1.278962148962149020e-02 9.721234567901245816e-04 3.643834498834497889e-03 -7.761970217640322411e-03 -1.747462500000000057e-02 -5.067189988623438043e-03 -3.086681093394078035e-02 -2.399070454545454423e-02 -3.581721906923950038e-02 1.926305587229194859e-03 -3.723917995444191165e-02 -2.348267653758542156e-02 -2.009874572405927814e-03 -2.480257142857142730e-02 -2.010584579976985170e-02 -2.182495716034271727e-02 -3.471571010248901412e-02 1.323874828060522986e-02 -5.604380952380953566e-03 -5.784173354735153670e-03 3.971254076086956630e-02 -1.758177014531045945e-03 -2.362099999999999964e-02 -1.389810271041369560e-02 -8.627220026350459689e-03 -1.533846055979643658e-02 -4.883097463284378180e-03 -4.286433915211968794e-03 -2.827163892445582610e-02 -2.464310747663550974e-02 -2.051707035755478969e-02 1.373387731481482722e-02 -2.856843749999999835e-02 -2.125741898148147957e-02 3.627967667436488627e-03 -1.820167436489607271e-02 -1.405216685979142517e-02 -2.030204152249135210e-02 -1.665064739884393463e-02 -1.785026406429391505e-02 -1.087685057471264420e-02 -2.802909090909091322e-02 -6.074575688073394729e-03 -1.746326086956521625e-02 3.556173762945916139e-02 -2.347613714285714387e-02 -3.936105263157894940e-02 3.703088302752295669e-02 -1.532762068965517338e-02 -1.211101616628175622e-02 3.562734646581697598e-03 -7.885397196261681105e-03 -1.141054254007398301e-02 -2.847988013698630680e-02 -1.590495594713656549e-02 9.684259259259257041e-03 -2.909666666666666651e-02
-9.492839999999999612e-02 -5.184160919540230228e-02 2.459206627680311785e-02 1.119820433436533036e-02 -2.945012311901504948e-02 -3.935325974025974394e-02 1.970328989037758716e-01 -2.818297619047619232e-02 -3.134113557358052509e-03 7.940347525891830460e-02 1.975085040276179371e-01 -3.459167630057802950e-02 0.000000000000000000e+00 1.842114154200230058e-01 -4.067908735332463610e-02 -2.308888418079096255e-02 -2.940673876871879866e-02 -2.976893778452200517e-02 -1.111968944099378867e-02 -3.580268656716417697e-02 -2.115337408312958564e-02 -9.633057851239687887e-04 4.322421113689095540e-02 2.006702876869965457e-01 -1.074391705069124500e-02 3.234847750865051802e-02 -2.657555811277330024e-02 -6.526637931034483253e-02 2.087103117782909967e-01 -1.812175317185697743e-02 -6.669769319492501770e-03 1.495169284064665205e-01 1.793758564814814382e-01 -6.707424242424242164e-03 1.048399500624219889e-02 5.726903129657227864e-02 3.173895251396647438e-02 4.565605815831985659e-03 9.841386623164765160e-03 6.740475206611570846e-02 1.943148793565683749e-02 7.109679936305733639e-02 -1.365728467153284886e-02 -4.306951871657754491e-03 -2.012579354838709908e-02 2.843925630810092975e-02 1.843221491782553456e-01 -2.590537662337662542e-02 -2.151015384615384551e-02 1.767516355140186790e-01 1.792952754982415076e-01 -1.862621336459554383e-02 -3.317902696365768178e-02 1.269425146198830401e-01 -5.043512280701753503e-02 2.780557511737089330e-02 -4.331067757009345737e-02 -9.155327868852458292e-03 -5.079246511627907162e-02 1.215622817229334305e-03 2.509794871794871624e-02 2.041324157955865526e-01 -3.871599073001159158e-02 1.647131351981351854e-01 -4.885689814814814236e-02 -6.572018539976824669e-02 1.903374099883856085e-01 7.585266589057043651e-02 -6.425333333333332377e-03 1.573692840375586766e-01 1.548510769230768969e-01 4.388558749999999647e-02 -1.012621291448516543e-02 9.614632420091324960e-02 1.540493725490195975e-01 -2.812500000000000416e-02
5.600832000000000033e-01 5.081034482758618569e-03 8.652961089494164149e-02 1.367603400309118922e-01 -3.942106703146376102e-03 1.274025974025957736e-04 5.297845188794153559e-01 8.861515476190476304e-02 4.320067207415990984e-02 3.761984579976985210e-01 6.419719907940161230e-01 2.880896871378911192e-02 1.842114154200230058e-01 0.000000000000000000e+00 -5.288951885565670863e-02 5.375892806770099508e-02 -6.689051580698841988e-03 -2.408172727272726854e-02 -1.573673697270471655e-02 -4.150778881987577523e-02 4.612958435207824975e-03 7.274622641509431199e-03 1.246205793742757723e-01 6.164453563218390553e-01 1.710688940092166058e-02 9.172949250288348066e-02 -1.222400921658986159e-02 -9.328682393555810803e-02 5.726077341040461954e-01 -1.716175519630485855e-02 2.608038106235565853e-02 4.686367398843930276e-01 5.576289803012747237e-01 6.207736289381558803e-03 5.599572500000001007e-02 1.907820715350223573e-01 2.774042178770949607e-01 3.219730210016155669e-02 9.955672104404567069e-02 3.173846556473828850e-01 1.865616890080428747e-01 1.824275636942674916e-01 4.708272992700729409e-02 3.397303475935829070e-02 1.781333333333333380e-02 1.260995611702127595e-01 4.954882278481012592e-01 4.027191157347203253e-03 2.896956161137441074e-02 5.054480957943925379e-01 5.709041617819460290e-01 -4.365580304806567988e-03 6.600356389214537267e-02 4.188706081871345077e-01 -8.007222222222221131e-02 1.265915845070422485e-01 -3.050051401869158241e-02 -6.070058548009371092e-03 -7.401315116279069684e-02 -1.668511059371361946e-02 1.551828554778554581e-01 6.359314169570268183e-01 -2.334487833140208232e-02 4.876820862470862550e-01 -4.523726851851851000e-02 -9.603884125144843131e-02 6.092848780487805094e-01 2.859521885913853256e-01 7.929928654970759550e-02 5.011850821596244288e-01 5.439481420118342792e-01 1.598887875000000180e-01 7.323625435540069561e-02 3.965801138952164129e-01 3.216158203125000226e-01 -4.331578947368417212e-03
-1.215268000000000043e-01 -2.398333333333333567e-02 -3.746220095693780349e-03 -3.835003649635036760e-02 -1.081927099841521397e-02 -4.739791356184770298e-04 -6.358608333333333473e-02 9.495155615696889220e-03 -9.136627296587925690e-03 -9.204309895833331923e-03 -4.553852864583331911e-02 7.702099737532970959e-05 -4.067908735332463610e-02 -5.288951885565670863e-02 0.000000000000000000e+00 -1.364426710097719521e-02 1.745762376237624267e-03 -6.218010657193604601e-03 4.018980169971669673e-03 4.454609929078014174e-03 2.316603448275861982e-02 -4.835421686746988607e-03 -1.953973753280839956e-02 -9.507235370611183400e-02 2.444406779661016833e-03 -2.572544386422976129e-02 -8.125202086049543998e-03 -2.386787760416666029e-02 -7.873498691099475866e-02 -3.810928104575164385e-03 -1.544203921568627381e-02 -4.075484293193716578e-02 -7.650946194225723140e-02 -8.246772486772486338e-03 -1.707855978260869323e-02 -4.681719611021069316e-02 7.114874608150472020e-03 -2.808888888888889414e-03 6.087182835820895144e-03 -9.955197472353868524e-03 -2.683496932515339311e-03 -3.580574433656957822e-02 -1.077121842496285391e-02 -2.047861325115562375e-02 -3.934683357879235378e-03 -1.883974164133738610e-02 -3.111182733812949824e-02 -1.598175074183976266e-02 -1.090354362416107344e-02 -4.002603174603173303e-02 -5.120199203187251330e-02 -9.033970783532536269e-03 -1.196667994687914890e-02 -3.089332450331125704e-02 -3.804497354497354215e-03 -1.350132802124834157e-02 -7.430515191545574924e-03 -6.694126984126984661e-03 -4.674178712220761721e-03 -4.048682476943348159e-03 -2.300868073878628572e-02 -5.333617608409985805e-02 2.138925294888595005e-04 -9.477902374670183622e-03 -7.868967320261438178e-03 -2.602109947643978932e-02 -4.051809711286089022e-02 -2.214057818659658991e-02 5.079894319682959521e-03 -5.745690981432360206e-02 -4.307398929049531533e-02 -4.327012802275961682e-03 2.252995824634655697e-02 -6.078689458689460513e-03 -9.333103448275852781e-03 3.008263157894737472e-02
2.035520000000000107e-01 3.049405063291139167e-02 3.305829383886255829e-03 5.196672097759674758e-02 -1.171273996509598556e-02 -6.281256117455139183e-03 5.701939577039275703e-02 3.045697058823530756e-02 -1.157183499288762414e-02 7.036642253521127599e-02 6.829046478873240789e-02 -1.901730113636363600e-02 -2.308888418079096255e-02 5.375892806770099508e-02 -1.364426710097719521e-02 0.000000000000000000e+00 -1.444448015122873352e-02 -4.878467583497052805e-03 -1.458866768759572129e-03 -2.297236196319018056e-02 2.879640949554895801e-02 -7.080244604316548486e-03 9.193154929577460402e-03 6.712726256983239659e-02 -1.363837535014005660e-03 -1.204281907433380101e-02 -1.428072829131652767e-02 -3.693962237762238310e-02 5.808068723702664721e-02 -2.509451612903226131e-02 -1.629879551820728051e-02 5.172185654008438355e-02 6.282650211565585230e-02 -1.333601418439716267e-02 -4.675220700152205207e-03 1.064427083333333371e-02 5.200458262350936972e-02 7.697359550561797513e-03 -1.505603383458646929e-02 3.898691823899370912e-02 4.198789735099337644e-02 2.691491743119265451e-02 2.396868131868132648e-03 3.510294599018000308e-03 -3.334209702660406727e-03 1.132711038961040561e-03 3.936828746177369748e-02 -3.277195892575039682e-02 -1.307389048991354497e-02 4.690134560906516342e-02 8.077486447931526981e-02 -1.173259629101284021e-02 -1.101480741797432154e-02 4.574056899004267512e-02 -3.314292198581560850e-02 6.523632478632481434e-03 -3.384833806818181995e-02 -8.970938833570413565e-03 -3.410471751412429836e-02 -1.926704384724187190e-03 1.341779036827195522e-02 8.127375176304654780e-02 -1.706479606188467113e-02 5.744191218130311610e-02 -1.875681179775280649e-02 -3.794684950773558052e-02 6.956791255289139497e-02 4.078760961810466018e-02 1.685403409090908966e-02 4.902962910128387530e-02 4.395458213256484004e-02 4.422984615384608319e-03 1.020285714285714025e-02 4.700322314049587558e-02 6.892116402116390747e-03 6.351315789473684081e-02
-1.432900000000000007e-01 -4.945423076923076422e-02 -1.300388059701492773e-02 -3.252211111111111275e-02 -2.353590038314175986e-02 -2.415953488372092964e-02 1.604900000000000077e-02 -2.367647840531561521e-02 -2.245113114754098554e-02 1.932987012987013968e-03 -2.171472402597402623e-02 -3.791757774140752657e-02 -2.940673876871879866e-02 -6.689051580698841988e-03 1.745762376237624267e-03 -1.444448015122873352e-02 0.000000000000000000e+00 -3.621270967741935243e-02 -8.882017094017095188e-03 -2.286482698961937732e-02 -1.152106870229008088e-02 -1.587480582524272363e-02 -1.149373801916933092e-02 -5.129745222929935587e-03 -6.527268370607029573e-03 -2.468771200000000055e-02 -2.555271565495207883e-02 -3.986765550239235179e-02 4.543237179487184980e-03 -3.378675200000000323e-02 -2.475683706070287704e-02 1.416728731942215602e-02 -7.106430868167195637e-03 -2.601943273905996459e-02 -2.059482332155477061e-02 -2.131980219780220051e-02 2.159537572254364448e-04 -1.411926229508198884e-03 -2.365079831932773158e-02 -3.347975778546713466e-02 -1.196030575539568097e-02 -2.348706024096385014e-02 -2.106206896551724231e-02 -2.591968978102189916e-02 -2.027402376910017109e-02 -6.186612021857921910e-03 -9.336300000000000501e-03 -1.822630252100839940e-02 -2.980889067524116268e-02 2.863456591639871110e-03 -5.379805510534844092e-03 -3.098048543689320769e-02 -2.275797734627831720e-02 6.993639291465378154e-03 -2.509456451612903510e-02 -5.071728594507270843e-03 -3.029723027375201203e-02 -2.289491114701130980e-02 -2.840304487179486775e-02 -1.227301765650080402e-02 -1.799263665594855524e-02 5.961712000000000088e-03 -2.183880191693290604e-02 -9.192850241545893336e-03 -3.200929712460064136e-02 -3.846426517571885362e-02 -4.259361022364216084e-03 2.065064102564103613e-03 -2.199954838709677549e-02 1.937358184764990986e-03 -6.332081967213114108e-03 1.063211243611584221e-02 -1.758096774193548470e-02 3.073537216828479621e-02 5.355839378238341775e-02 1.229421052631579116e-02
-1.271419999999999773e-01 -2.360710526315789107e-02 -1.069647058823529166e-02 -3.586055999999999272e-02 -2.942134482758620648e-02 -2.367299999999999960e-02 -6.537640986132511878e-02 -3.373443438914026926e-02 -1.502716417910447862e-02 -3.621786666666666071e-02 -6.901408888888888038e-02 -2.419804185351270842e-02 -2.976893778452200517e-02 -2.408172727272726854e-02 -6.218010657193604601e-03 -4.878467583497052805e-03 -3.621270967741935243e-02 0.000000000000000000e+00 -1.260910029498525133e-02 -1.040379585326953529e-02 -2.011442815249267144e-02 -1.669437967115097038e-02 -2.814715542521994268e-02 -9.366063953488371063e-02 -5.029212827988338401e-03 -2.872767883211678475e-02 -1.577527696793003253e-02 -3.877810771470160262e-02 -7.889925438596491480e-02 -2.582877372262773474e-02 -3.016205839416058465e-02 -6.028106259097525121e-02 -7.285497816593886067e-02 -2.636190058479532042e-02 -2.457917981072555574e-02 -3.634190053285968336e-02 -6.027937602627258390e-02 -1.187046641791044722e-02 -2.594110074626865964e-02 -4.552279437609842161e-02 -4.134982171799027328e-02 -1.834889108910891034e-02 -2.069990925589836744e-02 -2.941582508250824637e-02 -1.945830845771144568e-02 -2.213430485762144309e-02 -4.403900651465797456e-02 -2.851341137123745983e-02 -2.989542728635681892e-02 -5.163995588235294198e-02 -7.513450146627566328e-02 -2.138615271659324857e-02 -3.958646108663729790e-02 -4.151166666666666200e-02 -1.789503671071953142e-02 -3.154070692194403669e-02 -2.024518355359764682e-02 -1.617024963289280526e-02 -1.941828445747800780e-02 -7.183064516129033898e-03 -1.917186217008797280e-02 -7.682705710102488705e-02 -1.627181021897810415e-02 -3.822834795321637669e-02 -2.795208759124087269e-02 -3.937207602339180823e-02 -5.783604685212297841e-02 -3.117846266471449926e-02 -2.652544918998527360e-02 -6.763309629629628283e-02 -6.661857997010461885e-02 -1.900478056426332593e-02 3.967488789237681745e-04 -3.646809290953545446e-02 8.572214022140220088e-03 -5.800368421052631146e-02
1.262324000000000224e-01 2.011302631578947356e-02 4.904047151277013405e-03 -9.279169329073482311e-03 -4.940400572246066678e-03 -5.520528455284554221e-03 -3.734578064516128060e-02 -2.443095838587642024e-02 -5.159263803680981877e-03 1.727807551766139546e-03 -6.094365408038977111e-02 -1.218720245398773050e-02 -1.111968944099378867e-02 -1.573673697270471655e-02 4.018980169971669673e-03 -1.458866768759572129e-03 -8.882017094017095188e-03 -1.260910029498525133e-02 0.000000000000000000e+00 -1.096917487684729263e-02 1.428051813471502458e-02 2.056825622775800694e-02 -8.777724620770128647e-03 -6.422387022016222413e-02 1.130994192799070729e-02 -1.356233720930232443e-02 -5.430127758420441771e-03 -2.158540603248260137e-02 -5.209131548311991822e-02 -1.765169767441860521e-02 -1.150461627906976605e-02 -9.657935034802785090e-03 -3.435432558139534659e-02 -4.538211764705882278e-03 -5.266459627329201417e-04 -1.716495508982036206e-02 -1.133567415730336869e-02 2.870088709677419414e-02 3.581796116504856048e-03 -1.586320754716981363e-02 -1.529179790026246981e-02 -4.394012539184949384e-03 -9.021994134897373088e-05 -6.466124661246528142e-05 -2.217657295850066282e-03 -8.839643835616438350e-03 -1.420758002560819355e-02 -1.506840522875817039e-02 -1.037977245508981891e-02 -8.859256198347108952e-03 -2.353502958579882162e-02 -8.961207100591716060e-03 -1.100762130177514869e-02 -8.936474056603773558e-03 -1.819829988193624737e-02 -5.852180094786731644e-03 -9.510648584905660383e-03 1.292270685579196242e-02 -1.391326291079812531e-02 2.570344300822561406e-02 -1.283186839012926024e-02 -3.764228873239436335e-02 -5.257096018735364119e-03 -3.507852767962308521e-02 -9.478818713450293601e-03 -2.402651053864168426e-02 -4.159940140845070494e-02 -3.546999999999998505e-03 -4.745790094339622650e-03 -2.692053191489361674e-02 -1.025126340882002995e-02 5.497630922693257398e-04 3.243204697986575621e-03 -2.340199541284403509e-02 -1.530055970149253770e-02 9.816315789473681677e-03
-1.454656000000000005e-01 -3.610174418604650270e-02 -1.091026717557252133e-02 -4.889718553459119349e-02 -2.725311797752808657e-02 -2.539821333333333597e-02 -1.016366025641025628e-01 -3.911084065244667396e-02 -2.133401709401709645e-02 -5.263660975609756043e-02 -8.844325609756098494e-02 -1.278962148962149020e-02 -3.580268656716417697e-02 -4.150778881987577523e-02 4.454609929078014174e-03 -2.297236196319018056e-02 -2.286482698961937732e-02 -1.040379585326953529e-02 -1.096917487684729263e-02 0.000000000000000000e+00 4.544309523809522515e-03 -6.089647473560518172e-03 -2.896645687645687736e-02 -1.133425347222222351e-01 -3.415533642691414955e-03 -3.560094076655052203e-02 -2.067383990719257394e-02 -3.104442641946697501e-02 -1.078458440046565769e-01 -2.606369767441860455e-02 -2.657413953488372074e-02 -6.259909196740395809e-02 -1.037951575262543724e-01 -1.435864066193853587e-02 -2.330961201501877134e-02 -4.633422788605696951e-02 -6.505444137931035153e-02 -1.203723974763407090e-02 -1.975684210526315598e-02 -5.851403581267217158e-02 -4.545799472295514870e-02 -3.679642972536349005e-02 -1.801453769559032900e-02 -2.789655716162943097e-02 -2.151750335570470213e-02 -2.762693570451436528e-02 -5.678186700767263312e-02 -2.309061760840998637e-02 -2.323863636363636756e-02 -7.076561320754717888e-02 -9.202382978723404328e-02 -2.087034278959810571e-02 -2.628704491725768547e-02 -5.131952830188678261e-02 -9.503266509433961826e-03 -2.722244970414200785e-02 -1.143163722025912835e-02 -1.034689492325856046e-02 -1.016007033997655233e-02 -4.764565727699530961e-03 -3.732916666666666328e-02 -1.008131770222743251e-01 -8.434023391812865700e-03 -6.082535294117646929e-02 -1.511249999999999920e-02 -3.178219883040935001e-02 -7.827552168815941902e-02 -4.606716803760281531e-02 -2.521181389870435358e-02 -8.532252656434474725e-02 -7.605215895610913102e-02 -2.827287128712871467e-02 -1.289995081967213082e-02 -6.677863736263735250e-02 -1.984333333333333435e-02 -5.008421052631578663e-02
