0.000000000000000000e+00 1.677111999999999492e-01 6.030119999999999925e-02 4.641819999999999835e-01 1.840940000000000076e-01 9.582839999999999414e-02 1.954991999999999563e-01 2.006063999999999903e-01 1.330580000000000096e-01 2.557084000000000024e-01 2.639960000000000084e-01 5.314440000000000830e-02 1.586260000000000170e-01 2.573735999999999802e-01 4.886840000000000628e-02 2.687515999999999794e-01 5.838999999999999746e-02 2.900559999999999597e-02 8.441959999999999742e-02 3.957960000000000644e-02 1.742099999999999760e-01 8.221639999999999504e-02 1.463544000000000234e-01 5.776927999999998953e-01 1.729883999999999866e-01 8.836959999999999260e-02 1.078931999999999947e-01 1.918659999999999810e-01 1.284408000000000216e-01 1.046831999999999901e-01 1.158696000000000170e-01 2.974340000000000317e-01 -1.645667999999999853e-01 7.878679999999999017e-02 1.413739999999999997e-01 -5.487959999999998673e-02 5.317279999999999229e-02 2.818499999999999478e-02 4.185291666666666327e-02 2.259319999999999037e-02 1.085867999999999972e-01 3.564127999999999741e-01 1.316303999999999808e-01 2.324819999999999665e-01 6.505079999999999196e-02 1.831031999999999660e-01 1.241536000000000028e-01 1.210872000000000059e-01 1.602471999999999785e-01 5.092775999999999970e-01 4.948523999999999701e-01 6.978399999999999881e-02 1.321984000000000214e-01 6.452240000000000753e-02 4.294040000000001051e-02 2.277171999999999807e-01 -9.489999999999998437e-03 5.530680000000000318e-02 3.957959999999999950e-02 1.340319999999999567e-01 2.768387999999999960e-01 2.187179999999999958e-01 6.303399999999999281e-02 2.030648000000000175e-01 1.146279999999999938e-01 1.918659999999999810e-01 2.639960000000000084e-01 -7.038519999999999499e-02 1.082612000000000019e-01 4.609999999999997780e-03 1.732259999999999911e-01 6.289199999999998958e-02 5.838999999999999746e-02 5.050350000000000117e-01 1.399500000000000050e-02 -7.137000000000000288e-02
1.677111999999999492e-01 0.000000000000000000e+00 1.512026136363636419e-01 2.532644318181818122e-01 2.857112500000000277e-01 3.670721590909090670e-01 1.202310344827585836e-01 3.550597727272727377e-01 3.262454545454545607e-01 1.378787500000000221e-01 2.629227272727272316e-02 3.446107954545454266e-01 2.685620689655172089e-01 -2.596517241379310906e-02 2.480514942528736222e-01 2.507245569620252801e-01 3.762842307692307875e-01 3.156927631578947402e-01 1.715371052631578797e-01 2.978643023255814759e-01 1.956339534883720366e-01 2.265476623376622978e-01 3.105750574712642931e-01 2.069228409090908827e-01 2.652829545454545856e-01 3.152306818181818127e-01 3.166196590909091113e-01 4.427242045454546360e-01 1.107631818181818023e-01 2.287377272727272315e-01 2.704498863636363715e-01 1.012623863636363392e-01 1.130275000000000030e-01 2.907501136363636607e-01 2.308123863636363515e-01 2.822456818181818261e-01 6.796734939759034588e-02 2.791017741935484242e-01 2.104053333333333609e-01 1.932229411764705418e-01 1.596505555555555733e-01 2.554852459016393462e-01 2.501243902439024280e-01 2.960060919540229429e-01 3.122522988505747610e-01 3.270219318181817880e-01 1.001693181818181788e-01 3.461226136363636519e-01 2.400311363636363216e-01 1.268631818181818194e-01 1.163729545454545433e-01 3.846389772727272782e-01 2.118287499999999823e-01 8.886340909090907625e-02 3.913327272727272765e-01 2.614537500000000403e-01 3.780022727272727701e-01 1.944502272727272885e-01 3.385717045454545993e-01 1.675013636363636149e-01 2.378256818181818388e-01 1.852444318181818150e-01 2.591067045454545359e-01 8.751920454545453198e-02 1.922414772727273069e-01 4.392709090909091563e-01 2.634193181818181642e-02 1.850064772727272322e-01 1.699351136363636272e-01 8.095988636363636581e-02 1.063049999999999967e-01 1.850302597402597726e-01 4.192890000000000228e-01 8.576066666666665173e-02 1.252045454545454295e-01 3.694500000000000006e-01
6.030119999999999925e-02 1.512026136363636419e-01 0.000000000000000000e+00 2.514389035916824167e-01 2.215426226415094513e-01 2.809313018867924949e-01 1.975938446969697226e-01 3.223690000000000166e-01 2.624820188679245492e-01 1.548613962264150934e-01 1.310205849056603755e-01 2.816578071833648611e-01 2.365106627680312046e-01 8.143060311284047725e-02 2.027493540669856320e-01 2.455500473933649175e-01 2.916725970149253722e-01 2.181249104859335486e-01 2.171056777996070997e-01 2.239072137404580221e-01 2.421113068181818262e-01 1.740955319148936031e-01 2.284934026465028634e-01 2.648587547169811707e-01 2.232444150943396488e-01 2.552749622641509175e-01 2.454894150943396081e-01 2.243893962264150721e-01 2.016686767485822152e-01 3.063769376181474380e-01 2.498557007575757660e-01 1.402668113207547196e-01 1.865739319470699487e-01 2.340190702087286689e-01 2.168563749999999901e-01 2.002312623762376453e-01 1.845991545893719554e-01 2.179787925696594353e-01 1.930634756097561189e-01 1.573642619047619096e-01 2.314998886414254275e-01 1.920755851063829789e-01 2.231425964010282648e-01 2.128882126696832466e-01 2.527793435448577597e-01 2.093426225490195858e-01 1.377126258205689235e-01 2.563034633027522768e-01 2.576568307086614107e-01 1.614617658349328244e-01 1.987924131274131090e-01 2.606761003861003401e-01 2.276484362934363403e-01 1.329231021194604845e-01 2.048402115384615196e-01 2.294136627906976644e-01 2.623982307692306892e-01 2.378666344294003698e-01 2.120641221374045815e-01 1.821232824427481134e-01 1.775761376673040126e-01 2.472389142857142896e-01 2.083923954372624010e-01 1.524522692307692384e-01 2.452569714285714186e-01 2.276860496183206184e-01 1.349740152963671003e-01 2.243988122605364011e-01 2.261508429118773977e-01 1.742463479923518355e-01 1.496633333333333149e-01 2.416974950690335688e-01 1.505545852534562190e-01 1.904445259938837842e-01 1.874201456310680136e-01 2.835291666666666655e-01
4.641819999999999835e-01 2.532644318181818122e-01 2.514389035916824167e-01 0.000000000000000000e+00 3.509072247360482399e-01 3.427149170437406300e-01 2.235157791225415580e-01 4.006671342383107404e-01 2.735766063348416544e-01 2.246066465256797429e-01 8.790530211480361567e-02 3.581704115853658332e-01 2.497533900928792516e-01 9.617933539412674981e-02 3.227944525547445376e-01 3.193389205702647504e-01 3.438059555555554869e-01 3.071398399999999973e-01 2.933905431309904444e-01 2.953469339622641909e-01 2.979838260869565048e-01 2.093231846153845999e-01 2.754466465256797947e-01 2.884965761689291530e-01 2.554938914027149455e-01 2.879972247360482740e-01 3.209015384615384603e-01 3.962044494720964871e-01 2.098865553869499467e-01 3.592461666666666997e-01 2.901242727272727584e-01 1.869400758725341394e-01 1.887577507598783844e-01 2.805590783410137901e-01 2.398783724832214970e-01 2.898184566596194722e-01 2.075255769230769376e-01 2.587501627906976798e-01 2.218465268065268059e-01 2.397733024118737788e-01 3.010089605734767582e-01 1.990992609699769045e-01 2.483902362204724601e-01 3.040836062717769961e-01 3.341117241379309988e-01 2.507787174721189394e-01 1.731864516129032194e-01 2.829339858906525507e-01 3.464162812500000133e-01 2.135377641653904979e-01 2.179413076923076842e-01 3.475526153846154043e-01 3.042667846153846445e-01 1.664132258064516257e-01 3.515780923076923248e-01 2.742848995363214581e-01 3.046269431643625070e-01 2.940586440677966373e-01 3.417090548780488124e-01 2.093292225609756363e-01 2.404883664122137443e-01 3.141223556231003133e-01 3.042914415781487469e-01 1.437869218989279996e-01 3.316822036474164070e-01 4.014022374429223605e-01 1.134086432926829369e-01 3.654087938931298019e-01 3.453276758409785652e-01 1.827510229007633658e-01 2.131867434715821741e-01 3.307571941272430260e-01 1.716985371179039210e-01 2.490379705882352912e-01 2.032824637681159563e-01 2.998353846153846147e-01
1.840940000000000076e-01 2.857112500000000277e-01 2.215426226415094513e-01 3.509072247360482399e-01 0.000000000000000000e+00 3.401207228915662517e-01 1.558961930294906206e-01 4.018734491978609435e-01 2.797221791443850192e-01 1.306240160642570258e-01 3.432179384203480621e-02 3.835831713900135220e-01 2.986509302325581205e-01 -1.414964432284541648e-02 2.098414421553090603e-01 2.798437696335078773e-01 3.736400191570881102e-01 2.746494482758620181e-01 2.416603004291845436e-01 2.769672331460674153e-01 2.329693890675241519e-01 1.802204489795918296e-01 2.951392876344086091e-01 2.093737165775400866e-01 2.066853342245989211e-01 3.412102540106951576e-01 2.900617112299465061e-01 3.259200534759358336e-01 1.537199731182795626e-01 4.367444161073825715e-01 3.075671677852349073e-01 1.053653494623655873e-01 1.318437415881561214e-01 2.949160461956522039e-01 2.643030102790014935e-01 2.637797472924187647e-01 1.743813689482471008e-01 2.499428286852589665e-01 2.170434677419354752e-01 1.600586820428336055e-01 2.714120031796501964e-01 2.460935937500000059e-01 2.413849324324324197e-01 2.805416615853658091e-01 3.065715256797583166e-01 2.068234782608696087e-01 1.010340476190476205e-01 3.298174923076923060e-01 3.293630982019363773e-01 1.293280298913043469e-01 1.515104092769440636e-01 3.870292087312414697e-01 2.929264802182810490e-01 9.834144021739130159e-02 2.598163945578231826e-01 2.715119672131147688e-01 2.681089402173912895e-01 2.838959673024523123e-01 2.643207432432432280e-01 1.897515675675675584e-01 2.374256698240866104e-01 2.192315768194070258e-01 2.406638978494623771e-01 8.365113821138210615e-02 3.047625168236877680e-01 3.363762533692722378e-01 3.123937921727395345e-02 2.664583513513513746e-01 2.732444113667117369e-01 1.391142972972972958e-01 1.451539945652173813e-01 2.690216017316017227e-01 2.348958444022770375e-01 1.917782063882063903e-01 1.812191954022988605e-01 2.179606666666666637e-01
9.582839999999999414e-02 3.670721590909090670e-01 2.809313018867924949e-01 3.427149170437406300e-01 3.401207228915662517e-01 0.000000000000000000e+00 1.299876335877862554e-01 4.039287944162436306e-01 2.928408629441624500e-01 1.213795806861499293e-01 2.626693773824650274e-02 3.398144430217669987e-01 2.610893896103896328e-01 -2.752790909090909247e-02 2.595119523099850833e-01 3.465218597063621786e-01 3.111046511627906241e-01 3.026559677419354832e-01 2.650669105691056404e-01 2.804414666666666389e-01 2.280208430232558703e-01 2.019029999999999714e-01 2.732603717948717814e-01 1.949848477157360149e-01 2.518375984752223573e-01 3.038420610687022627e-01 3.229357379134860095e-01 3.859899745870394860e-01 1.450300766283524889e-01 3.657979974489796171e-01 3.171044387755102556e-01 1.122800255427841704e-01 1.167028516624040863e-01 3.138430064516129492e-01 2.510705277777777744e-01 2.300172175379426309e-01 1.697179434850863422e-01 2.245050646950092488e-01 2.281169216417910373e-01 1.680569444444444394e-01 2.726152095808383469e-01 2.150510507246376768e-01 2.544860254372018904e-01 2.800824999999999565e-01 3.114678428571428515e-01 2.304761456752655591e-01 9.431283098591550229e-02 3.314331785195936408e-01 2.988433551769331675e-01 1.367651225806451876e-01 1.453863989637305953e-01 3.452918523316062527e-01 3.100608937823833844e-01 9.673653350515463989e-02 3.145999096774192982e-01 2.883872538860103862e-01 3.027648453608247081e-01 2.752070155038759958e-01 3.086459487179487038e-01 1.941227820512820557e-01 2.066122978177150349e-01 2.097954987212276579e-01 2.828545918367347256e-01 8.694690231362468824e-02 3.274518263090677173e-01 3.781803836317136347e-01 1.600023047375160462e-02 2.612393589743590150e-01 3.061107060333761454e-01 1.184705769230769146e-01 1.271678395860284527e-01 2.549438408779149401e-01 1.604959528130671664e-01 1.805724941176470866e-01 2.041857358490566376e-01 3.949475000000000069e-01
1.954991999999999563e-01 1.202310344827585836e-01 1.975938446969697226e-01 2.235157791225415580e-01 1.558961930294906206e-01 1.299876335877862554e-01 0.000000000000000000e+00 2.267451013110846070e-01 1.485014302741358705e-01 3.798704057279235768e-01 2.730452505966586840e-01 1.295122836538461497e-01 1.928749208282581895e-01 2.612176979293543977e-01 1.976460000000000716e-01 1.937984138972810022e-01 1.449992033898304944e-01 1.827739291217257145e-01 1.511417419354838809e-01 1.695517564102564101e-01 2.172162365591397970e-01 1.704221071863581127e-01 1.682205294825511455e-01 4.289146181384249079e-01 2.005018996415770527e-01 1.867983851674640816e-01 1.431924133811230959e-01 1.326705369928401212e-01 3.564706714628297357e-01 1.394303712574850307e-01 1.544689820359281540e-01 3.337958033573141248e-01 3.553220793269230571e-01 1.458363801452784159e-01 1.813341092327698245e-01 2.114145794392523481e-01 2.777406851311953195e-01 1.601815619694397230e-01 1.911445797598627927e-01 3.017360545193686905e-01 2.532048743016759862e-01 2.057151919866443968e-01 1.681145966514459578e-01 1.887036061026352018e-01 1.503895833333333265e-01 2.020485310734463358e-01 4.339510526315789596e-01 1.399684032476319340e-01 1.465896059113300787e-01 3.696384466019417281e-01 3.514403288672350856e-01 1.159206942752740582e-01 1.539353227771010912e-01 3.208298422330096988e-01 1.851337014563106953e-01 2.010311327649208224e-01 1.567910303030302932e-01 1.360312636695018285e-01 1.787413872135102666e-01 1.550163570566948090e-01 1.872503623188405686e-01 4.929241395908544043e-01 1.838549459783913320e-01 2.819373518742442908e-01 1.559533533653846005e-01 1.327186161251504293e-01 2.845849759036144788e-01 2.833544632086851256e-01 1.906948606060606122e-01 3.231629418886198812e-01 3.714001221001220765e-01 2.019311741935484183e-01 1.741614808362369204e-01 3.732119819819819662e-01 2.911530855018586994e-01 1.377264705882353113e-01
2.006063999999999903e-01 3.550597727272727377e-01 3.223690000000000166e-01 4.006671342383107404e-01 4.018734491978609435e-01 4.039287944162436306e-01 2.267451013110846070e-01 0.000000000000000000e+00 3.268838228438228355e-01 2.214752042007001320e-01 4.024656942823803818e-02 4.067433490011750918e-01 2.327663452380952513e-01 2.988766666666668390e-02 4.588217726657645712e-01 3.164593088235294061e-01 3.265661627906977227e-01 3.709867420814479400e-01 2.741171500630517066e-01 4.073610288582183436e-01 2.814929715762273799e-01 2.451810595238095303e-01 2.396177882352941158e-01 2.373465694282380078e-01 3.020107943925234295e-01 2.366189941520467910e-01 3.536852336448597645e-01 5.026794749124854356e-01 1.671390855803047970e-01 3.094406206088993194e-01 2.965875878220140538e-01 1.850098241500586216e-01 1.992333019976498532e-01 2.953890887573964452e-01 2.520950253807107133e-01 2.071017272727272707e-01 2.254932624113475392e-01 2.758682730263157801e-01 2.855957475083056307e-01 2.241384078212290132e-01 3.196648163265305986e-01 2.049205194805194807e-01 2.753676523031203249e-01 3.179632880434782871e-01 3.422855453350854282e-01 3.569896413793103851e-01 2.094096010296010446e-01 3.574426719576719313e-01 3.380932972322504004e-01 2.230241162514828013e-01 2.050636904761904689e-01 3.160431666666666528e-01 3.486207619047619333e-01 1.688423040380047646e-01 4.618716152019002874e-01 2.846155661501788003e-01 3.744963107947805181e-01 2.689013436385255806e-01 4.351196576151122319e-01 2.144319621749409266e-01 2.041910887573964439e-01 3.065569221698112856e-01 3.604892235294117619e-01 1.380138816568047544e-01 4.236483901292596999e-01 5.027931647058823117e-01 6.192475853945818981e-02 3.691953537735849222e-01 3.488863270142180117e-01 1.614224023668638930e-01 2.428513365155131332e-01 3.303649622166246469e-01 2.097142465753424612e-01 3.033013215859031164e-01 1.694183333333333374e-01 2.112727777777777816e-01
1.330580000000000096e-01 3.262454545454545607e-01 2.624820188679245492e-01 2.735766063348416544e-01 2.797221791443850192e-01 2.928408629441624500e-01 1.485014302741358705e-01 3.268838228438228355e-01 0.000000000000000000e+00 1.318407954545454674e-01 4.274009090909090813e-02 3.145437070938215118e-01 2.702948435689455087e-01 -4.042536500579374525e-02 2.524391338582677169e-01 2.919662873399715419e-01 3.437468852459016344e-01 2.827395373134328205e-01 2.242441595092024564e-01 3.014758608058608069e-01 2.855982640586796628e-01 1.825996755504055435e-01 2.257511683848796857e-01 2.091142954545454624e-01 2.372836405005688265e-01 3.213955239179954737e-01 2.970247098976109279e-01 3.475083522727272500e-01 1.490695319634703364e-01 3.451301938426454274e-01 2.996854846066134281e-01 1.276269063926940839e-01 1.474949656750571825e-01 3.125169585253456117e-01 2.571788409371146833e-01 2.335554692082111305e-01 1.561364511691884505e-01 2.518567619047619166e-01 2.580498394863564027e-01 1.621442857142857130e-01 2.277782671957671867e-01 2.609663636363636074e-01 2.516237841726619018e-01 2.929913588390501422e-01 2.846849744897959056e-01 2.544171887550201183e-01 1.207662500000000055e-01 3.043959948652117942e-01 2.961914402810304492e-01 1.440459930715935477e-01 1.546240440324449517e-01 3.306141946697567224e-01 2.867573232908459113e-01 1.243461502890173542e-01 3.039748670520231455e-01 2.599385150812065226e-01 2.928742147806004392e-01 2.501380902777777804e-01 2.992831149425287385e-01 1.911297813578826110e-01 2.322824769585253579e-01 2.120022158438576443e-01 2.684204581901489250e-01 7.467645161290323297e-02 3.108555835240274234e-01 3.578013860252004519e-01 3.776562571756601761e-02 2.272179056386651186e-01 2.553487283236994254e-01 1.224392575406032385e-01 1.425411929824561552e-01 2.171516522811344219e-01 2.213427210884353624e-01 1.559590748898678492e-01 1.648464074074073860e-01 3.596894444444443950e-01
2.557084000000000024e-01 1.378787500000000221e-01 1.548613962264150934e-01 2.246066465256797429e-01 1.306240160642570258e-01 1.213795806861499293e-01 3.798704057279235768e-01 2.214752042007001320e-01 1.318407954545454674e-01 0.000000000000000000e+00 2.591330101465614821e-01 1.391107718501702617e-01 1.816903682393556096e-01 2.333964211737629690e-01 1.593297526041666801e-01 1.874975070422534862e-01 1.565933766233766344e-01 1.165676444444444515e-01 1.166051644336175142e-01 1.335313048780487899e-01 2.115244146341463405e-01 1.206992824074074044e-01 1.648537315130830516e-01 3.774267381489841977e-01 1.456783502824858800e-01 1.762087443438913881e-01 1.292316271186440824e-01 1.106229232505643312e-01 3.317832766439909320e-01 1.634761721404303647e-01 1.512147904869762249e-01 2.816017913832199460e-01 3.303800568181817776e-01 1.388136155606407574e-01 1.809638310893512680e-01 1.882150872093023009e-01 2.431984289617486472e-01 1.519931023622047295e-01 1.682519585987261035e-01 2.494935762483130870e-01 2.033287795275590670e-01 2.011220620155038663e-01 1.611509843081312676e-01 1.556991492146597156e-01 1.362444936708860632e-01 1.643372377158034692e-01 3.328579156327543531e-01 1.462928917197452439e-01 1.549628139534883764e-01 3.220611582568806974e-01 3.468075258918296155e-01 1.419712197928653663e-01 1.442415304948216348e-01 2.653968541905855072e-01 1.388084500574053026e-01 1.892544009216589884e-01 1.263244266055046083e-01 1.229757931034482776e-01 1.321042694063926937e-01 1.162496228571428536e-01 1.758036155606407525e-01 4.721503420752566349e-01 1.354106257110352651e-01 2.449004004576659232e-01 1.391772840909090980e-01 1.108097610921501691e-01 2.497464652223489179e-01 2.547516571428571353e-01 1.731336394948335133e-01 2.866370506912442329e-01 3.747296864111498427e-01 1.710049754901960817e-01 1.337257215619694350e-01 3.362836563876651641e-01 1.921451111111111276e-01 1.973277777777777409e-01
2.639960000000000084e-01 2.629227272727272316e-02 1.310205849056603755e-01 8.790530211480361567e-02 3.432179384203480621e-02 2.626693773824650274e-02 2.730452505966586840e-01 4.024656942823803818e-02 4.274009090909090813e-02 2.591330101465614821e-01 0.000000000000000000e+00 -4.711345062429058567e-02 3.425843498273877658e-02 2.228435788262370654e-01 8.892055989583332043e-02 6.499784507042254134e-02 -1.747100649350649335e-02 3.738011851851851669e-02 1.548176126674786768e-01 4.533068292682926326e-02 8.501458536585367043e-02 2.019599652777777643e-01 4.682399317406144013e-02 2.983587133182844520e-01 1.092267118644067725e-01 2.378097285067872976e-02 2.894011299435028314e-02 -4.586976297968397426e-02 2.808931065759637247e-01 -3.952808607021517096e-02 1.875446206115514991e-02 2.769684580498866233e-01 2.998615227272727890e-01 3.548228832951944023e-02 6.896303549571602964e-02 7.726359011627907669e-02 2.678844535519125936e-01 1.689217795275590739e-01 1.051654936305732313e-01 2.262789068825910577e-01 1.766407349081364764e-01 7.314520930232558393e-02 9.738707560627674065e-02 8.533043193717278208e-02 3.659715189873418567e-02 6.661355909694555155e-02 2.985307320099255812e-01 -1.195034394904458466e-02 2.193197674418609529e-03 2.871118004587155936e-01 3.150848561565017247e-01 -2.553525891829689157e-02 1.736927502876870269e-02 2.622389781859931213e-01 1.387034443168771135e-02 8.376256912442396618e-02 6.019850917431191634e-02 1.035469885057471312e-01 2.172344748858447139e-02 2.004021485714285733e-01 5.136117848970252198e-02 3.001962371721779155e-01 7.039591581342434512e-02 3.081813729977116445e-01 1.996079545454546109e-03 -5.721838452787257612e-02 3.761649486887114757e-01 1.542199085714286155e-01 8.145435132032147196e-02 2.876747350230414724e-01 2.623271196283391560e-01 1.399871446078431447e-01 3.285409168081494802e-02 2.349041409691629834e-01 2.329427407407407280e-01 -1.332166666666666048e-02
5.314440000000000830e-02 3.446107954545454266e-01 2.816578071833648611e-01 3.581704115853658332e-01 3.835831713900135220e-01 3.398144430217669987e-01 1.295122836538461497e-01 4.067433490011750918e-01 3.145437070938215118e-01 1.391107718501702617e-01 -4.711345062429058567e-02 0.000000000000000000e+00 3.024520924855491066e-01 -9.651123986095018481e-02 3.546559448818897842e-01 3.143232386363636333e-01 3.347554991816694137e-01 3.788498654708520319e-01 3.061082576687116363e-01 4.033354334554334897e-01 3.062605432098766123e-01 2.406997668997668816e-01 2.717086139747995066e-01 1.650201818181818159e-01 2.702239590443685779e-01 3.056005011389522075e-01 3.535698181818181518e-01 4.811365266742338442e-01 9.665191562143672643e-02 3.602726082004555908e-01 3.639433712984054825e-01 9.041131128848345355e-02 9.401420571428570350e-02 3.321718296892980926e-01 2.791839657282741971e-01 2.526293557833089176e-01 1.317349518569463640e-01 2.970402539682539533e-01 2.736751685393258304e-01 1.382879076086956371e-01 2.367374636723910131e-01 2.619062031250000144e-01 2.983928245363766107e-01 3.621785375494070980e-01 3.315012849872773781e-01 2.779312550066755927e-01 8.167159600997507540e-02 3.674165556978233327e-01 3.455973364485981358e-01 1.118753517877739412e-01 8.759719907407406692e-02 3.517279282407407281e-01 3.647327893518518271e-01 9.676040415704388609e-02 4.603644803695150500e-01 2.894773580533024360e-01 3.516239792387543805e-01 2.902665202312138537e-01 4.449170264064294389e-01 2.452206206896551666e-01 2.459828998849251935e-01 1.842275802752293690e-01 3.335022997711670212e-01 4.521553509781357783e-02 3.944610628571428856e-01 4.836733295194507454e-01 -4.224627293577982307e-02 2.399465632183908070e-01 2.942297806004618987e-01 7.990308227114714668e-02 1.169963785046728988e-01 2.405718865598027167e-01 1.767086301369863166e-01 1.291778414096916572e-01 2.074407777777777795e-01 1.424055555555555630e-01
1.586260000000000170e-01 2.685620689655172089e-01 2.365106627680312046e-01 2.497533900928792516e-01 2.986509302325581205e-01 2.610893896103896328e-01 1.928749208282581895e-01 2.327663452380952513e-01 2.702948435689455087e-01 1.816903682393556096e-01 3.425843498273877658e-02 3.024520924855491066e-01 0.000000000000000000e+00 -3.039094361334868100e-02 2.847806779661016807e-01 2.273658898305084830e-01 2.816502329450915054e-01 3.469301669195751225e-01 2.194122484472049162e-01 3.533716915422886462e-01 2.804881907090464588e-01 2.244778040141676423e-01 2.390631438515081197e-01 2.647771001150747705e-01 2.510108755760368515e-01 2.871420299884659411e-01 2.754127272727273090e-01 4.211161149425287076e-01 1.633654965357967392e-01 2.799063437139561739e-01 2.718606689734717197e-01 1.690300115473441223e-01 1.659101967592592486e-01 2.821614568764568287e-01 2.834928838951311092e-01 3.711189716840536112e-01 1.044092877094972144e-01 2.904121970920839901e-01 2.899999184339314695e-01 1.164927685950413322e-01 1.903727077747988938e-01 2.995224681528662614e-01 2.941763795620438438e-01 2.903414438502673334e-01 2.675035096774193710e-01 2.593789774236388013e-01 1.698519721871049049e-01 3.009953766233766093e-01 2.726280591715976587e-01 1.652191588785046628e-01 1.600596365767877893e-01 2.983134349355217041e-01 2.679196131301289641e-01 1.555588888888888577e-01 3.912080467836257514e-01 2.705863145539905701e-01 3.120739135514018492e-01 2.515045199063231651e-01 3.621427906976744659e-01 2.176522933643771640e-01 2.192669580419580599e-01 2.644754123112659783e-01 2.963658516801854215e-01 1.052993123543123494e-01 3.131178009259259487e-01 4.455807068366164914e-01 3.014903600464576006e-02 2.205572991850989484e-01 2.245204795321637525e-01 1.172978990610328426e-01 1.338755384615384625e-01 2.248218999999999912e-01 1.360210122164048907e-01 1.357931278538812847e-01 2.061832549019607663e-01 2.929655555555556457e-01
2.573735999999999802e-01 -2.596517241379310906e-02 8.143060311284047725e-02 9.617933539412674981e-02 -1.414964432284541648e-02 -2.752790909090909247e-02 2.612176979293543977e-01 2.988766666666668390e-02 -4.042536500579374525e-02 2.333964211737629690e-01 2.228435788262370654e-01 -9.651123986095018481e-02 -3.039094361334868100e-02 0.000000000000000000e+00 2.891828348504550672e-02 3.253399153737656854e-03 -8.876452579034940782e-02 -8.397474242424241009e-02 6.569710918114142484e-02 -4.233151552795030165e-02 -8.093762836185819376e-02 7.271438679245281755e-02 -1.898037079953648551e-02 3.346035057471264396e-01 2.265066820276498069e-02 -4.355790080738176223e-02 -3.834334101382488175e-02 -1.260619562715765418e-01 2.647674450867051887e-01 -7.776236720554272064e-02 -5.705718244803695272e-02 2.399951676300578207e-01 2.709462108922364165e-01 -3.985389731621936243e-02 -3.469253749999999525e-02 -3.431423248882263521e-02 1.751956843575418754e-01 1.379964458804523730e-02 -2.076799347471452312e-02 9.850413223140497276e-02 1.262060723860589928e-01 -1.383858280254776814e-02 -3.093581021897811104e-02 -2.690191176470586518e-02 -3.296355297157622932e-02 2.276515957446816063e-03 2.972417215189873674e-01 -9.035226267880362705e-02 -4.338690758293838046e-02 2.467913317757009228e-01 2.201379132473622324e-01 -9.681701055099647957e-02 -3.187274325908558137e-02 2.369561403508771980e-01 -7.056560233918127145e-02 8.261572769953050982e-03 -6.687997663551402405e-02 1.562227166276345704e-02 -6.899997674418603677e-02 8.982965075669382959e-02 -3.353187645687645546e-02 3.547609756097561129e-01 -1.651083429895713189e-02 1.509551282051281862e-01 -9.444780092592591769e-02 -1.335329895712630000e-01 2.008418118466898938e-01 1.306782188591385230e-01 3.376457309941520435e-02 2.348983215962441584e-01 2.548195384615384307e-01 8.137357500000000354e-02 -6.652498257839720153e-02 2.315675398633257609e-01 1.427790234374999856e-01 -3.267852631578947453e-01
4.886840000000000628e-02 2.480514942528736222e-01 2.027493540669856320e-01 3.227944525547445376e-01 2.098414421553090603e-01 2.595119523099850833e-01 1.976460000000000716e-01 4.588217726657645712e-01 2.524391338582677169e-01 1.593297526041666801e-01 8.892055989583332043e-02 3.546559448818897842e-01 2.847806779661016807e-01 2.891828348504550672e-02 0.000000000000000000e+00 3.018928664495113545e-01 2.562569306930693180e-01 2.087274777975133000e-01 2.508794900849858345e-01 2.192870638297872155e-01 1.855586945812807698e-01 2.070512182061579609e-01 2.848559842519685636e-01 2.568538621586475834e-01 1.541521382007822738e-01 3.230613968668407665e-01 2.212512125162972576e-01 1.569932421875000206e-01 1.975016361256544672e-01 4.014856078431372488e-01 2.478331372549019695e-01 1.447520287958115326e-01 1.684212729658792485e-01 3.123501455026455043e-01 2.278056250000000116e-01 2.005989465153971141e-01 2.136169905956112891e-01 2.313304629629629738e-01 1.969738432835820841e-01 2.276077251184834283e-01 3.019737269938650437e-01 1.783333009708737982e-01 2.014171322436849876e-01 2.241861941448382300e-01 2.467074521354933880e-01 1.661701823708206516e-01 1.659127482014388366e-01 2.634752967359050291e-01 2.677049798657717972e-01 1.385559391534391394e-01 1.697183532536520323e-01 3.290775962815405409e-01 2.437485258964143531e-01 1.421983576158940277e-01 1.706145502645502743e-01 2.308770650730412044e-01 2.231152840158520390e-01 2.905800793650793468e-01 1.761700788436267873e-01 2.194407641633728812e-01 2.197745646437994915e-01 2.363929960578186606e-01 1.655914678899082781e-01 1.305675461741424848e-01 2.436230588235294425e-01 1.657533376963351013e-01 8.695242782152230732e-02 2.417074770039421838e-01 2.460740819022456949e-01 1.677724535809018702e-01 1.673782998661311749e-01 2.611473399715504851e-01 1.356391858037578335e-01 1.931867806267806298e-01 1.419944252873563129e-01 5.997473684210525430e-02
2.687515999999999794e-01 2.507245569620252801e-01 2.455500473933649175e-01 3.193389205702647504e-01 2.798437696335078773e-01 3.465218597063621786e-01 1.937984138972810022e-01 3.164593088235294061e-01 2.919662873399715419e-01 1.874975070422534862e-01 6.499784507042254134e-02 3.143232386363636333e-01 2.273658898305084830e-01 3.253399153737656854e-03 3.018928664495113545e-01 0.000000000000000000e+00 3.698578449905482457e-01 2.701809626719056667e-01 2.299376569678407423e-01 3.052191257668711022e-01 2.609897032640949299e-01 2.204735971223021618e-01 2.470882112676056619e-01 2.253754189944134345e-01 2.556014565826330576e-01 2.859076016830294220e-01 2.899092577030812357e-01 3.637895524475524556e-01 1.745047545582047444e-01 3.124037307152875420e-01 2.750754621848739978e-01 1.490315049226441646e-01 1.802870098730606496e-01 2.970477163120567310e-01 2.749026331811262880e-01 2.383993229166666838e-01 1.835202044293015311e-01 2.681892134831461161e-01 2.257767669172932312e-01 1.704162893081760943e-01 2.462512582781456461e-01 2.342209357798165359e-01 2.594423076923077498e-01 2.712955973813420685e-01 2.944199374021909121e-01 2.914638961038961140e-01 1.607871406727828523e-01 3.163631753554502213e-01 2.910746397694524701e-01 1.758601274787535140e-01 1.620751212553495080e-01 3.202489871611982619e-01 2.730143081312410569e-01 1.503176813655761057e-01 3.550035319148936441e-01 2.627616524216524474e-01 3.104979687500000196e-01 2.566724751066856713e-01 3.361091807909604712e-01 2.069494766619519310e-01 2.232124645892351600e-01 2.288901410437235440e-01 2.822640506329114340e-01 1.236533711048158762e-01 3.063194101123595803e-01 3.669874402250352108e-01 5.820691114245415271e-02 2.650597171145686048e-01 2.676246306818181875e-01 1.449512696148359536e-01 1.703669020172910720e-01 2.182157076923077199e-01 1.978604081632653333e-01 2.123399724517906206e-01 1.492807407407407139e-01 2.863647368421052275e-01
5.838999999999999746e-02 3.762842307692307875e-01 2.916725970149253722e-01 3.438059555555554869e-01 3.736400191570881102e-01 3.111046511627906241e-01 1.449992033898304944e-01 3.265661627906977227e-01 3.437468852459016344e-01 1.565933766233766344e-01 -1.747100649350649335e-02 3.347554991816694137e-01 2.816502329450915054e-01 -8.876452579034940782e-02 2.562569306930693180e-01 3.698578449905482457e-01 0.000000000000000000e+00 4.674235268817204525e-01 2.732753675213674960e-01 3.938796020761246020e-01 3.023328244274809395e-01 2.637437702265372219e-01 2.661050319488817983e-01 1.944576592356688227e-01 2.962221565495207765e-01 3.169165440000000222e-01 3.596360862619808474e-01 4.807429346092503830e-01 1.381040544871794951e-01 3.618332639999999878e-01 3.704451277955271293e-01 1.160390369181380221e-01 1.394695337620578679e-01 3.697245705024311269e-01 3.224006360424028772e-01 4.305643516483517175e-01 1.222690173410404396e-01 2.961139549180327735e-01 3.071207142857143024e-01 1.441590657439446310e-01 2.324225359712229766e-01 3.227149879518072528e-01 3.848443750000000163e-01 3.769500000000000073e-01 3.352826315789473877e-01 2.945258105646630375e-01 1.225582499999999936e-01 4.046971428571428664e-01 3.937078295819936291e-01 1.430852733118971321e-01 1.258213290113452398e-01 3.743305177993527244e-01 3.843991909385113259e-01 9.311698872785828529e-02 4.472674677419354872e-01 2.903582552504038738e-01 3.929057648953300785e-01 3.085668174474959780e-01 4.415980608974358623e-01 2.536873354735152408e-01 3.239970418006430930e-01 1.952820960000000161e-01 3.637145527156550040e-01 4.930644122383250755e-03 3.733491693290735269e-01 4.870719329073481818e-01 -1.616407348242811237e-02 2.307249679487179406e-01 2.877218548387097119e-01 1.289020259319286765e-01 1.189543606557377092e-01 2.337389948892674707e-01 2.705006682027649711e-01 1.750123624595469607e-01 2.455812435233160618e-01 3.721789473684211091e-01
2.900559999999999597e-02 3.156927631578947402e-01 2.181249104859335486e-01 3.071398399999999973e-01 2.746494482758620181e-01 3.026559677419354832e-01 1.827739291217257145e-01 3.709867420814479400e-01 2.827395373134328205e-01 1.165676444444444515e-01 3.738011851851851669e-02 3.788498654708520319e-01 3.469301669195751225e-01 -8.397474242424241009e-02 2.087274777975133000e-01 2.701809626719056667e-01 4.674235268817204525e-01 0.000000000000000000e+00 2.635938643067846643e-01 2.586024561403508226e-01 3.723596480938416442e-01 2.115876532137518917e-01 2.793700293255131917e-01 2.240702325581395427e-01 2.256247230320699571e-01 4.034853868613139105e-01 2.884444752186589023e-01 2.842965065502183752e-01 1.601609941520467650e-01 4.730827153284670739e-01 3.016256350364963645e-01 1.275604949053857351e-01 1.557312518195050899e-01 3.187794152046783402e-01 2.937432492113564719e-01 2.572368028419182995e-01 1.778742364532019671e-01 2.891287686567164394e-01 2.471876492537312953e-01 1.806101230228470966e-01 2.705288330632090732e-01 2.845657821782178742e-01 2.635551905626133951e-01 3.023527557755775752e-01 2.799874958540630177e-01 2.164412395309882609e-01 1.175536644951140214e-01 3.147634448160535059e-01 3.532069265367316357e-01 1.414957499999999757e-01 1.424101612903225789e-01 4.140622760646108236e-01 2.595044933920704899e-01 1.106702192982456229e-01 2.774150367107195425e-01 2.725084683357879567e-01 3.103676798825256711e-01 3.213329955947136218e-01 2.774037243401759611e-01 2.296982404692082258e-01 2.756737683284457008e-01 2.080462957540263613e-01 2.483488905109489109e-01 5.653581871345030041e-02 3.154181897810219293e-01 2.894664766081871399e-01 1.537048316251830166e-02 2.408312005856515225e-01 2.732411929307805853e-01 1.290395111111111159e-01 1.481406726457399070e-01 2.354836677115987598e-01 2.273634529147982031e-01 1.877466503667481745e-01 1.659108487084870742e-01 3.951189473684210696e-01
8.441959999999999742e-02 1.715371052631578797e-01 2.171056777996070997e-01 2.933905431309904444e-01 2.416603004291845436e-01 2.650669105691056404e-01 1.511417419354838809e-01 2.741171500630517066e-01 2.242441595092024564e-01 1.166051644336175142e-01 1.548176126674786768e-01 3.061082576687116363e-01 2.194122484472049162e-01 6.569710918114142484e-02 2.508794900849858345e-01 2.299376569678407423e-01 2.732753675213674960e-01 2.635938643067846643e-01 0.000000000000000000e+00 3.210186576354679966e-01 2.219160880829015581e-01 1.415914590747330837e-01 2.292754492415402523e-01 1.863822943221320749e-01 2.059570847851335540e-01 2.650856860465116149e-01 2.366873054587688707e-01 2.477484222737819097e-01 1.575687310826542620e-01 3.011186511627906848e-01 2.381273720930232318e-01 1.103090255220417482e-01 1.352700232558139704e-01 2.415251411764706146e-01 2.229386956521739183e-01 1.855213772455089893e-01 1.393977668539325698e-01 2.377676935483871157e-01 1.870247249190938321e-01 1.686023180592992055e-01 2.031981627296587656e-01 1.943043260188087873e-01 2.208773020527859121e-01 2.252733604336043249e-01 2.303742034805890126e-01 1.815661506849315376e-01 1.243565300896286585e-01 2.645615555555555498e-01 2.365881197604790542e-01 1.339890909090908910e-01 1.390294201183431833e-01 2.723274201183432108e-01 2.208531952662721731e-01 1.091521580188679064e-01 3.113623612750885949e-01 2.303230094786729854e-01 2.598080188679244840e-01 2.034631560283687579e-01 2.948518896713615556e-01 1.193568272620446347e-01 1.865951703877790635e-01 1.890139319248826388e-01 2.477948009367681448e-01 1.589454652532391321e-01 2.652398830409356534e-01 2.464811592505854743e-01 1.349190492957746401e-01 2.325363411764705679e-01 2.199253655660377005e-01 1.246060874704491700e-01 1.274660309892729215e-01 1.951873067331670597e-01 2.039756543624160756e-01 1.600432110091743187e-01 1.717432462686566963e-01 2.167978947368421061e-01
3.957960000000000644e-02 2.978643023255814759e-01 2.239072137404580221e-01 2.953469339622641909e-01 2.769672331460674153e-01 2.804414666666666389e-01 1.695517564102564101e-01 4.073610288582183436e-01 3.014758608058608069e-01 1.335313048780487899e-01 4.533068292682926326e-02 4.033354334554334897e-01 3.533716915422886462e-01 -4.233151552795030165e-02 2.192870638297872155e-01 3.052191257668711022e-01 3.938796020761246020e-01 2.586024561403508226e-01 3.210186576354679966e-01 0.000000000000000000e+00 3.504790000000000405e-01 2.424850528789659343e-01 3.120905827505827679e-01 2.184063078703703809e-01 2.112964153132250722e-01 3.942861440185830291e-01 3.048648723897912083e-01 2.802528736964078893e-01 1.655046216530849934e-01 4.291437790697675281e-01 3.058182209302326426e-01 1.023739464493597234e-01 1.427662660443407006e-01 3.557386524822694907e-01 2.971719649561952448e-01 2.806898050974512837e-01 1.688124827586207077e-01 2.965166719242902649e-01 2.698751355661881957e-01 1.754804820936639309e-01 2.594786147757255912e-01 2.706492245557350351e-01 2.801011664295874892e-01 3.034825755584757423e-01 3.001187785234898930e-01 2.067837209302325341e-01 1.287674040920716301e-01 3.365800657030223464e-01 3.672811722488038555e-01 1.290269339622641398e-01 1.321031796690307347e-01 3.982993026004728043e-01 2.993952364066194138e-01 1.091124292452830269e-01 2.975003655660377611e-01 2.839412544378698278e-01 3.035081861012956517e-01 3.353178866587956941e-01 3.019406096131301287e-01 2.438486150234741578e-01 2.639884389671361409e-01 2.067750879249707352e-01 2.563382339181286551e-01 6.069524705882352322e-02 3.068254088785046796e-01 2.807838245614035499e-01 3.894929660023446760e-02 2.238949588719154060e-01 2.736351236749116622e-01 1.198516883116883119e-01 1.305966192170818496e-01 2.537930816831682757e-01 2.240449508196721284e-01 1.615040879120879236e-01 1.651576556776556959e-01 3.286652631578947381e-01
1.742099999999999760e-01 1.956339534883720366e-01 2.421113068181818262e-01 2.979838260869565048e-01 2.329693890675241519e-01 2.280208430232558703e-01 2.172162365591397970e-01 2.814929715762273799e-01 2.855982640586796628e-01 2.115244146341463405e-01 8.501458536585367043e-02 3.062605432098766123e-01 2.804881907090464588e-01 -8.093762836185819376e-02 1.855586945812807698e-01 2.609897032640949299e-01 3.023328244274809395e-01 3.723596480938416442e-01 2.219160880829015581e-01 3.504790000000000405e-01 0.000000000000000000e+00 2.156919256017505726e-01 2.276813793103448225e-01 2.131575536480686817e-01 2.444883620689655424e-01 3.155517710583152780e-01 2.626922198275862264e-01 3.370435053763440880e-01 1.707324675324675411e-01 3.079696320346320126e-01 3.142001515151515156e-01 1.441253145336225394e-01 1.658071241830065268e-01 3.187254083885209810e-01 2.751209280742459851e-01 3.297560722347629980e-01 1.658591111111110961e-01 2.783749719101124009e-01 2.852461403508771975e-01 1.285460650887574052e-01 2.087253626943005036e-01 2.559583855421687093e-01 3.114546682464455207e-01 2.833295982142857161e-01 2.779655555555555213e-01 1.947828444444444640e-01 1.502957488986784162e-01 3.453202895322939892e-01 2.929768490153172866e-01 1.704394298245614225e-01 1.394997385620915242e-01 3.184929629629629222e-01 3.150597385620915181e-01 1.495798478260869369e-01 3.267629718004337880e-01 2.639621615720524339e-01 3.180321086956522381e-01 2.500803921568627297e-01 3.176479302832244112e-01 2.151058733624453823e-01 3.385384531590414081e-01 2.054309388646287926e-01 3.043804357298475205e-01 1.074516304347826329e-01 2.969838828633406536e-01 3.300276138828633354e-01 4.161845652173912224e-02 1.836916775599128637e-01 2.315617467248908545e-01 1.097735022026431750e-01 1.575077383592017599e-01 2.399068872549019737e-01 3.015089583333332990e-01 1.920424363636363541e-01 2.111842767295597501e-01 3.455431578947368298e-01
