0.000000000000000000e+00 2.161406710310966039e-01 1.734578068739770773e-01 2.498186557377049533e-01 2.855915435139573244e-01 2.297228196721311511e-01 3.109264510779436441e-01 2.382160301507537936e-01 2.008122651006711556e-01 3.227701675041876328e-01 2.981179470198675463e-01 2.311315780730897051e-01 2.529157237936771607e-01 2.135596026490066413e-01 1.838545812807881596e-01 2.398690215588723529e-01 2.570965511551155380e-01 2.471212458471761242e-01 2.367985855263158024e-01 1.932677668308702967e-01 7.346819672131146839e-02 2.662463934426229639e-01 2.503126765188834479e-01 1.855647049180328134e-01 1.887656375838926148e-01 2.226585524126455939e-01 2.252124623115578095e-01 2.588598489932885660e-01 2.344850578512396866e-01 1.548672861842105286e-01 1.886816776315789479e-01 2.124347446457990063e-01 2.759504118616145085e-01 8.475833333333333830e-02 2.518161359867329696e-01 2.630074590163934412e-01 1.872774710743801696e-01 2.796035284280936617e-01 2.467597829716193791e-01 2.833227212020033026e-01 2.659189368770764061e-01 2.316212850082372821e-01 2.317624835526315707e-01 2.134309359605911505e-01 1.941331960461285255e-01 2.236094859038142701e-01 2.671841311475410263e-01 2.222229836065573727e-01 1.076601313628899881e-01 2.593673476112026144e-01 1.451676518883415479e-01 1.561220361247947219e-01 2.203534154351395880e-01 2.185964273789649803e-01 2.538789429530201036e-01 2.142936806722688936e-01 2.151183447098976020e-01 9.328941281138790342e-02 1.988424464285714344e-01 1.906764416058394085e-01 1.904967010309278619e-01 1.927302803738317472e-01 2.527808641975308745e-01
2.161406710310966039e-01 0.000000000000000000e+00 2.006810008554320013e-01 1.635296746575342353e-01 1.557528387650085888e-01 4.537065950128976177e-01 1.358912964563526449e-01 1.732396605744125351e-01 2.964563755458515248e-01 1.468930305676856007e-01 1.867847231833909827e-01 1.595152045256744977e-01 1.773832031249999996e-01 1.574046608695651994e-01 3.339660824742267664e-01 1.960581433506045079e-01 1.438930596369922266e-01 1.636528633217992912e-01 1.517244110060189111e-01 3.603962306368330148e-01 2.161584635193132820e-01 1.548149097162510590e-01 1.978636254295532693e-01 3.592250814053127850e-01 1.676709903593339157e-01 4.250777632724108135e-01 1.882916549912434234e-01 1.620779581151832183e-01 1.683744473455178470e-01 1.983178313253011749e-01 4.246259759243335985e-01 1.918508699397071526e-01 1.282320517241379298e-01 3.643989532871972359e-01 1.911058022549869950e-01 1.553347236614853188e-01 1.802491941074523263e-01 1.787608908296943189e-01 2.047165026362038620e-01 2.086622154115586880e-01 2.172702789886660768e-01 2.412318582541054246e-01 2.027162155172413660e-01 2.473473149741824695e-01 3.548499483204133886e-01 2.408383622183709050e-01 1.672544969905417067e-01 4.196670901287553601e-01 2.653412650602409717e-01 1.532473620689655258e-01 2.885869913793103758e-01 3.139139672977624418e-01 1.520997071490094721e-01 4.256250828247601925e-01 1.809047852760735930e-01 3.427815539947322021e-01 1.929101950354610018e-01 1.943597257769652809e-01 3.578767036011080149e-01 3.294098586239396775e-01 1.973057299670691600e-01 1.999641122715404562e-01 2.025468139534883916e-01
1.734578068739770773e-01 2.006810008554320013e-01 0.000000000000000000e+00 1.825478343949044624e-01 2.125638755980861494e-01 2.214581119999999848e-01 2.189845937248592334e-01 1.637909821428571167e-01 1.745151018744905969e-01 2.546519349593496240e-01 1.905589363416599624e-01 1.678322447325769629e-01 1.918424090541632765e-01 1.259557873376623283e-01 1.739057624398073765e-01 1.781119112903225832e-01 1.693864435483871111e-01 1.670145476575121135e-01 1.694150281124497670e-01 1.975855180722891624e-01 6.048795673076922536e-02 1.930183935742971757e-01 1.835232878909382470e-01 1.792356594724220376e-01 1.192850204081632587e-01 2.023566612641815032e-01 1.700005378973105385e-01 1.849522276422764233e-01 1.605928142741281373e-01 1.348502572347266837e-01 1.976228273092369425e-01 1.514006832797427649e-01 1.956885921158487418e-01 1.238490008058017733e-01 1.583759289176090712e-01 1.831971922767497984e-01 1.095034786117837083e-01 2.026905040650406331e-01 1.822125143325143137e-01 2.043087428571428721e-01 2.086345877551020467e-01 1.959984342211461006e-01 1.779685414987912662e-01 1.744700321543408428e-01 1.937464141821111929e-01 1.759262055016181381e-01 1.867763453815260988e-01 2.223696712109061724e-01 1.003165353697749174e-01 1.801252415458937384e-01 1.366991444713478721e-01 1.741475925925926038e-01 1.421988987138263771e-01 2.037008143322475429e-01 1.904897056418642654e-01 2.134776606260296583e-01 1.659436020151133506e-01 9.967245674740483896e-02 2.131675783972125648e-01 1.830878035714285645e-01 1.721831932773109086e-01 1.254151649746192976e-01 1.941150112866817379e-01
2.498186557377049533e-01 1.635296746575342353e-01 1.825478343949044624e-01 0.000000000000000000e+00 3.979534615384615059e-01 1.888364121571534382e-01 3.951053914988815197e-01 2.819305413533834681e-01 1.756616326530612560e-01 3.914158459214501784e-01 3.261945917602996348e-01 2.901348306997743043e-01 3.052026426426426298e-01 2.641230844645550691e-01 1.508864850746268749e-01 2.675243295880150307e-01 2.980941423220974107e-01 3.038648123123123268e-01 3.050746343283581852e-01 1.453267761194029783e-01 8.354125837676842914e-02 3.382725447761193993e-01 2.765002380952380490e-01 1.700571269487750614e-01 2.381229878971255487e-01 2.032255747558227021e-01 2.541895468277945991e-01 3.139611312217194250e-01 2.588162274096385551e-01 1.442795820895522163e-01 1.422165473527218504e-01 2.350850484712900812e-01 3.349176343283581936e-01 3.255840688107704273e-02 3.307730786516854260e-01 3.233778251121076086e-01 2.294830037453183813e-01 3.504857477341389860e-01 2.840295747911921187e-01 2.929060288534548473e-01 2.924426671732522909e-01 2.474022839969947374e-01 2.941890397599399853e-01 2.343083021690351431e-01 1.567679160419790108e-01 2.520499248120300906e-01 3.391059223300971204e-01 1.819891877794336810e-01 1.123098954443614572e-01 3.288074943904263359e-01 1.293664167916041829e-01 1.014299775617052979e-01 2.816910082150858585e-01 1.911392592592592865e-01 2.945982218844984679e-01 2.198599310872894341e-01 2.635948318999218332e-01 9.828550643086815530e-02 1.590988421052631496e-01 1.602943855218855185e-01 2.390916733870967481e-01 2.382511613691931651e-01 3.060843708609271574e-01
2.855915435139573244e-01 1.557528387650085888e-01 2.125638755980861494e-01 3.979534615384615059e-01 0.000000000000000000e+00 1.635615277777777710e-01 3.277297763801537700e-01 3.146913521126760704e-01 1.453120254957507296e-01 3.283503614457831676e-01 3.493880828651685366e-01 3.217047531734837928e-01 2.613515552427868038e-01 3.068485875706215005e-01 1.279433636363636606e-01 3.143136516853932139e-01 2.793990864371047600e-01 3.106046018322762281e-01 3.904330903994394641e-01 1.210966759972008366e-01 1.166488764829029939e-01 3.896385934219734892e-01 2.554733682739343537e-01 1.769799442119944222e-01 3.106536763662172129e-01 1.858315808045165884e-01 2.999965556343019424e-01 2.964652512384996497e-01 3.053148305084745773e-01 1.791048005598321058e-01 1.246155804195804156e-01 2.552818531468531438e-01 3.403676190476190855e-01 3.382199999999999790e-02 4.205792550948699859e-01 3.241787148876404401e-01 2.952882208157524557e-01 3.524926628895184155e-01 2.888872863247863298e-01 2.986696008553100801e-01 2.942228265524625130e-01 2.683907610993657711e-01 3.585599295774648532e-01 2.384198175438596579e-01 1.274246202531645611e-01 2.472635497529993565e-01 3.142876664330764291e-01 1.567720139860140083e-01 1.526939873861247188e-01 3.879204912280700968e-01 1.362414345991561082e-01 7.051097612359551181e-02 3.527493758765778420e-01 1.986363404255319376e-01 3.605410142857142786e-01 2.097386187050359618e-01 3.922802349486049778e-01 1.333252452830188672e-01 9.876116793893129076e-02 1.298758412698412801e-01 3.038047184466019512e-01 3.435370070422535393e-01 3.996934033613446235e-01
2.297228196721311511e-01 4.537065950128976177e-01 2.214581119999999848e-01 1.888364121571534382e-01 1.635615277777777710e-01 0.000000000000000000e+00 1.506938936877076363e-01 2.001164946380696863e-01 3.291330795148247890e-01 1.446946185010128116e-01 2.085688420348059124e-01 1.885806850235057230e-01 2.021929002009377196e-01 1.628728072531900606e-01 4.081224250499667083e-01 2.235260200668896247e-01 1.706876840696117670e-01 1.856812222968435566e-01 1.814226319305277113e-01 3.847044429619746464e-01 2.477193080505655232e-01 1.719859906604402910e-01 2.153840945406124696e-01 3.926678205980066449e-01 1.768276434841323241e-01 4.699407387508395817e-01 2.164786244099797252e-01 1.854398518518518835e-01 1.955646272666219099e-01 2.469361159227181912e-01 4.859584687083887689e-01 2.244869440745672629e-01 1.511178414390406399e-01 4.742439519359145095e-01 2.267968048128342351e-01 1.768669605878423479e-01 1.777385915492957769e-01 1.880103776129467275e-01 2.224048100407055861e-01 2.306793002717391350e-01 2.422493061224489652e-01 2.733342175957018116e-01 2.087107991940899965e-01 2.872142006688963023e-01 4.026790281501340107e-01 2.719161398789509132e-01 1.784419732441471784e-01 4.795071228304406130e-01 2.825926671122994671e-01 1.774211185532484913e-01 3.131924547283702065e-01 3.351766912257200248e-01 1.656444852941176549e-01 4.564176081081080527e-01 2.053686462585034012e-01 3.653035890410958331e-01 2.180293072078376693e-01 2.899458038932948845e-01 3.934412289685442765e-01 3.578383384379785204e-01 2.237191627469426181e-01 2.003318548387096609e-01 2.313157023060797013e-01
3.109264510779436441e-01 1.358912964563526449e-01 2.189845937248592334e-01 3.951053914988815197e-01 3.277297763801537700e-01 1.506938936877076363e-01 0.000000000000000000e+00 3.152907814569536615e-01 1.516525898801597827e-01 3.530045053475935890e-01 3.570737325349301328e-01 3.484513084112150216e-01 2.793789347536617673e-01 3.107408355614973416e-01 9.779084936960848184e-02 3.094652463382157048e-01 2.691715389740172992e-01 3.469868649732620325e-01 4.362263588039868023e-01 1.030916589250165799e-01 1.179524039735099228e-01 4.010878286852589958e-01 2.715059178263750650e-01 1.573491203703703545e-01 3.160974462365591098e-01 1.749598128342245706e-01 3.098605302013422436e-01 3.024219544846051266e-01 2.992319038076152182e-01 1.627574950298210643e-01 1.092188079470198803e-01 2.450908084824387212e-01 3.477142307692308032e-01 1.195662458471760843e-02 5.279020425815036388e-01 3.228371210106383282e-01 2.993154072096128049e-01 3.524956673373574878e-01 3.061690798376183742e-01 3.190256601218686705e-01 3.057183943089430977e-01 2.660373747494990115e-01 3.643595254010695283e-01 2.387697270306257946e-01 1.333298665777184755e-01 2.630861512717537209e-01 3.305214580559254767e-01 1.427742990033222525e-01 1.490079374584165062e-01 3.913145933333333493e-01 1.379453337783711764e-01 4.581611592271819106e-02 3.616476196808511290e-01 1.815801612903225892e-01 3.813609465855308245e-01 2.042521662125340587e-01 3.851390592334494323e-01 1.632417757009345938e-01 1.074195404814004273e-01 1.238812039877300597e-01 3.046023462630085277e-01 3.098935730858468629e-01 3.794607531380753129e-01
2.382160301507537936e-01 1.732396605744125351e-01 1.637909821428571167e-01 2.819305413533834681e-01 3.146913521126760704e-01 2.001164946380696863e-01 3.152907814569536615e-01 0.000000000000000000e+00 1.708108388375165210e-01 3.357087193098872158e-01 2.800086586985391923e-01 2.692566755674232204e-01 2.623826081170991253e-01 2.249045557782231031e-01 1.445172063702720722e-01 2.347001662234042552e-01 2.392117897538257043e-01 2.601123780895123749e-01 2.649616998671979196e-01 1.594209416445623306e-01 8.696166776968894396e-02 2.940766733067729510e-01 2.402142147117296289e-01 1.745120238095238252e-01 2.152080968392737215e-01 2.046464949832775826e-01 2.365675285426460661e-01 2.594425318151373228e-01 2.241804144385027009e-01 1.329550397877984069e-01 1.593148376408217437e-01 2.016122332670642614e-01 2.895290444591904211e-01 5.511585495675316859e-02 3.158044370419719749e-01 2.697838015978694659e-01 1.856495791583166188e-01 3.006297583892617586e-01 2.435059580230195808e-01 2.682135728813558884e-01 2.612107796610169674e-01 2.372174799465240902e-01 2.571133578595317659e-01 1.901349533333333286e-01 1.671428724114896458e-01 2.278360884125920638e-01 2.911276482345103167e-01 1.881918218085106564e-01 1.307858960692871442e-01 2.849635380507343219e-01 1.284889104278074679e-01 1.133579400000000043e-01 2.402376928191489180e-01 2.071363911290322601e-01 2.562608316430020072e-01 2.003777861035422603e-01 2.459991701534170183e-01 1.139215118790496833e-01 1.647969129480614525e-01 1.565703153846153828e-01 2.174956583969465673e-01 2.177966236811254286e-01 2.615367157894736838e-01
2.008122651006711556e-01 2.964563755458515248e-01 1.745151018744905969e-01 1.756616326530612560e-01 1.453120254957507296e-01 3.291330795148247890e-01 1.516525898801597827e-01 1.708108388375165210e-01 0.000000000000000000e+00 1.658833531746031764e-01 1.661588137839628831e-01 1.956548234510326889e-01 1.412342563081009361e-01 1.428883866666666724e-01 2.543313916500993810e-01 1.843620385126162053e-01 1.508712425249169320e-01 1.702702202937249887e-01 1.676555275381552967e-01 2.722619019218024961e-01 1.575462566137565967e-01 1.775782614465826470e-01 1.786801721854304748e-01 2.721525247851949714e-01 1.543318926174496453e-01 3.111184579439252307e-01 1.802129778672032501e-01 1.610263545150501518e-01 1.624446461949265730e-01 1.366486547382372574e-01 3.144315231788079590e-01 1.740288278145695755e-01 1.537038899933731162e-01 2.515490897009966531e-01 2.040698336660013157e-01 1.626065691489361753e-01 1.438426502002670138e-01 1.814213480885311924e-01 1.897133310765064251e-01 1.984439701897018904e-01 1.973673627118643914e-01 2.118139426284189331e-01 1.849096061415220482e-01 2.075382501663339818e-01 2.616365089940040356e-01 2.051377421509685828e-01 1.669073023255814026e-01 3.075209887193098846e-01 1.884570877659574040e-01 1.770695472703062157e-01 2.080047400000000213e-01 2.211551196808510533e-01 1.619692037159920217e-01 3.282321126760563423e-01 1.842302024291498364e-01 2.627307341944255525e-01 1.903137413073713313e-01 1.971630366116295940e-01 2.837859124087591112e-01 2.475794167306216709e-01 1.792240779467680345e-01 1.672070979020978954e-01 1.981295358649789173e-01
3.227701675041876328e-01 1.468930305676856007e-01 2.546519349593496240e-01 3.914158459214501784e-01 3.283503614457831676e-01 1.446946185010128116e-01 3.530045053475935890e-01 3.357087193098872158e-01 1.658833531746031764e-01 0.000000000000000000e+00 3.573691456310680303e-01 3.559226935588809537e-01 2.557887524366472265e-01 3.518028562091503608e-01 9.671275974025973776e-02 3.088597072218607908e-01 2.877679296875000348e-01 3.861549575440888504e-01 4.776612085769980087e-01 1.061804415584415573e-01 1.262249546044098281e-01 4.438980156148341072e-01 2.616711760883690951e-01 1.615871678548282675e-01 3.498355131578947952e-01 1.953340275049116337e-01 3.252493556870479363e-01 3.076460262295082071e-01 3.131801701570680607e-01 1.763862792207792074e-01 1.193795133030499667e-01 2.474826770630279282e-01 3.647805335068314836e-01 5.921026744944553333e-02 7.050818798955613698e-01 3.454049380300064920e-01 3.242778468586387519e-01 3.706706245890862284e-01 3.203653917662682704e-01 3.233656478405316226e-01 2.920123603723404626e-01 2.800200130975769586e-01 3.989196065573770156e-01 2.358773350751143250e-01 1.191059607843136942e-01 2.773084120734908287e-01 3.399814490861619021e-01 1.325986775244299698e-01 1.679895822454307852e-01 4.217379659908436773e-01 1.607509692206941510e-01 4.993579359895492648e-02 4.001983594771241770e-01 2.103930998017184972e-01 4.058597340425532107e-01 1.980697588747488136e-01 4.173517078189301066e-01 2.779374769666903555e-01 1.073964578833693229e-01 1.205858314350797128e-01 3.271573679245283195e-01 3.204537427578216247e-01 3.745334591194968699e-01
2.981179470198675463e-01 1.867847231833909827e-01 1.905589363416599624e-01 3.261945917602996348e-01 3.493880828651685366e-01 2.085688420348059124e-01 3.570737325349301328e-01 2.800086586985391923e-01 1.661588137839628831e-01 3.573691456310680303e-01 0.000000000000000000e+00 3.075627745664739621e-01 2.788696339113679867e-01 2.582416666666667027e-01 1.633161592806679496e-01 2.791708698453608251e-01 2.969260799484203517e-01 3.016076181229773168e-01 3.323906572164948559e-01 1.670296396396396266e-01 1.084970437017994949e-01 3.525178414948453853e-01 2.877024324324324311e-01 1.975297689345313912e-01 2.532699999999999951e-01 2.206966083009078983e-01 2.668107682291666616e-01 3.041877712800519773e-01 2.685453701298701201e-01 1.742418737926593464e-01 1.773690797940797870e-01 2.338776303927881384e-01 3.312237008381688774e-01 6.779122739018088317e-02 3.781835358758887655e-01 3.040424741602066883e-01 2.240814517174335718e-01 3.347147035830618789e-01 2.904569671052631419e-01 3.081347894736841675e-01 2.967652039473684389e-01 2.665526329442283182e-01 3.215181894873458401e-01 2.386197994825355606e-01 1.807104660194174817e-01 2.556825601039636187e-01 3.165439650711514008e-01 2.019826709677419452e-01 1.485605494505494450e-01 3.323921761658031326e-01 1.531146044098573022e-01 1.179569838187702197e-01 2.878995528191834463e-01 2.214928196721311637e-01 3.086899075907590939e-01 2.252359867109634539e-01 2.906145275322909449e-01 1.392583918539325727e-01 1.660139329050678014e-01 1.661294356659142324e-01 2.572671521942110351e-01 2.609700686498855893e-01 3.303658246346555249e-01
2.311315780730897051e-01 1.595152045256744977e-01 1.678322447325769629e-01 2.901348306997743043e-01 3.217047531734837928e-01 1.885806850235057230e-01 3.484513084112150216e-01 2.692566755674232204e-01 1.956548234510326889e-01 3.559226935588809537e-01 3.075627745664739621e-01 0.000000000000000000e+00 2.821363979526551047e-01 2.446190006447453158e-01 1.399236258808456146e-01 2.476735668380462552e-01 2.672617427652733135e-01 2.743804583602323932e-01 2.950652634961439258e-01 1.483578241335044845e-01 8.459744871794870613e-02 3.125636118251927664e-01 2.565786777920410766e-01 1.652467029449423697e-01 2.226378311688311518e-01 1.937539521345407745e-01 2.316028961038960887e-01 2.763893976683937659e-01 2.429508673139158803e-01 1.313977827763496142e-01 1.476285549132947961e-01 2.034298327974276566e-01 3.176695752895752900e-01 4.734337628865979697e-02 3.252938645161290165e-01 2.924225257731958849e-01 2.015202328589909830e-01 3.118952241715399754e-01 2.681679120157583474e-01 2.823134034165571959e-01 2.726463230466185661e-01 2.346071891191710279e-01 2.780706869734284048e-01 2.080162556488056591e-01 1.594916537467700457e-01 2.283217769130998775e-01 3.055082892188508703e-01 1.800551544401544357e-01 1.113395615731785915e-01 3.168356395348837506e-01 1.346642238033635142e-01 9.638758553905746318e-02 2.622928054298642730e-01 1.942970980392156599e-01 2.798070638578011859e-01 1.987831742876076668e-01 2.619901627118643717e-01 1.253012254901960665e-01 1.570962970859985930e-01 1.436255622188905567e-01 2.362066323666978385e-01 2.376017087155963270e-01 2.856064915966386453e-01
2.529157237936771607e-01 1.773832031249999996e-01 1.918424090541632765e-01 3.052026426426426298e-01 2.613515552427868038e-01 2.021929002009377196e-01 2.793789347536617673e-01 2.623826081170991253e-01 1.412342563081009361e-01 2.557887524366472265e-01 2.788696339113679867e-01 2.821363979526551047e-01 0.000000000000000000e+00 2.464155632911392280e-01 1.380088776796973282e-01 2.653798102466792819e-01 2.140236075949366878e-01 2.605599109980928363e-01 3.100365506329114118e-01 1.575071049304677673e-01 1.286103977272727017e-01 3.083773734177215342e-01 2.329961504424779006e-01 1.940813106490232864e-01 2.447612923864363743e-01 2.179178421387651110e-01 2.641373929712459989e-01 2.508285650510204134e-01 2.469684968152866256e-01 1.579333396584440274e-01 1.763687104930467819e-01 2.223865170670037972e-01 2.694130253164557232e-01 9.998212428662016371e-02 3.676907487309644118e-01 2.791802536461635564e-01 2.269866327180140031e-01 2.752501407549584056e-01 2.510522416020671832e-01 2.524466429495472175e-01 2.662552587322121744e-01 2.471959374999999626e-01 2.970986279514997164e-01 2.138992380952380867e-01 1.664296442185514702e-01 2.432232716836734976e-01 2.576163873015873129e-01 1.896864683544303709e-01 1.579179581483829975e-01 3.054612325285895880e-01 1.405013358778625931e-01 1.069290095238095151e-01 2.978791603053435044e-01 1.881333311897105953e-01 3.045454209844559168e-01 2.082164863102998753e-01 3.099474449633088935e-01 2.026838789546079878e-01 1.514628232005590658e-01 1.532289756816506976e-01 2.563872344322344898e-01 2.320747320410490311e-01 3.018152609603340086e-01
2.135596026490066413e-01 1.574046608695651994e-01 1.259557873376623283e-01 2.641230844645550691e-01 3.068485875706215005e-01 1.628728072531900606e-01 3.107408355614973416e-01 2.249045557782231031e-01 1.428883866666666724e-01 3.518028562091503608e-01 2.582416666666667027e-01 2.446190006447453158e-01 2.464155632911392280e-01 0.000000000000000000e+00 1.306641873449131686e-01 2.373585046728972359e-01 2.279387967581047447e-01 2.400099498746867122e-01 2.606137976264834566e-01 1.403245539613225124e-01 4.504086604361371565e-02 2.782418425983760324e-01 2.324176029962546630e-01 1.476334100808960881e-01 1.680312255211623418e-01 1.674496298619824464e-01 2.294384382871536843e-01 2.700956191074795898e-01 2.205534355444305483e-01 1.350371785268414671e-01 1.271330068621334963e-01 1.843682896379525149e-01 2.845990630855715353e-01 6.132672090112641083e-02 2.694700375704445761e-01 2.671159198998748208e-01 1.504642686754551206e-01 2.750139330808080707e-01 2.410457261146496943e-01 2.607530465264499830e-01 2.691138329081632641e-01 2.335306171284634857e-01 2.642724811083123071e-01 1.911824608641202461e-01 1.403084755332496825e-01 2.042316740088105931e-01 2.724470820288040218e-01 1.548808739076154573e-01 8.065982489055660565e-02 2.783511528822055214e-01 1.099423274780426535e-01 1.118591671884783811e-01 2.239960351317440146e-01 1.569299048223350146e-01 2.778938274760383575e-01 1.921118070739549766e-01 2.407526298487837058e-01 1.239053016949152458e-01 1.540069241379310450e-01 1.434710901162790653e-01 2.114658090909090904e-01 1.756188221970554908e-01 2.472573966942148704e-01
1.838545812807881596e-01 3.339660824742267664e-01 1.739057624398073765e-01 1.508864850746268749e-01 1.279433636363636606e-01 4.081224250499667083e-01 9.779084936960848184e-02 1.445172063702720722e-01 2.543313916500993810e-01 9.671275974025973776e-02 1.633161592806679496e-01 1.399236258808456146e-01 1.380088776796973282e-01 1.306641873449131686e-01 0.000000000000000000e+00 1.702323838630806774e-01 1.129508323133415065e-01 1.386996309963099694e-01 1.282297608828939228e-01 3.342565707287201149e-01 1.753505749235473588e-01 1.329958736971183220e-01 1.567700428921568745e-01 3.027917715332925641e-01 1.290261490683229928e-01 3.623525539790253269e-01 1.609647925696594262e-01 1.260842707045735367e-01 1.414889636027143738e-01 1.530949448529411727e-01 3.969825474586650693e-01 1.585015205395463034e-01 1.077484907975460177e-01 2.974086047940995847e-01 1.736239667896678496e-01 1.220580738461538584e-01 1.443031832202344156e-01 1.465533539987600720e-01 1.701170400500625901e-01 1.762630889724310645e-01 1.802397807017544207e-01 2.080968788627935440e-01 1.538911001236093756e-01 2.157965744157441523e-01 3.150615938461538423e-01 2.001356145768992956e-01 1.374401475107559778e-01 3.744961434702636649e-01 2.056909950859951153e-01 1.334260923076923122e-01 2.585571859605911293e-01 2.716982237246465814e-01 1.244518780788177320e-01 3.674232254047322122e-01 1.508828750784683148e-01 2.905864416403785566e-01 1.654395293359122998e-01 1.486666666666666692e-01 3.317800134952766378e-01 2.814959032716927156e-01 1.765288303571428408e-01 1.606194019933554762e-01 1.562903853955375233e-01
2.398690215588723529e-01 1.960581433506045079e-01 1.781119112903225832e-01 2.675243295880150307e-01 3.143136516853932139e-01 2.235260200668896247e-01 3.094652463382157048e-01 2.347001662234042552e-01 1.843620385126162053e-01 3.088597072218607908e-01 2.791708698453608251e-01 2.476735668380462552e-01 2.653798102466792819e-01 2.373585046728972359e-01 1.702323838630806774e-01 0.000000000000000000e+00 2.935179295689132051e-01 2.362082935779816484e-01 2.461052618757612331e-01 1.847181021897810194e-01 8.552461725394898406e-02 2.679328702010969065e-01 2.477278880097383007e-01 1.860487742718446580e-01 2.152056570018507364e-01 1.953745772058823604e-01 2.500643891958256870e-01 2.664567506142506148e-01 2.483043558282208851e-01 1.625068148599269069e-01 1.587679671332927478e-01 2.193624070688604266e-01 2.920942647956070726e-01 7.431204156479218059e-02 2.134578606356968278e-01 2.928561995104039251e-01 2.045054846625767031e-01 2.878798952556992918e-01 2.585778967019290442e-01 2.616629221183800480e-01 2.699514918851435574e-01 2.410443480934809368e-01 2.517619249692496508e-01 2.179488793631353394e-01 1.918544880441447054e-01 2.222286469864698522e-01 2.888671437308868439e-01 2.057219474969474993e-01 1.104779327217125379e-01 2.723765665236051459e-01 1.363911710606989514e-01 1.545613525091799334e-01 2.446439484978540635e-01 1.770780595164290205e-01 2.615115125000000429e-01 2.093191954745443062e-01 2.293816623876764882e-01 8.437781890284203057e-02 1.979245161290322796e-01 1.867955460992907490e-01 2.243611180124223670e-01 2.027846923076923324e-01 2.525334808853118562e-01
2.570965511551155380e-01 1.438930596369922266e-01 1.693864435483871111e-01 2.980941423220974107e-01 2.793990864371047600e-01 1.706876840696117670e-01 2.691715389740172992e-01 2.392117897538257043e-01 1.508712425249169320e-01 2.877679296875000348e-01 2.969260799484203517e-01 2.672617427652733135e-01 2.140236075949366878e-01 2.279387967581047447e-01 1.129508323133415065e-01 2.935179295689132051e-01 0.000000000000000000e+00 2.540828336380255847e-01 2.819658662613981903e-01 1.188695689131754885e-01 6.857563106796116248e-02 3.023579415347137922e-01 2.202407729762629329e-01 1.550008980582524287e-01 2.276039173349784228e-01 1.838202757352941086e-01 2.750077367773677839e-01 2.619400614250614323e-01 2.522214417177914281e-01 1.506846711327649302e-01 1.147112172854534429e-01 2.289323156611822452e-01 2.659829164124466461e-01 2.441866136919315644e-02 3.806836024464831936e-01 2.719651132884262634e-01 1.985614119091466956e-01 2.943975323874151728e-01 2.569432689912826695e-01 2.595681993769470286e-01 2.587449313358302083e-01 2.400551599015990079e-01 2.809809040590405815e-01 1.986045437844458361e-01 1.324769773145309526e-01 2.229102948402948425e-01 2.567066299694189535e-01 1.578394871794871479e-01 1.389762507645260214e-01 2.908194481912936835e-01 1.169420723482526153e-01 8.596479192166463223e-02 2.649370570202330133e-01 2.007994296342219820e-01 2.999167812499999863e-01 2.098576618478943667e-01 2.760099550417469683e-01 9.412588624338626142e-02 1.356206119704102264e-01 1.454263094393186684e-01 2.410563031914893795e-01 2.081330000000000124e-01 2.871516232464929597e-01
2.471212458471761242e-01 1.636528633217992912e-01 1.670145476575121135e-01 3.038648123123123268e-01 3.106046018322762281e-01 1.856812222968435566e-01 3.469868649732620325e-01 2.601123780895123749e-01 1.702702202937249887e-01 3.861549575440888504e-01 3.016076181229773168e-01 2.743804583602323932e-01 2.605599109980928363e-01 2.400099498746867122e-01 1.386996309963099694e-01 2.362082935779816484e-01 2.540828336380255847e-01 0.000000000000000000e+00 2.920469696969696938e-01 1.446700485436893391e-01 7.929549423893267335e-02 2.981197201946472197e-01 2.578075425790753994e-01 1.714209399636143216e-01 2.228107716049382570e-01 1.885449877300613419e-01 2.351081711822660125e-01 2.855980873308733292e-01 2.362578378378378530e-01 1.358552041438147728e-01 1.418714068209500634e-01 2.145639231238559985e-01 3.071156689065364098e-01 4.084342105263157052e-02 3.159065768524188522e-01 2.832993623543838546e-01 2.053414935464044078e-01 2.970952501544162905e-01 2.549293142144637980e-01 2.600269700748129575e-01 2.572323922548407360e-01 2.284420123076922882e-01 2.673996430769230992e-01 2.025682893930104145e-01 1.593074340085942064e-01 2.282003013530135016e-01 3.023654684629516476e-01 1.705203243574051619e-01 1.168933966891477494e-01 3.023489920098340611e-01 1.384288383527965682e-01 9.634062576687114909e-02 2.624729950799508105e-01 1.900174253731343466e-01 2.827984711779448768e-01 1.984175803402646598e-01 2.629350193298969351e-01 1.089236140583554335e-01 1.477120161834120093e-01 1.388174608819345568e-01 2.232958556149732821e-01 2.231750607734806768e-01 2.664426907630522146e-01
2.367985855263158024e-01 1.517244110060189111e-01 1.694150281124497670e-01 3.050746343283581852e-01 3.904330903994394641e-01 1.814226319305277113e-01 4.362263588039868023e-01 2.649616998671979196e-01 1.676555275381552967e-01 4.776612085769980087e-01 3.323906572164948559e-01 2.950652634961439258e-01 3.100365506329114118e-01 2.606137976264834566e-01 1.282297608828939228e-01 2.461052618757612331e-01 2.819658662613981903e-01 2.920469696969696938e-01 0.000000000000000000e+00 1.309459263729631784e-01 4.710534378769602043e-02 3.673350695704779567e-01 3.146131578947368723e-01 1.513721557971014486e-01 2.287856177012907166e-01 1.884578619425779089e-01 2.375426118945432319e-01 3.188528352725046311e-01 2.519413149847095079e-01 1.227785861650485533e-01 1.218320982413583914e-01 1.967529040097205362e-01 3.539204562043795632e-01 1.191582571602681564e-02 3.106775655887736853e-01 3.232092307692307487e-01 2.067991309669522659e-01 3.638957134071340582e-01 2.857671818746120862e-01 2.845433891992551478e-01 2.948177812305780021e-01 2.324975933864054101e-01 2.828897734231476391e-01 2.081123565323565738e-01 1.439257579462102643e-01 2.404840502450980577e-01 3.569501890243902409e-01 1.579596343692870331e-01 9.172239926739926552e-02 3.324889596083231980e-01 1.256341799265605907e-01 8.214669517409896315e-02 2.664414137086903445e-01 1.780605012376237639e-01 2.707523364485981410e-01 1.884551691729323408e-01 2.388864189622037226e-01 8.019780052840159990e-02 1.421028293010752619e-01 1.254391920623671164e-01 2.246635455349248189e-01 2.148667141292442684e-01 2.523069477911646374e-01
1.932677668308702967e-01 3.603962306368330148e-01 1.975855180722891624e-01 1.453267761194029783e-01 1.210966759972008366e-01 3.847044429619746464e-01 1.030916589250165799e-01 1.594209416445623306e-01 2.722619019218024961e-01 1.061804415584415573e-01 1.670296396396396266e-01 1.483578241335044845e-01 1.575071049304677673e-01 1.403245539613225124e-01 3.342565707287201149e-01 1.847181021897810194e-01 1.188695689131754885e-01 1.446700485436893391e-01 1.309459263729631784e-01 0.000000000000000000e+00 2.336342178098676226e-01 1.255708816425120666e-01 1.630951026570048312e-01 3.236321338155515592e-01 1.528673819742489282e-01 3.865164817073170611e-01 1.780594920440636553e-01 1.370932640586797202e-01 1.543703237629810709e-01 1.989721515151514908e-01 3.848642398546335275e-01 1.881343723468768825e-01 1.033213904068002315e-01 3.818945863746959213e-01 1.766646650426309251e-01 1.280081962218159730e-01 1.531726023213194898e-01 1.299324800491098719e-01 1.814667472118959290e-01 1.834434014869888163e-01 1.928047952853597924e-01 2.174005562347188225e-01 1.645917359413202607e-01 2.328895246800731511e-01 3.317624893227578142e-01 2.154494678899082638e-01 1.357347230675593486e-01 3.768479501216544514e-01 2.452948628884826232e-01 1.332251191203420726e-01 2.713463347587049546e-01 3.063896158536585368e-01 1.351803359804520377e-01 3.627236071649165838e-01 1.597573490976975652e-01 3.031721714643303978e-01 1.729024632117722449e-01 2.452679881266491002e-01 3.680598859060402739e-01 3.070295895258315366e-01 1.792816784452296863e-01 1.875920240700219010e-01 1.804627800000000171e-01
7.346819672131146839e-02 2.161584635193132820e-01 6.048795673076922536e-02 8.354125837676842914e-02 1.166488764829029939e-01 2.477193080505655232e-01 1.179524039735099228e-01 8.696166776968894396e-02 1.575462566137565967e-01 1.262249546044098281e-01 1.084970437017994949e-01 8.459744871794870613e-02 1.286103977272727017e-01 4.504086604361371565e-02 1.753505749235473588e-01 8.552461725394898406e-02 6.857563106796116248e-02 7.929549423893267335e-02 4.710534378769602043e-02 2.336342178098676226e-01 0.000000000000000000e+00 7.726579169175196160e-02 1.090643708609271428e-01 1.872071394230769292e-01 2.740084403669724999e-02 2.060396595744680981e-01 8.504608297742526080e-02 8.531549664838512792e-02 6.985608404384896497e-02 8.461276132930513338e-02 2.232464975845410426e-01 8.815522974607013784e-02 9.344648697758933809e-02 1.607424089805825351e-01 7.347333535844471908e-02 9.844408510638297249e-02 3.474485070079220278e-02 1.026016289038579193e-01 1.066940642371834447e-01 1.231074613959234065e-01 1.177987631416202718e-01 1.233565204143814709e-01 8.464273613650213912e-02 1.316068651275820178e-01 2.008295924574209357e-01 1.244449451219512143e-01 1.133357402912621298e-01 2.294536810187992326e-01 9.250764884568650481e-02 7.545038976857490476e-02 1.253882277710109405e-01 2.214288206686929883e-01 4.014291108404384467e-02 2.059187561576354686e-01 7.684226567349473902e-02 1.717284831460674233e-01 6.225034460753030990e-02 6.788716447368421669e-02 2.362222489959839300e-01 1.912937120677487279e-01 8.482058978873238675e-02 5.840559912854029895e-02 9.306049701789263773e-02
2.662463934426229639e-01 1.548149097162510590e-01 1.930183935742971757e-01 3.382725447761193993e-01 3.896385934219734892e-01 1.719859906604402910e-01 4.010878286852589958e-01 2.940766733067729510e-01 1.775782614465826470e-01 4.438980156148341072e-01 3.525178414948453853e-01 3.125636118251927664e-01 3.083773734177215342e-01 2.782418425983760324e-01 1.329958736971183220e-01 2.679328702010969065e-01 3.023579415347137922e-01 2.981197201946472197e-01 3.673350695704779567e-01 1.255708816425120666e-01 7.726579169175196160e-02 0.000000000000000000e+00 3.045069499698613291e-01 1.545606983744732266e-01 2.584711642156862776e-01 1.821668514007308282e-01 2.641240978593272226e-01 3.242103054367745929e-01 2.753406105006104831e-01 1.499255481526347855e-01 1.248415799031477036e-01 2.246995999999999993e-01 3.669583788706739513e-01 1.790486618004866540e-02 3.526592691839220417e-01 3.313064960390006419e-01 2.398983384239462280e-01 3.685875813382443189e-01 2.951735727554180011e-01 3.081781238390092770e-01 3.045553998760074932e-01 2.593262614538790478e-01 3.181796029321930508e-01 2.273171924482338402e-01 1.453038071995118863e-01 2.630421406727828648e-01 3.605425000000000435e-01 1.579281044957472624e-01 1.213151612903225762e-01 3.710820805369127728e-01 1.315632580841976929e-01 7.793654689403166358e-02 3.087511226357534944e-01 1.844243518518518532e-01 3.109715059116366365e-01 2.092854005006258011e-01 3.041966986564298980e-01 1.065118589321028264e-01 1.359187667560321777e-01 1.436070388692579358e-01 2.612300706090026625e-01 2.473919083969465804e-01 3.178198611111111016e-01
2.503126765188834479e-01 1.978636254295532693e-01 1.835232878909382470e-01 2.765002380952380490e-01 2.554733682739343537e-01 2.153840945406124696e-01 2.715059178263750650e-01 2.402142147117296289e-01 1.786801721854304748e-01 2.616711760883690951e-01 2.877024324324324311e-01 2.565786777920410766e-01 2.329961504424779006e-01 2.324176029962546630e-01 1.567700428921568745e-01 2.477278880097383007e-01 2.202407729762629329e-01 2.578075425790753994e-01 3.146131578947368723e-01 1.630951026570048312e-01 1.090643708609271428e-01 3.045069499698613291e-01 0.000000000000000000e+00 1.946213445378150997e-01 2.208453023824067940e-01 2.180697753491196433e-01 2.335812439024390619e-01 2.421284024390243927e-01 2.270322669104204716e-01 1.543255232909860886e-01 1.865774304715840382e-01 2.013544283121597445e-01 2.580742666666666629e-01 9.716687310261080956e-02 3.283553130699088385e-01 2.585032420924573970e-01 2.166740426829268373e-01 2.580613602941176365e-01 2.396654017305314688e-01 2.479294870210136115e-01 2.569835170278638170e-01 2.207905304878048924e-01 2.680775304878048604e-01 2.043274042553191450e-01 1.758795310596833195e-01 2.363991153142159796e-01 2.579535419198055735e-01 1.963041929611650527e-01 1.467450577507598830e-01 2.875835527117611146e-01 1.632877026203534143e-01 1.242366605839416022e-01 2.591127848872638584e-01 2.285697658656808406e-01 2.729803664596273660e-01 2.183946533416614433e-01 2.708330779054917148e-01 1.360066359447004436e-01 1.813319344042837733e-01 1.632282614840989410e-01 2.391831834215167873e-01 2.226951089324618882e-01 2.707819009900990226e-01
1.855647049180328134e-01 3.592250814053127850e-01 1.792356594724220376e-01 1.700571269487750614e-01 1.769799442119944222e-01 3.926678205980066449e-01 1.573491203703703545e-01 1.745120238095238252e-01 2.721525247851949714e-01 1.615871678548282675e-01 1.975297689345313912e-01 1.652467029449423697e-01 1.940813106490232864e-01 1.476334100808960881e-01 3.027917715332925641e-01 1.860487742718446580e-01 1.550008980582524287e-01 1.714209399636143216e-01 1.513721557971014486e-01 3.236321338155515592e-01 1.872071394230769292e-01 1.545606983744732266e-01 1.946213445378150997e-01 0.000000000000000000e+00 1.404045377128953775e-01 3.629106771463119774e-01 1.835234608378870924e-01 1.614934244080145631e-01 1.582703276699029549e-01 1.973404638554217272e-01 4.003167188440698854e-01 1.953512839059674544e-01 1.514597101449275396e-01 3.573099576527525856e-01 1.871786735311931904e-01 1.602092973955178412e-01 1.431923497267759415e-01 1.709978767541183997e-01 1.899867507692307722e-01 1.967910523076923102e-01 2.005813756940160730e-01 2.156592345078979234e-01 1.834006257594167633e-01 2.307957082324454956e-01 3.249629993928354610e-01 2.250300546780072963e-01 1.701163339382940065e-01 3.833705015105740577e-01 2.145171246973365808e-01 1.632911286407767171e-01 2.473074332524271557e-01 2.782338158691702312e-01 1.396525197328475909e-01 3.541231798649477902e-01 1.711573374613003240e-01 2.849103300124533056e-01 1.784647867600254179e-01 2.235947606557377454e-01 3.335257095269820171e-01 2.939843530239099612e-01 1.901119315188762038e-01 1.619484924078090915e-01 1.988023564356435902e-01
1.887656375838926148e-01 1.676709903593339157e-01 1.192850204081632587e-01 2.381229878971255487e-01 3.106536763662172129e-01 1.768276434841323241e-01 3.160974462365591098e-01 2.152080968392737215e-01 1.543318926174496453e-01 3.498355131578947952e-01 2.532699999999999951e-01 2.226378311688311518e-01 2.447612923864363743e-01 1.680312255211623418e-01 1.290261490683229928e-01 2.152056570018507364e-01 2.276039173349784228e-01 2.228107716049382570e-01 2.287856177012907166e-01 1.528673819742489282e-01 2.740084403669724999e-02 2.584711642156862776e-01 2.208453023824067940e-01 1.404045377128953775e-01 0.000000000000000000e+00 1.757809279609279518e-01 2.094360563380281703e-01 2.495186020846106578e-01 1.986326309303758642e-01 1.402150795593635479e-01 1.369118053855569173e-01 1.737481127450980212e-01 2.752022392638037163e-01 7.398118008604794016e-02 2.209915384615384892e-01 2.526748277982779900e-01 1.304037160493827230e-01 2.711981451612903715e-01 2.425651033187226080e-01 2.537805694618272545e-01 2.554652542372881086e-01 2.291173271604938222e-01 2.295484197530864023e-01 1.915239175891758905e-01 1.428977990135635034e-01 2.007497901234567839e-01 2.716387154271665549e-01 1.571989680589680471e-01 7.347142857142857642e-02 2.512792967304133263e-01 1.127375940777297914e-01 1.336941933497536872e-01 1.912631172839505678e-01 1.554410237203495415e-01 2.500835768261965297e-01 1.975077454084863959e-01 2.199797927461139557e-01 1.088134022681787882e-01 1.661291044776119497e-01 1.578054369627507059e-01 1.952683318385650124e-01 1.530923614190687621e-01 2.321826024590163962e-01
