0.000000000000000000e+00 -5.235699999999998688e-01 -7.347466666666666590e-01 -1.945758333333333645e-01 -1.319025000000000059e-01 -6.198266666666666369e-01 -8.066875000000001128e-01 -2.516500000000000403e-01 -5.816316666666666579e-01 -5.973508333333333864e-01 -6.683249999999999469e-01 -6.002649999999999375e-01 -5.176399999999999890e-01 -1.116908333333332948e-01 -4.243820000000000370e-01 -6.274419999999999442e-01 -3.341033333333332522e-01 -1.495583333333333487e-01 -4.037208333333333621e-01 -6.587949999999999084e-01 -4.441308333333333636e-01 -4.811175000000000312e-01 -6.469708333333333838e-01 -3.349416666666667902e-02 -2.069833333333332692e-01 -1.720458333333333423e-01 9.277499999999981942e-03 -6.207208333333332773e-01 -7.817208333333334203e-01 -5.911758333333333448e-01 -6.274441666666666917e-01 -6.192324999999999635e-01 -5.325416666666668020e-01 -6.832108333333332117e-01 -4.239224999999999799e-01 -5.029124999999999845e-01 -7.855208333333333348e-01 -4.199925000000000463e-01 -4.018914285714286216e-01 -6.616214285714285825e-01 -7.316957142857143381e-01 -4.388871428571428646e-01 -5.605241666666666012e-01 -7.272636363636363344e-01 -3.544108333333333416e-01 -6.288424999999999709e-01 -6.117000000000000215e-01 -3.479050000000000753e-01 -6.214066666666665517e-01 -6.532333333333332215e-01 -5.042758333333332565e-01 -4.408016666666665917e-01 -5.232249999999999401e-01 1.450250000000001017e-02 -4.635958333333332071e-01 -1.245249999999999552e-01 -4.218824999999999936e-01 1.450250000000001017e-02 -4.460900000000000420e-01 -6.499058333333332937e-01 -6.289474999999998817e-01 -5.017291666666666705e-01 -5.874541666666667217e-01 -7.471750000000000613e-02 -3.975500000000001949e-02 -5.917999999999999927e-01 -4.515675000000000661e-01 -4.477333333333332610e-01 -6.412408333333331489e-01 -5.745766666666667355e-01 -6.115966666666666773e-01 -5.685089999999999311e-01 -5.243320000000000203e-01 -4.351440000000000308e-01 -5.123539999999999761e-01
-5.235699999999998688e-01 0.000000000000000000e+00 -2.461389920424403022e-01 -2.404535978835978804e-01 -2.252341798941799034e-01 -9.786824468085103534e-02 -2.588256084656084810e-01 -2.035374867724867864e-01 -6.682701058201057087e-02 -1.190865608465608572e-01 -3.225520424403183206e-01 -2.543690981432360498e-01 -1.312673015873015714e-01 -1.004761267605633751e-01 -1.480159233449477307e-01 -2.587070796460176902e-01 -1.950904923076922926e-01 -1.637339944134078018e-01 -1.762198128342246095e-01 -4.932567251461986851e-02 -1.280416438356164477e-01 -2.553962334217506625e-01 -1.085349206349206092e-01 -1.124671428571428627e-01 -3.396653174603174175e-01 -2.329376455026455073e-01 -2.725590476190476452e-01 -9.940442970822281621e-02 -3.338950132625994605e-01 -2.495815957446808619e-01 -6.053912698412697996e-02 -9.611296296296296948e-02 -1.797896542553191479e-01 -2.114973556231003193e-01 -2.259422364217252566e-01 -5.720278787878787380e-02 -2.631154703832752628e-01 -1.309195729537366293e-01 -1.353720996441281077e-01 -1.528364379084967417e-01 -2.420270940170939911e-01 -2.091312236286919646e-01 -2.535336896551724228e-01 -2.412669902912621400e-01 -1.520042124542124451e-01 -9.321169381107491381e-02 -2.813211619718309908e-01 -2.062310863509749237e-01 -8.952282258064514497e-02 -1.358217379679144132e-01 -2.999062566844920008e-01 -2.310874866310160258e-01 -4.141005347593582769e-02 -1.921702949061662169e-01 -1.959236118598382537e-01 -1.690701876675602955e-01 -1.985845013477088861e-01 -1.919820911528150043e-01 -1.185564973262032001e-01 -2.313035026737967903e-01 -1.121738235294117425e-01 -1.469733333333333170e-01 -1.236948097826086890e-01 -2.190630213903743406e-01 -2.757973994638069359e-01 -1.177420161290322620e-01 -1.799919623655913958e-01 -1.870629838709677029e-01 -1.008423655913978645e-01 -7.912059139784945183e-02 -2.080006388888888946e-01 -2.586569161676646744e-01 -8.834729824561403377e-02 -1.116706349206349203e-01 4.575833333333332448e-02
-7.347466666666666590e-01 -2.461389920424403022e-01 0.000000000000000000e+00 -3.702612076271186159e-01 -3.799325000000000063e-01 -1.667019148936170828e-02 -1.969856355932203540e-01 -3.595407203389830442e-01 -1.682086864406778098e-02 -6.125567796610167925e-02 -3.051336305732483822e-01 -2.551588322717621704e-01 -3.745235169491525212e-02 -2.955725668449197818e-01 -1.799725526315788804e-01 -3.778638801261829383e-01 -3.773162898550724287e-01 -2.756658536585365749e-01 -4.308241720430107113e-01 -2.099952150537634232e-01 -3.435538779956427424e-01 -2.824259447983014648e-01 -1.173728813557602655e-05 -3.367735169491525293e-01 -2.997214194915254204e-01 -3.684409533898305167e-01 -4.311924788135593212e-01 -1.146089361702124984e-02 -3.874258723404255256e-01 -3.392811914893616998e-01 3.040997881355932131e-02 -4.449239915074307966e-02 -3.492924248927038455e-01 -2.641951658767772715e-01 -3.446850903614457895e-01 -8.524002857142856660e-02 -3.547044625407165808e-01 -3.021648504983389105e-01 2.311534946236558710e-02 -1.209756499999999901e-01 -2.378795679012345732e-01 -3.763947575757575770e-01 -2.555214621409921949e-01 -2.745936775818639819e-01 -2.450685277777777948e-01 6.575170426065164719e-02 -4.671331999999999707e-01 -2.738570132743363139e-01 -2.088650862068964012e-02 -4.221145652173911855e-02 -3.809121086956521185e-01 -3.249779392624728702e-01 3.087872294372295129e-02 -4.311252370689655500e-01 -2.557710021786492316e-01 -4.372760043196544655e-01 -3.165520434782608250e-01 -4.199045064377682213e-01 -3.187961802575107195e-01 -2.398816774193548162e-01 1.365679487179490177e-02 -3.717661538461538573e-01 -4.733995661605205907e-02 -3.740963597430406740e-01 -4.391787553648069387e-01 -4.575636559139784759e-02 -5.426596112311012771e-02 -2.218539870689655025e-01 3.566193548387099673e-03 -1.364657266811279690e-02 -1.138488838268792575e-01 -2.847374509803921594e-01 -5.077306896551724014e-02 -2.494533157894736897e-01 -1.009725000000000067e-01
-1.945758333333333645e-01 -2.404535978835978804e-01 -3.702612076271186159e-01 0.000000000000000000e+00 -3.000362182361733798e-01 -2.940455239520958219e-01 -2.668971044776119461e-01 -3.229971194029850889e-01 -2.348123019431987979e-01 -3.694001943198803595e-01 -2.726547662141779460e-01 -3.213736023916293205e-01 -3.323133183856502026e-01 -3.689618629173989639e-01 -2.858990944881889540e-01 -2.929141683778234140e-01 -3.906852298850574390e-01 -3.140542604501607715e-01 -3.898501726844583737e-01 -3.305761341853034607e-01 -3.281756164383561325e-01 -2.127094268476621142e-01 -2.861082089552238750e-01 -2.624734029850745998e-01 -2.754874328358208890e-01 -3.755262686567163999e-01 -5.445087462686566404e-01 -2.914231081081080643e-01 -2.492193703148425921e-01 -3.487938380809595396e-01 -2.446144444444444399e-01 -3.140106315789473745e-01 -3.195477963525835685e-01 -2.799574461028192518e-01 -3.966262580645161795e-01 -2.616079729729730019e-01 -3.887291044776119420e-01 -3.087702202643171634e-01 -2.599482439926062982e-01 -2.460218294849023102e-01 -2.558126018099547427e-01 -3.614538356164382904e-01 -3.947121391304347360e-01 -3.050469415807560147e-01 -3.417850810810810769e-01 -2.473935462184874146e-01 -3.849513309982486864e-01 -3.310102932098765161e-01 -2.808173676248108541e-01 -3.298152207001522340e-01 -2.870005631659056089e-01 -3.542698480243161030e-01 -2.321800455235204508e-01 -4.814329742033383597e-01 -2.832031859756097281e-01 -3.552633484848484735e-01 -3.061169406392694192e-01 -4.598637556561085415e-01 -3.165397435897435163e-01 -3.325857703927492803e-01 -2.722278796992481098e-01 -3.708515037593984598e-01 -3.549764893617021189e-01 -4.100596837349397283e-01 -5.425565761689291611e-01 -3.624399546827794527e-01 -2.502457424242424122e-01 -3.115523333333333200e-01 -3.093849621785174087e-01 -2.850323135464231661e-01 -2.649677614379085111e-01 -2.394195519348268908e-01 -2.514978415300546111e-01 -2.838153413654618262e-01 -2.902266666666666883e-01
-1.319025000000000059e-01 -2.252341798941799034e-01 -3.799325000000000063e-01 -3.000362182361733798e-01 0.000000000000000000e+00 -2.145714563106796424e-01 -1.896177455048409788e-01 -3.316716459197787126e-01 -2.153059972299168900e-01 -2.560877839335179984e-01 -3.198933938547486311e-01 -3.345590707350901694e-01 -2.517657916666666273e-01 -2.508390821256038516e-01 -1.636267557932263583e-01 -3.536014498141263340e-01 -2.962033797909407462e-01 -2.425529228486646982e-01 -3.714002183406113766e-01 -2.910172980501392614e-01 -2.836577698863635977e-01 -2.801407724719101044e-01 -2.085652697095435604e-01 -2.718996398891966870e-01 -3.709567822468793352e-01 -3.022212066574201939e-01 -4.247726592797783640e-01 -2.182010584958216926e-01 -3.689925312934631552e-01 -2.770520723226703730e-01 -1.941175626740946902e-01 -2.122046164574616645e-01 -2.961406901408450421e-01 -2.856446564885496420e-01 -3.446951450676982720e-01 -1.732569244288225119e-01 -3.555331285988483359e-01 -2.985640433925049186e-01 -1.994843529411764738e-01 -1.711469494290375204e-01 -3.120956969696969674e-01 -3.122701069518716288e-01 -3.661827476038338469e-01 -2.909316798732171083e-01 -3.065494205298012753e-01 -1.744935403726708134e-01 -3.449937037037036913e-01 -3.412913610315185808e-01 -2.186208309859154764e-01 -2.409278328611898223e-01 -3.564428186968838785e-01 -3.328693352192361732e-01 -1.712518117977527843e-01 -3.427671488764044705e-01 -2.483019887165021089e-01 -3.391886395511921060e-01 -3.173218873239436744e-01 -3.194984755244755781e-01 -2.858897902097901622e-01 -2.862823809523809548e-01 -2.103782147838214878e-01 -2.935804038997214538e-01 -2.412306469760900351e-01 -3.478176429567643169e-01 -4.358557402234636280e-01 -2.556654405594405710e-01 -2.401478962131837203e-01 -2.439172089761570961e-01 -2.115198879551820621e-01 -2.056936350777934797e-01 -2.315016338880484248e-01 -2.349282352941176599e-01 -8.896258793969848144e-02 -1.845636538461538356e-01 -1.034058823529411669e-01
-6.198266666666666369e-01 -9.786824468085103534e-02 -1.667019148936170828e-02 -2.940455239520958219e-01 -2.145714563106796424e-01 0.000000000000000000e+00 8.964081012658230152e-02 -1.832581772151898603e-01 7.067019771863117805e-01 7.557446894803550030e-01 -2.556201660280970067e-01 3.970447969543147021e-02 6.889372935196951264e-01 -3.152492128279883454e-01 -1.243625239616613504e-01 -2.866283793103448496e-01 -4.318029430894309018e-01 -2.515107330567081800e-01 -5.073331190150478509e-01 -2.358935572139303216e-01 -1.763400778210116315e-01 5.827291399229790787e-03 8.999357541191382870e-01 -2.959941751269035137e-01 -6.058609911054634728e-02 -3.108036040609137296e-01 -5.021848162230672097e-01 8.803345732484078034e-01 -2.210112468193383972e-01 -2.121430916030534186e-01 8.197250445859872725e-01 8.383519284802043448e-01 -2.136583912483912551e-01 -8.852645833333332159e-02 -1.228003951890034168e-01 5.814665299684542710e-01 -1.825756825938566474e-01 -9.832590192644481697e-02 5.011379999999999724e-01 2.757022304283603953e-01 4.480195340501794826e-02 -2.596173466003316999e-01 -2.069105239520958039e-01 -2.234229811866859650e-01 8.955392215568863667e-02 8.072292242595203726e-01 -3.584757288629736860e-01 -2.122303014416775935e-01 7.803417806451613536e-01 8.038607652399480941e-01 -2.916627756160829477e-01 -1.651099093264248585e-01 7.775897551546392394e-01 -6.846321235521234394e-01 5.407863049095609081e-02 -5.822106555269922490e-01 -2.523185677419354511e-01 -6.436749102564102154e-01 -1.875390769230768917e-01 -1.070731707316990248e-04 8.902149104859335971e-01 -4.770883652618135295e-01 6.136668556701031507e-01 -3.625096035805625561e-01 -5.054899871959025459e-01 7.578915000000000513e-01 2.614299485861182881e-01 -4.887411612903225233e-02 7.870151932989690735e-01 8.073220806241873104e-01 1.352089349930843676e-01 7.001879432624093583e-03 7.135759767441860468e-01 4.250191851851851665e-01 -1.275737500000000135e-01
-8.066875000000001128e-01 -2.588256084656084810e-01 -1.969856355932203540e-01 -2.668971044776119461e-01 -1.896177455048409788e-01 8.964081012658230152e-02 0.000000000000000000e+00 -2.855295285359801261e-01 3.398976397515526826e-02 3.167360248447209647e-02 -2.617482478097621912e-01 -3.522751990049750592e-01 1.752341220423409701e-02 -4.286306267806266890e-02 -2.405589391575663205e-01 -3.074791355932203207e-01 -3.105385007974481582e-01 -3.166439648173207111e-01 -3.086245637583892587e-01 -2.501507729468598895e-01 -3.105319313850063989e-01 -2.380568050314465223e-01 9.623440993788824616e-02 -2.861000497512437568e-01 -4.334381818181817225e-01 -3.083078482587064406e-01 -3.111744720496894545e-01 8.369111111111113277e-02 -4.002281047381546220e-01 -3.485312842892768215e-01 9.602897627965042981e-02 8.441008760951186629e-02 -3.608909709962168644e-01 -3.560364673913044564e-01 -3.835736683417085291e-01 1.322210153846153646e-01 -3.038191029900332851e-01 -3.011732538330494369e-01 1.775520710059170018e-02 4.288066378066343956e-03 -3.184736013986013692e-01 -4.249211363636363759e-01 -3.587179705882352909e-01 -2.938400992907801434e-01 -8.687848973607036063e-02 1.296689073305670459e-01 -3.645253428571428866e-01 -3.095367779204107328e-01 7.367884955752208864e-02 5.012129606099111762e-02 -3.986762897077509304e-01 -2.966842639593909037e-01 7.901495575221238743e-02 -3.251326893939394669e-01 -1.993416983523447206e-01 -3.880668600252207279e-01 -3.550510632911392239e-01 -3.591247169811321305e-01 -3.348846725440805527e-01 -3.093604918032786810e-01 1.069873869346733702e-01 -3.345904767879547825e-01 8.796298356510748317e-02 -2.844568796992480997e-01 -3.288407779171895196e-01 2.636031407035177576e-02 4.234819899244332553e-02 -1.632728445006321194e-01 4.781976010101009894e-02 8.164559235668789050e-02 -9.174416779431662783e-02 -1.613901751313484845e-01 1.776938443935927314e-01 -1.116264944649446172e-01 -2.268463999999999758e-01
-2.516500000000000403e-01 -2.035374867724867864e-01 -3.595407203389830442e-01 -3.229971194029850889e-01 -3.316716459197787126e-01 -1.832581772151898603e-01 -2.855295285359801261e-01 0.000000000000000000e+00 -1.544131004901960758e-01 -2.455235661764705590e-01 -3.218808395061728556e-01 -2.497759999999999980e-01 -1.880928501228501248e-01 -2.762086816269284650e-01 -2.623189417177914096e-01 -3.278518302828619113e-01 -3.169916797488225857e-01 -2.879372266666666569e-01 -3.007614153439153726e-01 -3.121859198113207112e-01 -2.680050375939849738e-01 -2.751922332506203106e-01 -1.715563725490196201e-01 -2.492417668711656709e-01 -2.688164496314496277e-01 -3.224120736196318671e-01 -4.298093872549019756e-01 -1.728156034482758174e-01 -3.057257195571955743e-01 -2.917930873308732798e-01 -1.568321059113300386e-01 -2.042848395061727940e-01 -2.761119776119402847e-01 -2.686520749665328167e-01 -3.111382866556837157e-01 -2.448184393939394077e-01 -3.822928267973856320e-01 -2.256463484087102289e-01 -2.709056768558951722e-01 -2.688777982954544954e-01 -2.747595711835334464e-01 -3.041740829346092356e-01 -3.767743704775687319e-01 -3.018620391061452302e-01 -2.567845165945165653e-01 -1.830648910081743852e-01 -3.103602812939521560e-01 -3.281913164556962692e-01 -1.752063965087281849e-01 -2.057549749373433490e-01 -3.219027944862155044e-01 -3.020800625782227855e-01 -1.605431670822942691e-01 -3.414092154420921288e-01 -2.513511625000000027e-01 -2.894188432835820834e-01 -3.091342821473158642e-01 -3.314683746898262617e-01 -2.603633291925465665e-01 -2.487823383084577233e-01 -1.622936926889714804e-01 -2.814552970297030110e-01 -2.429492643391520934e-01 -3.457883930778739567e-01 -4.324681683168316026e-01 -2.422706815365550936e-01 -2.311079254658384707e-01 -2.991862468827930499e-01 -1.948468499999999881e-01 -1.992772887767969847e-01 -2.498585140562248896e-01 -2.368353713298790852e-01 -1.948953546910754953e-01 -1.166244280442804565e-01 -3.471108000000000526e-01
-5.816316666666666579e-01 -6.682701058201057087e-02 -1.682086864406778098e-02 -2.348123019431987979e-01 -2.153059972299168900e-01 7.067019771863117805e-01 3.398976397515526826e-02 -1.544131004901960758e-01 0.000000000000000000e+00 5.653625606796116587e-01 -2.229104278728606392e-01 -1.826110705596105735e-02 5.054161632155907968e-01 -2.228754027777777869e-01 -9.735306060606059575e-02 -2.427871874999999458e-01 -3.337007931570761810e-01 -2.061129854689564278e-01 -3.886393130779392524e-01 -1.735847058823528910e-01 -1.565222653316646062e-01 -1.907995079950686591e-04 7.621085419198055932e-01 -2.261993430656934201e-01 -8.309443361753954260e-02 -2.356995620437956351e-01 -3.614847752126366665e-01 7.442206227106226146e-01 -2.162653902439024556e-01 -1.626732073170731874e-01 6.660208547008547031e-01 6.848044430844553165e-01 -1.746843526510480638e-01 -6.274888594164453048e-02 -5.308542345276871799e-02 4.731263063063063101e-01 -1.368851941747572520e-01 -8.131436152570478693e-02 3.891328530259366980e-01 2.281862306610407953e-01 8.765516074450092898e-03 -2.289590220820189315e-01 -1.635417908309455548e-01 -1.557829460580912873e-01 5.746105714285715260e-02 6.175070850202429851e-01 -2.768641504178273038e-01 -1.333632998745294673e-01 6.231503831891223033e-01 6.599456273291924857e-01 -2.585772919254658575e-01 -1.265965136476426833e-01 6.132734363411619372e-01 -5.153671358024691784e-01 3.687951672862454372e-02 -4.494883353884094324e-01 -2.177288490099009988e-01 -4.948333456334562674e-01 -1.515462931034482763e-01 2.247345252774354124e-02 7.609267690417689245e-01 -3.629705276073619258e-01 4.247252904820766339e-01 -2.799939705882352747e-01 -3.710653374233128243e-01 5.696869041769042630e-01 2.233091625615763742e-01 -2.470562422744127309e-02 6.150263568773234324e-01 6.412509750000000563e-01 1.093638247011952391e-01 -1.206651724137931814e-02 5.829863844393592398e-01 3.745085977859778925e-01 -1.342851999999999935e-01
-5.973508333333333864e-01 -1.190865608465608572e-01 -6.125567796610167925e-02 -3.694001943198803595e-01 -2.560877839335179984e-01 7.557446894803550030e-01 3.167360248447209647e-02 -2.455235661764705590e-01 5.653625606796116587e-01 0.000000000000000000e+00 -2.013892787286063468e-01 -1.374574209245738553e-02 7.312235322777101976e-01 -3.618070416666667177e-01 -1.750566212121212328e-01 -3.249100493421052671e-01 -4.723353810264385166e-01 -2.260922985468956092e-01 -4.742517569352708851e-01 -2.108306823529411678e-01 -1.356163454317897143e-01 -2.918186961869619067e-02 8.021132806804375237e-01 -2.964373236009732460e-01 -9.189672350791713851e-02 -3.471395863746958854e-01 -6.584154799513974865e-01 7.798975457875458872e-01 -2.390231463414634328e-01 -2.560579512195121921e-01 7.014174358974359924e-01 7.666241982864138160e-01 -2.335156966707767623e-01 -1.349644827586206630e-01 -1.959058794788273716e-01 5.505040840840840222e-01 -7.779872168284789058e-02 -1.144199502487562303e-01 4.923488040345821437e-01 2.324686357243319346e-01 2.953231810490678216e-03 -2.500219558359620953e-01 -2.137806733524355296e-01 -2.601714384508990174e-01 -6.327475714285714370e-02 6.879943994601889212e-01 -4.095725626740946979e-01 -2.794980677540778169e-01 6.896717181705810384e-01 7.752666708074534840e-01 -3.072331925465838220e-01 -2.325261414392059411e-01 6.555242150803460843e-01 -7.081334938271605095e-01 -2.780421313506814193e-02 -5.440543773119604909e-01 -2.006533910891088734e-01 -6.574518819188192031e-01 -1.432636330049261164e-01 -5.753736128236745101e-02 8.089052334152333490e-01 -4.680644907975460844e-01 6.583858714462299533e-01 -4.153530024509803908e-01 -6.703734723926380035e-01 8.545184520884522295e-01 2.031373768472906349e-01 -7.139632880098888135e-02 7.216659355638167517e-01 7.264776625000000099e-01 7.803444887118198003e-02 -1.121720689655170827e-02 6.164335926773455432e-01 3.183074169741696990e-01 -1.635223999999999844e-01
-6.683249999999999469e-01 -3.225520424403183206e-01 -3.051336305732483822e-01 -2.726547662141779460e-01 -3.198933938547486311e-01 -2.556201660280970067e-01 -2.617482478097621912e-01 -3.218808395061728556e-01 -2.229104278728606392e-01 -2.013892787286063468e-01 0.000000000000000000e+00 -3.706289853300732684e-01 -1.859601595092024440e-01 -1.197005882352941142e-01 -2.724659938837920570e-01 -3.797568822553896717e-01 -2.977379591836735173e-01 -3.107908388814913381e-01 -2.113320370370370405e-01 -2.657221190476191097e-01 -2.670419924337957274e-01 -2.848272490706320048e-01 -2.397377845777233507e-01 -2.800551470588235059e-01 -4.222952147239264487e-01 -3.044490697674418489e-01 -3.155892176039119534e-01 -2.155117690417689968e-01 -4.280687484662576980e-01 -3.223196319018404865e-01 -1.908466707616707780e-01 -2.471553571428571627e-01 -3.536187593052108613e-01 -3.378339124668434668e-01 -4.068858784893267799e-01 -1.955032677760968340e-01 -4.218751712887439109e-01 -2.549848160535117536e-01 -1.699351523947750242e-01 -2.591781019830028399e-01 -3.514181569965870167e-01 -3.057232649842270833e-01 -3.078830303030303250e-01 -3.054300139082058441e-01 -2.514055028735632247e-01 -1.975591180461329643e-01 -3.281463445378151045e-01 -3.609401008827238244e-01 -2.451189179104477645e-01 -2.167249624999999791e-01 -3.918059750000000285e-01 -2.724094382022472227e-01 -2.111960945273632095e-01 -1.772942236024845075e-01 -3.082793516209476614e-01 -2.403408188585607896e-01 -3.537803985056039435e-01 -1.773214603960395763e-01 -3.191080049566295540e-01 -3.594124317617866105e-01 -2.429969221260815382e-01 -2.370832098765431883e-01 -1.516836194029850537e-01 -3.429590505548704704e-01 -3.337075061728395076e-01 -2.060860692212607981e-01 -2.649850929368029462e-01 -2.499030223880596979e-01 -2.213507231920199547e-01 -2.212498616352201186e-01 -2.913073796791443848e-01 -2.772672521739130702e-01 -2.197893135011441956e-01 -2.538812915129151082e-01 -2.965175999999999368e-01
-6.002649999999999375e-01 -2.543690981432360498e-01 -2.551588322717621704e-01 -3.213736023916293205e-01 -3.345590707350901694e-01 3.970447969543147021e-02 -3.522751990049750592e-01 -2.497759999999999980e-01 -1.826110705596105735e-02 -1.374574209245738553e-02 -3.706289853300732684e-01 0.000000000000000000e+00 1.075970036540804114e-01 -3.306542280945758416e-01 -4.059030243161093621e-01 -3.742723684210526036e-01 -2.725112461059190361e-01 -3.307043386243386229e-01 -2.649414021164021582e-01 -4.184439622641508705e-01 -2.457501253132831909e-01 -2.404339901477832442e-01 4.086717761557177864e-02 -2.798846772228988922e-01 -2.821253658536585496e-01 -3.725682360097323231e-01 -3.183680923450789568e-01 4.573434676434676160e-02 -3.925492926829268203e-01 -3.041040975609756170e-01 2.182837606837605832e-02 2.149538555691557495e-02 -3.118312207151665016e-01 -2.553246153846154276e-01 -1.729601468189233271e-01 -1.912222222222222101e-01 -4.183956634304207833e-01 -2.611184079601989727e-01 -1.826606484149856102e-01 -2.577726019690576575e-01 -2.306194576271186070e-01 -2.962172555205047075e-01 -3.604018338108882502e-01 -3.142727486187845143e-01 -1.612051640513552098e-01 4.346316711590297865e-02 -3.145785257301807469e-01 -3.644691353383458510e-01 1.692531520395550160e-02 9.467813664596279322e-03 -3.523816645962732919e-01 -3.068191935483871036e-01 -4.562558714462310039e-03 -2.613825308641975487e-01 -2.126556505576208123e-01 -3.178391245376079310e-01 -3.460026361386138727e-01 -2.838430258302583331e-01 -2.666166133004926331e-01 -2.283655487053020683e-01 4.520727272727274870e-02 -3.000884417177914210e-01 -1.945336217552532873e-02 -3.581576593137255071e-01 -3.049063435582822224e-01 1.115745700245700939e-02 -1.631852339901477822e-01 -2.870155871446229967e-01 -1.691431226765799378e-02 4.177412500000015488e-03 -1.979469721115537928e-01 -3.265305872193437486e-01 -1.302890137614678978e-01 1.838666666666663105e-02 -4.437884000000000273e-01
-5.176399999999999890e-01 -1.312673015873015714e-01 -3.745235169491525212e-02 -3.323133183856502026e-01 -2.517657916666666273e-01 6.889372935196951264e-01 1.752341220423409701e-02 -1.880928501228501248e-01 5.054161632155907968e-01 7.312235322777101976e-01 -1.859601595092024440e-01 1.075970036540804114e-01 0.000000000000000000e+00 -4.050636111111111104e-01 -1.256216869300911809e-01 -2.038768204283360475e-01 -3.993985046728971700e-01 -1.694029629629629774e-01 -4.278046693121692057e-01 -1.182525059101654785e-01 -1.085609899749373497e-01 4.234926108374386690e-03 7.434609124087592225e-01 -2.525668780487805298e-01 1.461641025641026784e-02 -2.801496951219512588e-01 -5.155735200974420618e-01 7.066101223990209901e-01 -1.466376405867970412e-01 -1.971664914425428072e-01 6.185674296205631029e-01 6.924607484662578250e-01 -1.572235352286773802e-01 -6.295473404255319538e-02 -7.760318627450979445e-02 4.251164210526315879e-01 -4.840682333873581183e-02 -7.633747508305648022e-02 3.823094516594516823e-01 2.088211830985915451e-01 6.249471986417656083e-02 -2.248198420221168836e-01 -1.549944906743185025e-01 -2.429020221606647822e-01 -4.514872675250357348e-02 6.252429189189189218e-01 -3.637558019525801711e-01 -1.903131407035175970e-01 6.095432301980198142e-01 6.833296268656717798e-01 -2.371460447761194190e-01 -1.900392795031056181e-01 5.756887500000000824e-01 -6.644109270704573467e-01 -5.388895781637712337e-03 -4.596821358024691384e-01 -1.312368153655514291e-01 -6.086195689655172769e-01 -8.547527743526511790e-02 -1.009333333333331528e-02 7.316458302583026541e-01 -4.242793857493857845e-01 5.635968935643564937e-01 -3.526018159509202721e-01 -5.012448034398034880e-01 7.168662976629767147e-01 2.046312700369913862e-01 -7.200778465346534263e-02 6.386805831265509603e-01 6.516642553191489551e-01 3.375259308510637768e-02 -1.079948186528496834e-02 5.124903211009174120e-01 2.507722592592592226e-01 -1.058676923076923432e-01
-1.116908333333332948e-01 -1.004761267605633751e-01 -2.955725668449197818e-01 -3.689618629173989639e-01 -2.508390821256038516e-01 -3.152492128279883454e-01 -4.286306267806266890e-02 -2.762086816269284650e-01 -2.228754027777777869e-01 -3.618070416666667177e-01 -1.197005882352941142e-01 -3.306542280945758416e-01 -4.050636111111111104e-01 0.000000000000000000e+00 -1.720474422735346343e-01 -2.541272407045009896e-01 -2.679295779816513456e-01 -1.825089634146341289e-01 -2.809523628048780641e-01 -1.933922327790973672e-01 -2.018022812051649684e-01 -2.049490857946554001e-01 -2.943346740638003167e-01 -1.813736856745479797e-01 -3.172092061281336917e-01 -3.241373157162726337e-01 -5.779008055555555634e-01 -3.065763826815642301e-01 -1.976303765690376746e-01 -2.709443235704324104e-01 -1.982929748603351749e-01 -2.833656582633053422e-01 -1.820221045197739917e-01 -2.348481976744185851e-01 -2.855270017953321360e-01 -1.358414139693356060e-01 -3.509328810408921528e-01 -2.000061185468451075e-01 -1.762003678929766060e-01 -6.960771103896105927e-02 -3.779348448275861583e-01 -2.751491479099678061e-01 -4.291828929765886258e-01 -2.426963476874003378e-01 -3.215214710743801718e-01 -2.189250232558139497e-01 -2.721218488745980602e-01 -2.734748923959827716e-01 -2.405146327683615748e-01 -3.003275852272727087e-01 -2.050104403409091225e-01 -2.859138297872340084e-01 -1.903658757062147155e-01 -4.171007042253522257e-01 -2.328360537482319914e-01 -2.171382419127988739e-01 -2.085601833568406227e-01 -3.503666058906030889e-01 -2.380163009845288058e-01 -3.205984929577465059e-01 -2.784532538569425286e-01 -2.480606862745098340e-01 -3.187641666666666262e-01 -3.591897206703910661e-01 -5.799123076923076159e-01 -3.588627591036415154e-01 -2.068419354838710034e-01 -1.736299014084506931e-01 -2.762059180790960577e-01 -2.532017546362339555e-01 -1.380098473282442839e-01 -2.741371694214875809e-01 -7.272080459770115246e-02 -8.727844919786095779e-02 -1.510807692307692129e-01
-4.243820000000000370e-01 -1.480159233449477307e-01 -1.799725526315788804e-01 -2.858990944881889540e-01 -1.636267557932263583e-01 -1.243625239616613504e-01 -2.405589391575663205e-01 -2.623189417177914096e-01 -9.735306060606059575e-02 -1.750566212121212328e-01 -2.724659938837920570e-01 -4.059030243161093621e-01 -1.256216869300911809e-01 -1.720474422735346343e-01 0.000000000000000000e+00 -2.720178317757009356e-01 -3.115786122448979678e-01 -2.213032558139534922e-01 -2.323736046511628017e-01 -2.653311363636363662e-01 -2.521529192546583809e-01 -2.353602887537994126e-01 -1.185397151424287809e-01 -1.970635338345864407e-01 -3.777295933734939881e-01 -3.188694887218044838e-01 -3.330708708708707833e-01 -1.233159638554216786e-01 -3.638812048192771043e-01 -2.997224661654134814e-01 -1.128695921450151018e-01 -1.294278939393939121e-01 -3.094655030487804548e-01 -2.781387848932677098e-01 -3.171587861271675801e-01 -8.659046641791044718e-02 -3.103503571428570806e-01 -2.382066602687140100e-01 -1.601030132450330934e-01 -1.672899999999999943e-01 -2.599665944881889845e-01 -2.732053846153846277e-01 -3.908976386404293124e-01 -2.309716752136752038e-01 -2.178910516934046693e-01 -1.432774916943521659e-01 -3.217121588946459387e-01 -3.100539379844960974e-01 -1.411047031963470477e-01 -1.335580030721966183e-01 -2.802457910906297478e-01 -2.987790030674847275e-01 -1.212531603053434992e-01 -2.910698024316109578e-01 -2.301908091603053486e-01 -2.472398173515981401e-01 -2.835608244274809286e-01 -3.082504552352049454e-01 -2.437000911854103613e-01 -2.865371080669710802e-01 -9.825260606060606805e-02 -2.607846747352496330e-01 -1.635427175572519154e-01 -3.224968882175226481e-01 -3.505444326777609199e-01 -1.465588181818182067e-01 -1.508073860182370940e-01 -2.084608841463414519e-01 -1.174584862385320977e-01 -1.178152550231839346e-01 -2.240480033277870153e-01 -1.714878068410462808e-01 -6.935596685082871804e-02 -2.389284390243902323e-01 -2.492873076923077247e-01
-6.274419999999999442e-01 -2.587070796460176902e-01 -3.778638801261829383e-01 -2.929141683778234140e-01 -3.536014498141263340e-01 -2.866283793103448496e-01 -3.074791355932203207e-01 -3.278518302828619113e-01 -2.427871874999999458e-01 -3.249100493421052671e-01 -3.797568822553896717e-01 -3.742723684210526036e-01 -2.038768204283360475e-01 -2.541272407045009896e-01 -2.720178317757009356e-01 0.000000000000000000e+00 -2.195208961303462547e-01 -2.843798145025295265e-01 -2.411327739726027430e-01 -4.148125263157894094e-01 -2.579016211878009668e-01 -3.081003001579779021e-01 -3.185044566929133847e-01 -2.549133807266982799e-01 -4.516563924050632783e-01 -3.380830173775671299e-01 -3.167203470031546009e-01 -2.935755150554675286e-01 -4.512357911392405052e-01 -2.969042022116903379e-01 -2.544614285714285606e-01 -2.992160890302066889e-01 -3.278620032051282052e-01 -3.491536474694589831e-01 -2.256851859956236217e-01 -3.007073946360153127e-01 -4.371772972972973181e-01 -2.965048126232741055e-01 -3.568731740614334291e-01 -2.468616785714285999e-01 -4.063579086538461893e-01 -2.831152890792291155e-01 -3.895773598553345374e-01 -3.186759966216216045e-01 -2.692387658802177786e-01 -2.769070909090909360e-01 -2.763747666666666603e-01 -3.213770334928229833e-01 -2.809490923566878573e-01 -2.942184405144694370e-01 -3.872517014446227868e-01 -2.436897916666666830e-01 -2.491576273885350301e-01 -1.789006210191082524e-01 -2.937572567783093835e-01 -2.340845151033386362e-01 -3.450819617224880620e-01 -1.837665927099841334e-01 -3.050847936507936620e-01 -2.992289825119237023e-01 -2.957527373417721539e-01 -2.523779272151898678e-01 -2.837458466453673944e-01 -3.320973892405063022e-01 -3.077317246835443165e-01 -2.854086708860759658e-01 -2.887670429252782167e-01 -3.188116453674121886e-01 -2.972179326923076736e-01 -2.988660129659643228e-01 -2.574370151770657422e-01 -3.846676620370370059e-01 -1.957673666666666368e-01 -2.228111004784688876e-01 -3.083769230769230485e-01
-3.341033333333332522e-01 -1.950904923076922926e-01 -3.773162898550724287e-01 -3.906852298850574390e-01 -2.962033797909407462e-01 -4.318029430894309018e-01 -3.105385007974481582e-01 -3.169916797488225857e-01 -3.337007931570761810e-01 -4.723353810264385166e-01 -2.977379591836735173e-01 -2.725112461059190361e-01 -3.993985046728971700e-01 -2.679295779816513456e-01 -3.115786122448979678e-01 -2.195208961303462547e-01 0.000000000000000000e+00 -2.610872699849170475e-01 -2.908027257799671861e-01 -2.133892643051770455e-01 -2.977758153846153943e-01 -2.501015105740181377e-01 -4.598203278688524631e-01 -1.735291629297458782e-01 -2.507020359281437183e-01 -3.096687892376681628e-01 -5.737369999999999415e-01 -4.609532983508246584e-01 -2.054741317365269548e-01 -3.374587275449101864e-01 -3.946077014925373216e-01 -4.413114179104477008e-01 -3.049108545727136632e-01 -2.714640842787682251e-01 -4.433005936920222934e-01 -4.104191399662732165e-01 -3.943799631675874440e-01 -3.621470224719101072e-01 -3.989812588652481562e-01 -3.733081892332789642e-01 -2.850729518072289137e-01 -3.522341320754717175e-01 -4.387852047781569120e-01 -3.325532761578044449e-01 -3.500279482758620886e-01 -4.067175000000000096e-01 -3.946109515570934145e-01 -3.379615076923077055e-01 -3.777180362537763680e-01 -4.682224999999999859e-01 -2.597010558069381969e-01 -4.275898340874811354e-01 -3.568820239880059475e-01 -3.992710090361445974e-01 -3.146874169184289416e-01 -2.493150301204819230e-01 -2.394173906485670966e-01 -3.698487500000000039e-01 -2.663307981927710566e-01 -3.617621536144578487e-01 -4.407684812030075450e-01 -2.841424887556222023e-01 -4.500759909909910483e-01 -3.919177061469265588e-01 -5.910232732732731975e-01 -4.660835488721804531e-01 -3.285029624060150089e-01 -3.013754916792738547e-01 -4.285545896656535181e-01 -4.160558742331287863e-01 -3.057812903225806123e-01 -2.771806609808102340e-01 -3.170876401869159311e-01 -2.459296167247386755e-01 -4.397961538461538367e-01
-1.495583333333333487e-01 -1.637339944134078018e-01 -2.756658536585365749e-01 -3.140542604501607715e-01 -2.425529228486646982e-01 -2.515107330567081800e-01 -3.166439648173207111e-01 -2.879372266666666569e-01 -2.061129854689564278e-01 -2.260922985468956092e-01 -3.107908388814913381e-01 -3.307043386243386229e-01 -1.694029629629629774e-01 -1.825089634146341289e-01 -2.213032558139534922e-01 -2.843798145025295265e-01 -2.610872699849170475e-01 0.000000000000000000e+00 -1.906911447368421220e-01 -1.771953000000000000e-01 -1.100606431273644242e-01 -2.538069851116625530e-01 -2.794485889570552661e-01 -1.527105412054120259e-01 -3.487873119605424677e-01 -2.843463099630996749e-01 -4.630762776412775672e-01 -2.841472996300862808e-01 -3.465167118226601395e-01 -3.297651171393341518e-01 -2.345103321033210064e-01 -2.593274722564734569e-01 -2.709708988764045201e-01 -2.487540290620872119e-01 -3.751020525451559950e-01 -2.094442208774583980e-01 -2.581698867313915735e-01 -2.081814144736842120e-01 -2.075907042253521129e-01 -2.312495048143053400e-01 -3.136833388981636328e-01 -2.680806814580031783e-01 -3.539517296511628386e-01 -2.875652661870503612e-01 -2.958434660766961488e-01 -2.291978796169630850e-01 -3.162099719495091721e-01 -3.550205972045742953e-01 -2.068698245614034870e-01 -2.316819874213836283e-01 -3.086228894472362039e-01 -3.542359222082809844e-01 -2.294392509363295807e-01 -2.685725500000000210e-01 -2.678552823086574608e-01 -1.935264419475655473e-01 -1.736186716791980333e-01 -2.637697758405977422e-01 -7.930822942643392381e-02 -3.366144139650872336e-01 -2.467488293897882601e-01 -2.186594527363183993e-01 -2.136092606516290793e-01 -3.267355776397515288e-01 -4.796790049751243346e-01 -2.142968493150684828e-01 -2.207091885143570575e-01 -2.483095749999999768e-01 -2.428512140175218825e-01 -2.312534469696969630e-01 -2.284992297476759748e-01 -1.807849251247919953e-01 -2.542308120649651726e-01 -1.983605281690140887e-01 -3.478523076923076274e-01
-4.037208333333333621e-01 -1.762198128342246095e-01 -4.308241720430107113e-01 -3.898501726844583737e-01 -3.714002183406113766e-01 -5.073331190150478509e-01 -3.086245637583892587e-01 -3.007614153439153726e-01 -3.886393130779392524e-01 -4.742517569352708851e-01 -2.113320370370370405e-01 -2.649414021164021582e-01 -4.278046693121692057e-01 -2.809523628048780641e-01 -2.323736046511628017e-01 -2.411327739726027430e-01 -2.908027257799671861e-01 -1.906911447368421220e-01 0.000000000000000000e+00 -2.046109339407744532e-01 -2.043930223880597308e-01 -2.617232549504950878e-01 -5.179924602203181960e-01 -1.734356687116564155e-01 -2.780874907749077418e-01 -3.076941226993865075e-01 -5.545687132352941084e-01 -5.063383866995073701e-01 -2.540414637146371502e-01 -3.416027093596059050e-01 -4.237839704069050750e-01 -4.936161310259579715e-01 -2.357331578947368389e-01 -2.662964095744680959e-01 -3.757325779967158330e-01 -4.325993925925926131e-01 -3.907814691943127805e-01 -2.880895786061589137e-01 -4.354443804034581755e-01 -3.136429183955739552e-01 -3.501445689655172111e-01 -2.877189755351681755e-01 -4.270130995792426054e-01 -3.228323376623376539e-01 -3.638363770250367946e-01 -4.211603551912568300e-01 -3.171364880112834683e-01 -2.763321065989847725e-01 -4.304448874999999841e-01 -4.742073400250940707e-01 -2.578638345864662229e-01 -3.764548185231538779e-01 -4.098883915211970486e-01 -3.243539900249376995e-01 -3.248236420525656976e-01 -1.730345952677459498e-01 -2.042731249999999998e-01 -2.723418757763975129e-01 -2.227030845771144074e-01 -3.960763432835820996e-01 -5.047118260869565276e-01 -2.359433746898262907e-01 -4.562079874999999674e-01 -3.512731350681537190e-01 -5.753357692307691229e-01 -4.727573913043478515e-01 -3.860588916562889272e-01 -3.199181670822942580e-01 -4.740330711610486469e-01 -4.671653952321204173e-01 -2.982604210526315636e-01 -3.683112135922330110e-01 -4.277231125827814506e-01 -2.901620344827585685e-01 -3.582192307692307343e-01
-6.587949999999999084e-01 -4.932567251461986851e-02 -2.099952150537634232e-01 -3.305761341853034607e-01 -2.910172980501392614e-01 -2.358935572139303216e-01 -2.501507729468598895e-01 -3.121859198113207112e-01 -1.735847058823528910e-01 -2.108306823529411678e-01 -2.657221190476191097e-01 -4.184439622641508705e-01 -1.182525059101654785e-01 -1.933922327790973672e-01 -2.653311363636363662e-01 -4.148125263157894094e-01 -2.133892643051770455e-01 -1.771953000000000000e-01 -2.046109339407744532e-01 0.000000000000000000e+00 -2.177419591836734780e-01 -3.282794331983804881e-01 -2.647442084168336596e-01 -2.206023943661971909e-01 -4.491067070707070452e-01 -3.380077263581489078e-01 -3.488777108433734342e-01 -2.538962020202020220e-01 -4.151135959595959046e-01 -3.006207287449392807e-01 -2.127861054766734261e-01 -2.392905295315682079e-01 -2.690254226804123516e-01 -3.636261471861471639e-01 -2.422515074309978811e-01 -1.617557043879907785e-01 -3.743410156249999954e-01 -2.717608130081300977e-01 -2.281296153846154029e-01 -2.040352289156626697e-01 -3.579282207207206690e-01 -2.849881858407079527e-01 -3.617884937238493026e-01 -2.474521493212669399e-01 -2.844270146137787281e-01 -2.409936231884057811e-01 -2.940261087866108958e-01 -3.375727572016460898e-01 -2.340698559670781886e-01 -2.450554601226994089e-01 -3.754980612244897542e-01 -2.566501224489795563e-01 -1.993035569105690852e-01 -2.242813211382113925e-01 -3.046121063394682249e-01 -2.291408961303462166e-01 -2.608924081632653103e-01 -2.264784285714285805e-01 -1.971544989775051160e-01 -2.487432857142856946e-01 -2.508844989775050882e-01 -1.856880000000000197e-01 -2.159653971486761581e-01 -3.311733739837398049e-01 -3.834276016260162456e-01 -1.785534826883910242e-01 -2.469068571428571501e-01 -2.006648261758691154e-01 -2.280298357289528011e-01 -2.486683471074380147e-01 -2.245989269406392930e-01 -3.433010989010988889e-01 -2.199368918918918892e-01 -2.071280681818181979e-01 -3.403926923076923128e-01
