0.000000000000000000e+00 2.535058333333333747e-01 3.236324999999999896e-01 5.554583333333332762e-01 6.652599999999999625e-01 9.925250000000000739e-02 4.287475000000000036e-01 6.043141666666665968e-01 1.004416666666666652e-01 -2.417008333333333370e-01 3.331999999999999962e-01 2.352708333333333457e-01 -4.337833333333333125e-02 5.253425000000000455e-01 1.307880000000000154e-01 4.742500000000000604e-01 5.724191666666665901e-01 5.429908333333334225e-01 5.166008333333332869e-01 3.272558333333333569e-01 3.848216666666666730e-01 -8.163249999999999673e-02 1.554525000000000212e-01 6.307583333333334208e-01 7.991691666666667082e-01 6.794950000000000712e-01 8.667591666666666361e-01 7.903500000000000802e-02 3.695466666666666899e-01 6.098500000000001142e-02 -1.016283333333333205e-01 7.668583333333334195e-02 4.868066666666668318e-01 4.037183333333334012e-01 1.728550000000000086e-01 2.241808333333333569e-01 4.146608333333333118e-01 3.284725000000000006e-01 -3.294857142857143123e-02 3.314057142857143035e-01 3.544057142857142684e-01 4.347742857142856687e-01 3.558208333333333084e-01 3.466990909090909567e-01 4.309058333333333213e-01 1.462066666666666515e-01 4.775575000000000236e-01 4.438716666666666644e-01 -1.486158333333333359e-01 -3.742916666666667308e-02 4.297916666666666274e-01 2.627299999999999636e-01 1.514358333333333251e-01 7.217700000000001337e-01 4.150925000000000309e-01 6.409600000000000852e-01 3.301208333333333633e-01 7.217700000000001337e-01 2.454033333333333067e-01 3.592958333333333143e-01 1.616849999999999954e-01 2.824366666666666137e-01 -3.397999999999998938e-02 6.760433333333333294e-01 8.195283333333333031e-01 -1.875674999999999704e-01 3.326791666666666925e-01 3.006358333333333244e-01 5.935000000000000171e-03 5.917000000000000037e-02 2.674183333333333690e-01 3.228370000000000406e-01 1.101779999999999982e-01 1.660939999999999916e-01 2.151219999999999799e-01
2.535058333333333747e-01 0.000000000000000000e+00 2.652570557029177434e-01 2.201420370370370250e-01 2.817508730158730379e-01 2.443989627659574337e-01 2.847026984126984073e-01 2.330705820105820059e-01 1.514879629629629632e-01 1.590004497354497448e-01 3.062000795755968063e-01 2.204905305039787655e-01 8.623137566137567545e-02 1.770501408450704250e-01 2.017898257839721432e-01 2.704154867256637340e-01 2.245098461538461432e-01 2.087687430167598224e-01 2.168891711229946340e-01 2.484101754385964755e-01 1.788261917808219303e-01 2.417321220159151518e-01 2.591963492063492080e-01 2.159442063492063857e-01 2.623139682539681883e-01 2.309374074074074246e-01 1.977015873015872671e-01 2.287926525198938910e-01 3.114173740053050587e-01 2.530660106382978669e-01 1.478001058201058315e-01 1.914758730158729882e-01 2.059797872340425606e-01 1.946992401215805468e-01 1.902245047923322718e-01 1.862238484848484921e-01 2.199541811846689732e-01 1.946632384341636934e-01 1.606924911032028558e-01 2.521330392156862499e-01 1.702067948717948531e-01 1.979397046413502170e-01 2.044367586206896348e-01 2.575334951456310639e-01 1.735504761904761994e-01 1.352822475570032434e-01 2.422626408450704594e-01 2.824864066852367794e-01 1.554302150537634486e-01 1.965266310160427854e-01 2.723677272727272891e-01 2.172486096256684429e-01 1.247709090909090990e-01 1.905345308310992247e-01 2.206555795148247845e-01 2.761278016085791376e-01 2.344548247978436861e-01 2.002082037533512160e-01 1.695179144385026704e-01 1.410039572192513524e-01 2.523251069518716583e-01 1.955417599999999811e-01 1.845631521739130587e-01 2.388901336898395789e-01 2.000748793565683414e-01 1.681582526881720552e-01 2.359487096774193493e-01 2.215459408602150626e-01 1.757291666666666863e-01 1.686596505376344035e-01 2.438451388888888960e-01 1.135951197604790491e-01 1.865430526315789705e-01 1.832589417989417824e-01 2.563916666666666844e-01
3.236324999999999896e-01 2.652570557029177434e-01 0.000000000000000000e+00 3.940680296610169497e-01 3.732278601694915543e-01 2.209707234042553314e-01 4.262360381355932426e-01 2.614418644067796893e-01 2.308777754237288093e-01 8.357114406779661553e-02 3.680268152866242315e-01 2.529362845010615923e-01 6.824574152542373096e-02 3.479337433155080261e-01 3.243520263157894656e-01 2.999368769716088678e-01 3.191719130434782503e-01 3.171407095343680704e-01 3.027529892473118656e-01 2.816402150537634097e-01 2.191950108932461672e-01 3.015245010615710819e-01 2.725693855932203591e-01 2.678525847457627340e-01 3.111866525423728769e-01 3.485827330508474708e-01 4.266167161016949372e-01 1.958019787234042408e-01 3.537687234042553031e-01 2.986256808510637795e-01 1.695802118644067769e-01 1.595189384288747403e-01 2.740627038626609613e-01 2.344583649289099514e-01 2.949881325301204615e-01 2.013361142857142960e-01 2.747902280130292696e-01 2.103235215946843706e-01 1.926472311827956974e-01 3.397351499999999858e-01 1.760409567901234651e-01 2.380017272727272815e-01 3.050659268929503676e-01 3.784068765743073270e-01 2.162561944444444106e-01 1.444396741854636346e-01 2.977590400000000304e-01 3.651455309734513710e-01 2.100303017241379189e-01 1.868675434782608724e-01 3.383526739130434668e-01 3.166513882863340457e-01 1.775545454545454649e-01 3.693104094827586170e-01 2.857417647058823618e-01 3.083180993520518443e-01 3.109083043478260144e-01 3.656969313304720970e-01 2.101720815450643376e-01 2.193303010752688242e-01 3.091407264957264922e-01 3.146392307692307821e-01 1.863240780911062933e-01 3.408476873661670514e-01 4.285264377682402870e-01 1.180502580645161198e-01 3.845525053995679787e-01 3.492370258620689505e-01 1.822032043010752833e-01 2.337584381778741449e-01 3.585590205011389697e-01 1.505848529411764614e-01 2.345911034482758561e-01 1.895277368421052488e-01 3.159875000000000322e-01
5.554583333333332762e-01 2.201420370370370250e-01 3.940680296610169497e-01 0.000000000000000000e+00 3.507452466367713129e-01 1.577071107784430992e-01 4.024874626865672100e-01 2.743648656716417555e-01 1.283134977578475333e-01 2.940418535127055713e-02 4.039278883861237013e-01 2.936450224215246818e-01 -2.820424514200298854e-02 2.094457996485061535e-01 2.833819881889764192e-01 3.766319712525666996e-01 2.783799999999999608e-01 2.475249356913183374e-01 2.774751177394034207e-01 2.375543130990415419e-01 1.815496194824961773e-01 2.994095927601809759e-01 2.043839253731343231e-01 2.045711194029851132e-01 3.617716567164178665e-01 2.995062835820895830e-01 3.309142238805970471e-01 1.584909459459459546e-01 4.495014542728635876e-01 3.108600000000000252e-01 1.028452552552552579e-01 1.165571127819548941e-01 2.955788145896656727e-01 2.710538640132669763e-01 2.756510537634408453e-01 1.702110424710424619e-01 2.493576759061833514e-01 2.214000881057268943e-01 1.489426062846580523e-01 2.790511545293072881e-01 2.438317873303167405e-01 2.517405283757338519e-01 3.008165913043477913e-01 3.292409278350515445e-01 1.957480360360360216e-01 9.380673949579831916e-02 3.292819614711033349e-01 3.538748611111111608e-01 1.231968683812405541e-01 1.429588584474885682e-01 3.917833942161340066e-01 3.003651063829787526e-01 9.230320182094081671e-02 2.614802427921092409e-01 2.683436280487804804e-01 2.744020151515151884e-01 2.959807305936072996e-01 2.660179788838613058e-01 1.863138159879336453e-01 2.464932024169184388e-01 2.111690977443609341e-01 2.415357593984962525e-01 9.046278115501520112e-02 3.088695783132530126e-01 3.396140874811463539e-01 3.148996978851963807e-02 2.805347121212121708e-01 2.853482424242424487e-01 1.309503177004538721e-01 1.322670471841704831e-01 2.683372058823529360e-01 2.287751731160896085e-01 1.764501092896174628e-01 1.621921285140562330e-01 2.841866666666666430e-01
6.652599999999999625e-01 2.817508730158730379e-01 3.732278601694915543e-01 3.507452466367713129e-01 0.000000000000000000e+00 1.392294729542302156e-01 4.143959336099585222e-01 2.791067773167358324e-01 1.278770083102493127e-01 2.871114958448753307e-02 3.414090083798883013e-01 2.611099861303745051e-01 -3.004794444444444310e-02 2.647615297906602549e-01 3.293234224598930449e-01 2.999919702602230620e-01 3.060936759581881494e-01 2.714498961424332557e-01 2.821006259097525448e-01 2.365310863509749173e-01 2.093988068181817930e-01 2.534094803370786630e-01 1.954492531120332055e-01 2.564848060941828378e-01 2.957325104022191509e-01 3.269129542302358082e-01 3.920914819944598673e-01 1.509752506963788210e-01 3.633553268428372784e-01 3.182577468706537238e-01 1.174165738161560002e-01 1.131716039051603728e-01 3.075680985915492660e-01 2.496794198473282489e-01 2.347882591876209180e-01 1.717399472759226775e-01 2.307731477927063291e-01 2.200264694280078814e-01 1.725754285714285741e-01 2.838694290375203821e-01 2.020812727272727205e-01 2.617015864527629243e-01 2.887566613418530159e-01 3.187870047543581720e-01 2.260045529801324726e-01 1.040451552795030876e-01 3.321193075684379936e-01 3.141309742120343973e-01 1.392606619718309846e-01 1.450357932011331341e-01 3.439481444759206474e-01 3.132727722772277734e-01 9.932234550561797048e-02 3.261126685393258562e-01 2.913365162200282077e-01 3.081110098176718104e-01 2.846114788732394540e-01 3.176153426573427030e-01 1.969282937062936667e-01 2.184228571428571131e-01 2.163582426778242196e-01 2.914078969359331084e-01 8.893763713080168887e-02 3.336325244072524399e-01 3.820989664804468888e-01 2.487516083916084531e-02 2.777315147265077555e-01 3.212352454417952141e-01 1.201511064425770381e-01 1.354033521923621031e-01 2.530739939485627810e-01 1.525172675521821730e-01 1.856721356783919419e-01 2.007941923076923263e-01 3.336688235294117399e-01
9.925250000000000739e-02 2.443989627659574337e-01 2.209707234042553314e-01 1.577071107784430992e-01 1.392294729542302156e-01 0.000000000000000000e+00 2.454517974683544379e-01 1.576863544303797326e-01 3.906162484157161274e-01 2.736344613434727457e-01 1.328058876117496900e-01 1.904161675126903319e-01 2.561902287166454850e-01 2.021211516034985556e-01 1.972192332268370429e-01 1.423811896551724077e-01 1.979950894308943055e-01 1.583488658367911417e-01 1.734440766073871154e-01 2.102831592039800801e-01 1.792930350194552325e-01 1.772688703465981896e-01 4.288191634980988987e-01 2.031912944162436729e-01 1.914869377382465154e-01 1.471608502538070962e-01 1.403678073510773172e-01 3.609745350318471768e-01 1.365101908396946506e-01 1.572292111959287808e-01 3.389396178343949129e-01 3.613788122605364195e-01 1.456993951093951134e-01 1.930375138888888731e-01 2.086420274914089212e-01 2.993014668769715669e-01 1.610821160409556252e-01 2.055853239929947285e-01 3.167850606060605978e-01 2.685362629246676458e-01 1.944234767025089516e-01 1.736035157545605112e-01 1.889754790419161667e-01 1.513981331403762842e-01 2.055135029940119984e-01 4.551644992947814217e-01 1.470483090379008650e-01 1.514898820445609307e-01 3.739355612903225712e-01 3.473708690012970446e-01 1.177893514915693690e-01 1.617061917098445434e-01 3.269226804123711028e-01 1.926112741312741850e-01 2.003337855297157577e-01 1.614280462724935750e-01 1.404731870967741991e-01 1.835235256410256421e-01 1.586999743589743439e-01 1.869260590500641805e-01 5.098781969309462703e-01 1.867890804597701349e-01 2.797792268041237040e-01 1.624763554987212200e-01 1.389070294494238189e-01 2.853271923076923233e-01 2.973223264781491015e-01 1.956040903225806371e-01 3.326264046391752549e-01 3.841594408322496768e-01 2.084304426002765998e-01 1.788609042553191419e-01 3.836065813953489223e-01 3.024894074074073735e-01 1.420891666666666830e-01
4.287475000000000036e-01 2.847026984126984073e-01 4.262360381355932426e-01 4.024874626865672100e-01 4.143959336099585222e-01 2.454517974683544379e-01 0.000000000000000000e+00 3.302354714640198252e-01 2.321598633540372658e-01 5.221593788819876847e-02 3.914296120150187464e-01 2.296924502487562303e-01 4.619906600249067130e-02 4.329805413105413114e-01 3.153545709828393662e-01 3.326117796610170152e-01 3.582530143540669787e-01 2.779109066305818776e-01 3.841420805369126779e-01 2.807790338164251609e-01 2.478094409148665633e-01 2.471750943396226474e-01 2.495280248447205029e-01 3.048169402985074217e-01 2.412774221668742003e-01 3.573648134328358261e-01 4.855459130434782722e-01 1.881478401997502825e-01 3.104181421446383649e-01 2.944077556109725990e-01 1.968607365792759134e-01 2.120782853566959003e-01 2.981837704918032794e-01 2.311614538043478551e-01 2.283798827470686355e-01 2.201780307692307870e-01 2.825512292358804411e-01 2.610081090289608774e-01 2.225939497041419801e-01 3.357922077922078086e-01 2.198544405594405893e-01 2.701357629870130284e-01 3.027348088235293777e-01 3.382836170212765725e-01 3.480361290322580570e-01 2.316360027662517085e-01 3.490663857142857207e-01 3.533391399229781626e-01 2.451910872313527168e-01 2.156157052096569215e-01 3.100216010165184333e-01 3.481122588832487041e-01 1.749211125158027513e-01 4.493018308080807821e-01 2.999213434727503458e-01 3.652815132408574472e-01 2.714027468354430761e-01 4.200041132075472139e-01 2.121045214105793664e-01 2.093881462799495330e-01 3.314496733668341744e-01 3.550359598494353675e-01 1.478960809102402019e-01 4.057659022556391326e-01 4.861444291091592818e-01 7.411390703517588274e-02 4.054194458438287740e-01 3.607683565107459023e-01 1.724806313131313495e-01 2.596065222929936356e-01 3.345781190798375881e-01 2.247336077057793258e-01 3.248922196796339423e-01 1.831917343173432022e-01 2.094531999999999783e-01
6.043141666666665968e-01 2.330705820105820059e-01 2.614418644067796893e-01 2.743648656716417555e-01 2.791067773167358324e-01 1.576863544303797326e-01 3.302354714640198252e-01 0.000000000000000000e+00 1.388595343137254967e-01 4.305553921568627124e-02 2.995184320987654414e-01 2.803223803680981452e-01 -5.025502457002457152e-02 2.199121739130434350e-01 2.874605981595091952e-01 3.325473544093178191e-01 2.800942229199372413e-01 2.204959733333333449e-01 2.842237301587301479e-01 2.846474292452829680e-01 1.806205263157894536e-01 2.191988213399503616e-01 2.104345833333333415e-01 2.269774846625766951e-01 3.304872604422603999e-01 2.920653496932515414e-01 3.255704289215685665e-01 1.635434975369458310e-01 3.511679827798278031e-01 2.950879581795818329e-01 1.336269704433497574e-01 1.560997037037037127e-01 3.067045646766168865e-01 2.573057965194109342e-01 2.449554695222404821e-01 1.385468484848484672e-01 2.528066013071895712e-01 2.478879396984924877e-01 1.575201455604075818e-01 2.222361789772727414e-01 2.705672041166380937e-01 2.605469856459329825e-01 2.887419826338639695e-01 2.795267039106145157e-01 2.218502020202020031e-01 1.298157356948228813e-01 3.035239803094233468e-01 3.038805063291139530e-01 1.435096259351621162e-01 1.467717794486215754e-01 3.349754385964912595e-01 2.867651689612015220e-01 1.304861970074812638e-01 2.868304856787048385e-01 2.674803874999999720e-01 2.868267910447761526e-01 2.561376029962547096e-01 2.795067493796526414e-01 1.924373540372670832e-01 2.537628233830845903e-01 2.145859975216852511e-01 2.550123267326732668e-01 7.456756857855362242e-02 3.009391594561185990e-01 3.370626237623762789e-01 3.786570012391573398e-02 2.311662360248447068e-01 2.439502743142144825e-01 1.349111124999999856e-01 1.471049432534678458e-01 2.055806693440428434e-01 2.090158376511226102e-01 1.561935926773455607e-01 1.712770110701107296e-01 4.235292000000000501e-01
1.004416666666666652e-01 1.514879629629629632e-01 2.308777754237288093e-01 1.283134977578475333e-01 1.278770083102493127e-01 3.906162484157161274e-01 2.321598633540372658e-01 1.388595343137254967e-01 0.000000000000000000e+00 2.663149393203883553e-01 1.437952567237163748e-01 1.708435279805352869e-01 2.319516930572472768e-01 1.630731805555555580e-01 1.863051060606060461e-01 1.685370559210526142e-01 1.234529237947122882e-01 1.154409511228533525e-01 1.344223645970938075e-01 2.110554823529411650e-01 1.166204255319149008e-01 1.758937515375153804e-01 3.650501458080194217e-01 1.504801459854014645e-01 1.805430450669914810e-01 1.304842214111922305e-01 1.118869380315917483e-01 3.400354700854701373e-01 1.652497926829268327e-01 1.512648902439024667e-01 2.825547130647130811e-01 3.389849204406364946e-01 1.391775832305795213e-01 1.885733554376657628e-01 1.710719869706840424e-01 2.535239039039039466e-01 1.491577669902912628e-01 1.693058872305141238e-01 2.507018011527377688e-01 2.192819127988748507e-01 1.917857021996615952e-01 1.623254416403785705e-01 1.504345558739254574e-01 1.349499170124481562e-01 1.686340428571428685e-01 3.397270985155195766e-01 1.498334540389972269e-01 1.644523462986198226e-01 3.292202966625463745e-01 3.369542484472050070e-01 1.411408198757763965e-01 1.437923076923076915e-01 2.622460568603213749e-01 1.423199135802469262e-01 1.917157125154894948e-01 1.294543896424167895e-01 1.185730198019802062e-01 1.355785485854858752e-01 1.172880418719211698e-01 1.734345745992601773e-01 4.748963882063881869e-01 1.352105276073619633e-01 2.423967861557478343e-01 1.442877328431372563e-01 1.107250797546012189e-01 2.557916216216216121e-01 2.709284852216748973e-01 1.780657107540173090e-01 3.015679925650557314e-01 3.811025999999999581e-01 1.795922709163346453e-01 1.422506896551724020e-01 3.365114645308925345e-01 2.116302214022139916e-01 1.673448000000000158e-01
-2.417008333333333370e-01 1.590004497354497448e-01 8.357114406779661553e-02 2.940418535127055713e-02 2.871114958448753307e-02 2.736344613434727457e-01 5.221593788819876847e-02 4.305553921568627124e-02 2.663149393203883553e-01 0.000000000000000000e+00 -5.404293398533007581e-02 2.429381995133819694e-02 1.942586114494518623e-01 1.001458055555555504e-01 7.395737878787878028e-02 -1.704333881578947232e-02 2.654702954898911435e-02 1.535751915455746408e-01 4.953914134742404968e-02 7.601583529411765072e-02 1.822015644555694536e-01 5.052924969249692616e-02 2.954360874848117047e-01 1.058575790754257839e-01 7.443727161997563610e-03 2.372362530413624909e-02 -4.345959902794653551e-02 2.808768620268620730e-01 -5.095474390243901613e-02 1.267779268292683163e-02 2.797797680097680040e-01 3.033181517747857714e-01 3.581577065351417705e-02 5.667563660477454440e-02 4.461420195439738667e-02 2.784546996996997148e-01 1.708431229773462734e-01 1.007573631840796013e-01 2.309577377521613850e-01 1.854993389592123620e-01 5.598045685279188360e-02 8.915859621451104056e-02 7.734432664756446529e-02 3.243063623789765176e-02 7.432260000000000255e-02 3.040090418353575963e-01 -1.527887186629526585e-02 -1.209244667503136736e-02 2.858180593325092556e-01 3.125906956521739000e-01 -3.234588819875776344e-02 9.606836228287840562e-03 2.684987639060568698e-01 1.042991358024691201e-02 7.795172242874845447e-02 5.853632552404438444e-02 8.604591584158415019e-02 1.891391143911438574e-02 1.923198768472906550e-01 3.237324290998767201e-02 3.007908108108108824e-01 6.749012269938649278e-02 3.054914956736711762e-01 -1.628223039215686728e-03 -5.822658895705521559e-02 3.659428624078623904e-01 1.519320073891625433e-01 8.396913473423979479e-02 2.886777695167286328e-01 2.728766874999999925e-01 1.563253652058432808e-01 2.671082758620690542e-02 2.362573913043478357e-01 2.472941697416973783e-01 -4.926159999999999567e-02
3.331999999999999962e-01 3.062000795755968063e-01 3.680268152866242315e-01 4.039278883861237013e-01 3.414090083798883013e-01 1.328058876117496900e-01 3.914296120150187464e-01 2.995184320987654414e-01 1.437952567237163748e-01 -5.404293398533007581e-02 0.000000000000000000e+00 2.968671760391198289e-01 -1.075487852760736163e-01 3.451164985994397694e-01 2.979460856269113278e-01 3.278336318407960581e-01 3.816026059654631375e-01 3.048396138482022955e-01 4.077827777777777718e-01 3.075525476190476559e-01 2.461985372005043859e-01 2.645422057001239335e-01 1.586596940024479763e-01 2.673870220588235314e-01 3.026130061349692757e-01 3.564965973072215522e-01 4.847211246943765595e-01 1.002635626535626212e-01 3.530972147239263559e-01 3.534140368098160345e-01 9.176470515970516773e-02 8.876096059113300352e-02 3.205799255583126617e-01 2.730854907161803236e-01 2.694844991789819288e-01 1.019402874432677741e-01 2.933052202283850107e-01 2.675018896321070816e-01 1.226132365747460290e-01 2.242427620396600652e-01 2.485493856655289768e-01 3.021090536277602490e-01 3.679072727272728049e-01 3.374634909596662125e-01 2.531177011494252782e-01 8.749362279511532781e-02 3.572181372549019240e-01 3.623492181588903183e-01 1.108995522388059735e-01 8.103609999999999980e-02 3.508225375000000867e-01 3.662015855181023349e-01 1.014381343283582149e-01 4.738119627329192562e-01 2.905462593516209280e-01 3.449518114143920733e-01 3.024116687422166994e-01 4.575768688118812544e-01 2.444625402726146313e-01 2.388817866004963042e-01 1.856140543881334981e-01 3.364833950617284186e-01 4.627521144278607529e-02 3.905910234278668347e-01 4.866351728395061360e-01 -4.545629171817057446e-02 2.392552912019826616e-01 2.976881592039801738e-01 8.444220698254364943e-02 1.130888427672955970e-01 2.280288101604278084e-01 1.571956347826087286e-01 1.280245766590389078e-01 1.827768634686347260e-01 1.100240000000000384e-01
2.352708333333333457e-01 2.204905305039787655e-01 2.529362845010615923e-01 2.936450224215246818e-01 2.611099861303745051e-01 1.904161675126903319e-01 2.296924502487562303e-01 2.803223803680981452e-01 1.708435279805352869e-01 2.429381995133819694e-02 2.968671760391198289e-01 0.000000000000000000e+00 -4.991695493300852410e-02 2.684949374130737310e-01 2.393212917933130734e-01 2.873922697368421209e-01 3.547869158878504958e-01 2.177397354497354609e-01 3.580648809523809262e-01 2.895403773584905305e-01 2.241395614035087691e-01 2.547780541871920712e-01 2.527522627737226468e-01 2.524564555420219514e-01 3.064451341463414469e-01 2.810298175182481817e-01 4.246553098420413619e-01 1.677864590964590619e-01 2.817758536585365792e-01 2.865317560975609856e-01 1.641267887667887670e-01 1.630016279069767537e-01 2.925419852034525370e-01 2.785462732095490557e-01 4.058964274061990229e-01 8.180693693693694146e-02 2.989621844660194094e-01 2.830791873963515726e-01 1.026392363112391820e-01 1.924244866385372565e-01 3.193399830508474868e-01 3.125912618296530221e-01 2.899415329512893824e-01 2.623095303867403194e-01 2.461943794579172784e-01 1.674153504043126850e-01 3.014444367176634110e-01 2.942541478696741875e-01 1.805582076637824440e-01 1.546340248447204968e-01 3.084980993788819514e-01 2.778480148883374357e-01 1.453856365883807178e-01 3.967545185185185064e-01 2.708533581164808135e-01 3.223554377311960706e-01 2.625032425742574449e-01 3.651076014760147870e-01 2.265645812807881854e-01 2.380125400739827313e-01 2.580140417690418020e-01 3.129913128834355684e-01 1.037786526576019719e-01 3.050784068627450663e-01 4.540995828220858455e-01 2.460237100737101487e-02 2.197146428571428445e-01 2.239526823238566500e-01 1.122661957868649196e-01 1.313374250000000076e-01 2.210258432934926742e-01 1.353512435233160671e-01 1.220620183486238464e-01 2.137775555555555540e-01 3.199059999999999682e-01
-4.337833333333333125e-02 8.623137566137567545e-02 6.824574152542373096e-02 -2.820424514200298854e-02 -3.004794444444444310e-02 2.561902287166454850e-01 4.619906600249067130e-02 -5.025502457002457152e-02 2.319516930572472768e-01 1.942586114494518623e-01 -1.075487852760736163e-01 -4.991695493300852410e-02 0.000000000000000000e+00 3.178556944444443921e-02 -8.382978723404641062e-05 -9.919677100494234123e-02 -1.029980062305296123e-01 5.510149470899470409e-02 -5.214417989417990257e-02 -9.382557919621749287e-02 4.536174185463658082e-02 -3.175878078817732236e-02 3.247872749391727543e-01 4.945853658536591632e-03 -6.722041514041512955e-02 -5.324560975609755886e-02 -1.363550913520097385e-01 2.629225703794370039e-01 -9.047413202933983489e-02 -7.066958435207822131e-02 2.334658139534883936e-01 2.686122453987729863e-01 -5.792182941903584875e-02 -5.217595744680850189e-02 -9.268800653594769234e-02 1.689658796992481449e-01 6.602106969205838796e-03 -2.886156146179402401e-02 9.838178932178934244e-02 1.323806901408450809e-01 -5.237074702886247018e-02 -5.130088467614534603e-02 -4.789057388809183496e-02 -4.912930747922437252e-02 -3.571630901287557724e-03 3.013664864864865067e-01 -1.004781171548117247e-01 -6.283363065326633135e-02 2.393340346534653940e-01 1.953597512437811046e-01 -1.215280845771144203e-01 -4.888249689440993251e-02 2.312297400990099283e-01 -8.508642768850432914e-02 -7.474590570719605830e-03 -8.460709876543209829e-02 -6.244745972738528945e-03 -8.411061576354682268e-02 7.011853267570898607e-02 -5.938598765432097359e-02 3.516204920049201266e-01 -3.556406633906634973e-02 1.270049257425742428e-01 -1.115028220858895608e-01 -1.480262776412776538e-01 1.777110455104551068e-01 1.245245129469790546e-01 2.686147277227722910e-02 2.257991687344913234e-01 2.604728160200250886e-01 7.806941489361703124e-02 -7.973127806563039266e-02 2.362504816513761596e-01 1.383497407407407176e-01 -3.420257692307692166e-01
5.253425000000000455e-01 1.770501408450704250e-01 3.479337433155080261e-01 2.094457996485061535e-01 2.647615297906602549e-01 2.021211516034985556e-01 4.329805413105413114e-01 2.199121739130434350e-01 1.630731805555555580e-01 1.001458055555555504e-01 3.451164985994397694e-01 2.684949374130737310e-01 3.178556944444443921e-02 0.000000000000000000e+00 2.597996625222024902e-01 2.507677103718199962e-01 1.996287339449541176e-01 2.404234756097561043e-01 2.078945731707317057e-01 1.861786223277909491e-01 2.025770588235294156e-01 2.740164275668072746e-01 2.576276699029126371e-01 1.490286369958275237e-01 3.202264902506963828e-01 2.137926008344923634e-01 1.490473611111111374e-01 2.174528631284916580e-01 3.866850906555091005e-01 2.385170432357043568e-01 1.577489385474860339e-01 1.723969047619047790e-01 3.054968220338982743e-01 2.080249854651163022e-01 1.996083482944344678e-01 2.008651788756388445e-01 2.226400371747211948e-01 1.829424282982791694e-01 2.209598327759197400e-01 3.024945129870130200e-01 1.813552068965517128e-01 1.961596784565916296e-01 2.263582441471572171e-01 2.467586921850079829e-01 1.578803636363636520e-01 1.779799224806201674e-01 2.449816559485531176e-01 2.757717934002869575e-01 1.473459745762711881e-01 1.701138068181818064e-01 3.259484090909091081e-01 2.294316028368794391e-01 1.343430932203389661e-01 1.592538169014084681e-01 2.329128854314003183e-01 2.164024894514767761e-01 2.816885613540197619e-01 1.662278260869565205e-01 2.079017440225035263e-01 2.078693239436619766e-01 2.407037166900420910e-01 1.582194957983193151e-01 1.374309180790960483e-01 2.360027793296089471e-01 1.562190349650349752e-01 1.013966106442576870e-01 2.502094109396914567e-01 2.521825070422535342e-01 1.756134322033898465e-01 1.689667189728958629e-01 2.449804122137404783e-01 1.408620661157024834e-01 1.913003448275862051e-01 1.519094652406417223e-01 6.161807692307692819e-02
1.307880000000000154e-01 2.017898257839721432e-01 3.243520263157894656e-01 2.833819881889764192e-01 3.293234224598930449e-01 1.972192332268370429e-01 3.153545709828393662e-01 2.874605981595091952e-01 1.863051060606060461e-01 7.395737878787878028e-02 2.979460856269113278e-01 2.393212917933130734e-01 -8.382978723404641062e-05 2.597996625222024902e-01 0.000000000000000000e+00 3.618235327102804488e-01 2.665137346938775131e-01 2.128091528239202668e-01 2.836514451827242822e-01 2.546313068181818018e-01 2.236015372670807633e-01 2.501677811550152009e-01 2.173572263868066012e-01 2.442684661654135614e-01 2.822545632530120696e-01 2.801348120300751754e-01 3.350482132132131530e-01 1.853806024096385507e-01 3.138520481927710715e-01 2.668319097744361046e-01 1.460328096676737075e-01 1.879458333333333397e-01 2.918716158536585614e-01 2.575063711001642219e-01 2.468632947976878711e-01 1.682909141791044672e-01 2.624892293233082596e-01 2.180018426103646767e-01 1.684267384105960219e-01 2.480888556338028128e-01 2.283080314960629909e-01 2.551948178137651846e-01 2.566323255813953708e-01 2.889676581196581329e-01 2.522360962566845277e-01 1.652753322259136182e-01 3.093074956822107202e-01 2.916989457364340677e-01 1.745101674277016734e-01 1.582274807987711085e-01 3.096131182795698877e-01 2.661652607361963407e-01 1.497208702290076521e-01 3.366995288753799609e-01 2.625263969465648772e-01 2.964173668188737065e-01 2.634710992366412485e-01 3.194605766312594852e-01 2.047768237082067122e-01 2.267025114155251375e-01 2.333865454545454576e-01 2.709735400907715697e-01 1.240906412213740456e-01 2.887841389728096342e-01 3.419439183055975606e-01 6.805963636363636382e-02 2.621748480243161206e-01 2.458705030487804977e-01 1.599044495412843825e-01 1.706606027820710692e-01 1.991866056572379473e-01 1.971442253521126786e-01 2.203922651933701571e-01 1.528685365853658384e-01 3.074642307692307952e-01
4.742500000000000604e-01 2.704154867256637340e-01 2.999368769716088678e-01 3.766319712525666996e-01 2.999919702602230620e-01 1.423811896551724077e-01 3.326117796610170152e-01 3.325473544093178191e-01 1.685370559210526142e-01 -1.704333881578947232e-02 3.278336318407960581e-01 2.873922697368421209e-01 -9.919677100494234123e-02 2.507677103718199962e-01 3.618235327102804488e-01 0.000000000000000000e+00 4.764884521384928351e-01 2.726150927487352438e-01 3.987827054794521042e-01 2.993045964912280366e-01 2.593556821829855474e-01 2.655674249605055048e-01 1.926113700787401573e-01 2.981645655608215484e-01 3.149453481012658429e-01 3.551198736176935378e-01 4.885550946372240189e-01 1.375509508716323270e-01 3.622148892405063214e-01 3.785573459715639855e-01 1.181025714285714179e-01 1.376179650238473773e-01 3.641133012820513271e-01 3.127367364746945766e-01 4.502089934354485679e-01 1.101325095785440494e-01 2.995183011583011923e-01 3.112427810650887916e-01 1.354762116040955644e-01 2.319894999999999874e-01 3.293556250000000407e-01 3.812518415417558426e-01 3.860079023508137808e-01 3.365005405405405714e-01 2.894896188747731469e-01 1.188847603305784872e-01 4.074392166666667148e-01 3.944196650717703423e-01 1.468447929936305407e-01 1.258594051446945139e-01 3.781269662921348251e-01 3.832340705128204905e-01 9.566675159235669967e-02 4.546295541401274010e-01 3.042762838915470391e-01 3.929718918918918558e-01 3.122323285486443001e-01 4.500645641838352251e-01 2.597959206349206296e-01 3.345223688394276529e-01 1.957599050632911342e-01 3.676181012658227276e-01 1.937204472843455242e-03 3.734150949367088246e-01 4.907481329113924096e-01 -1.969433544303797121e-02 2.261009220985691626e-01 2.882482587859425127e-01 1.245196794871794715e-01 1.278100972447325512e-01 2.225272006745362685e-01 2.625886805555555648e-01 1.751227999999999951e-01 2.415881339712918907e-01 3.695746153846153903e-01
5.724191666666665901e-01 2.245098461538461432e-01 3.191719130434782503e-01 2.783799999999999608e-01 3.060936759581881494e-01 1.979950894308943055e-01 3.582530143540669787e-01 2.800942229199372413e-01 1.234529237947122882e-01 2.654702954898911435e-02 3.816026059654631375e-01 3.547869158878504958e-01 -1.029980062305296123e-01 1.996287339449541176e-01 2.665137346938775131e-01 4.764884521384928351e-01 0.000000000000000000e+00 2.688150226244343521e-01 2.542630870279146138e-01 3.793840326975476684e-01 2.129955230769230712e-01 2.883278096676736846e-01 2.224666020864382032e-01 2.184850373692077963e-01 4.322307185628742610e-01 2.994362630792227753e-01 2.872957462686567265e-01 1.704759370314842537e-01 4.876584131736527161e-01 3.086457035928143466e-01 1.341726865671641900e-01 1.561415671641791236e-01 3.340919940029984936e-01 3.036962560777958231e-01 2.683238033395176081e-01 1.681497976391231053e-01 2.918498895027624163e-01 2.393776404494381838e-01 1.740512943262411405e-01 2.727710114192495872e-01 3.023334136546184658e-01 2.699170943396226319e-01 3.124605460750853325e-01 2.818549056603774083e-01 2.137424482758620570e-01 1.292309731543624107e-01 3.196723183391003698e-01 3.764349230769231114e-01 1.459066163141994055e-01 1.402241716867469734e-01 4.119581598793363719e-01 2.675464856711915473e-01 1.037183208395802136e-01 2.762603614457830870e-01 2.784501812688822131e-01 3.054674548192771177e-01 3.333508446455505370e-01 2.729736596385541891e-01 2.332518975903614677e-01 2.827168524096385638e-01 2.118479097744361273e-01 2.474787406296851955e-01 5.027809309309309860e-02 3.209285607196401546e-01 2.943872522522522628e-01 9.303834586466164236e-03 2.525419548872180342e-01 2.828108472012103025e-01 1.280903799392097142e-01 1.455367638036809963e-01 2.191628709677419795e-01 2.266000000000000514e-01 1.897476635514018517e-01 1.676878745644599378e-01 3.468065384615384716e-01
5.429908333333334225e-01 2.087687430167598224e-01 3.171407095343680704e-01 2.475249356913183374e-01 2.714498961424332557e-01 1.583488658367911417e-01 2.779109066305818776e-01 2.204959733333333449e-01 1.154409511228533525e-01 1.535751915455746408e-01 3.048396138482022955e-01 2.177397354497354609e-01 5.510149470899470409e-02 2.404234756097561043e-01 2.128091528239202668e-01 2.726150927487352438e-01 2.688150226244343521e-01 0.000000000000000000e+00 3.139283026315789482e-01 2.199080750000000362e-01 1.559240479192937900e-01 2.345915632754342617e-01 1.881623435582822079e-01 2.049163960639606707e-01 2.674778668310727747e-01 2.389905904059040631e-01 2.514943611793611922e-01 1.622859309494451285e-01 2.987085467980295506e-01 2.377519112207151786e-01 1.150863714637146290e-01 1.361929593094944602e-01 2.435295505617977585e-01 2.272768956406869267e-01 1.870815763546798127e-01 1.500895007564296557e-01 2.350504854368932195e-01 1.782189309210526484e-01 1.628043943661971749e-01 2.051895048143053957e-01 1.961755091819699370e-01 2.291198256735340333e-01 2.340357122093023323e-01 2.351261294964029080e-01 1.796866814159292225e-01 1.270440766073871464e-01 2.730465778401122146e-01 2.518692376111816844e-01 1.335428947368421104e-01 1.402525786163522081e-01 2.723423994974874529e-01 2.206234127979924686e-01 1.051570411985018605e-01 3.137775625000000512e-01 2.302481932245922236e-01 2.636394631710362035e-01 2.156450125313283395e-01 2.941986301369862722e-01 1.241986284289276765e-01 1.875304364089775411e-01 1.912661643835616432e-01 2.506017661691542497e-01 1.639541102756892077e-01 2.662687577639751835e-01 2.493161318407960403e-01 1.331430136986301305e-01 2.399787765293383557e-01 2.292241875000000095e-01 1.293707008760951183e-01 1.298062499999999841e-01 1.943014342629481861e-01 2.062932279534110125e-01 1.604382134570765395e-01 1.744347535211267508e-01 2.415399999999999769e-01
5.166008333333332869e-01 2.168891711229946340e-01 3.027529892473118656e-01 2.774751177394034207e-01 2.821006259097525448e-01 1.734440766073871154e-01 3.841420805369126779e-01 2.842237301587301479e-01 1.344223645970938075e-01 4.953914134742404968e-02 4.077827777777777718e-01 3.580648809523809262e-01 -5.214417989417990257e-02 2.078945731707317057e-01 2.836514451827242822e-01 3.987827054794521042e-01 2.542630870279146138e-01 3.139283026315789482e-01 0.000000000000000000e+00 3.581356036446469160e-01 2.425617661691542026e-01 3.032934529702970283e-01 2.176887270501836336e-01 2.083806993865030543e-01 4.085474538745387796e-01 3.129076809815951044e-01 2.762300857843137392e-01 1.794969334975369535e-01 4.360682779827798061e-01 3.063193842364531627e-01 1.108854500616523048e-01 1.428103090234857930e-01 3.553303383458646381e-01 2.886565957446808328e-01 2.928732840722495512e-01 1.537144444444444313e-01 2.971143601895734898e-01 2.696411831442463436e-01 1.657946397694524676e-01 2.583538589211618053e-01 2.914066034482759027e-01 2.913618348623853715e-01 3.138361430575035138e-01 3.067937950937951186e-01 1.960257731958763017e-01 1.294514344262295003e-01 3.309900423131170721e-01 3.827464086294416479e-01 1.296925624999999971e-01 1.279696486825595836e-01 4.039529699248119998e-01 2.918029036295369805e-01 1.042311471321695771e-01 2.944701995012468654e-01 2.901579974968710451e-01 3.066031382316313780e-01 3.417512249999999918e-01 3.036321863354037309e-01 2.410236442786069522e-01 2.623257711442786300e-01 2.095069689440994254e-01 2.593770223325062019e-01 6.195852500000000040e-02 3.115122057001238898e-01 2.789523449131513511e-01 4.509925465838509479e-02 2.313296513075965288e-01 2.737501496259351352e-01 1.227624719101123585e-01 1.293081806775407683e-01 2.432115657894737271e-01 2.347835760517799353e-01 1.602205739514349081e-01 1.574668620689655130e-01 3.409996153846154288e-01
3.272558333333333569e-01 2.484101754385964755e-01 2.816402150537634097e-01 2.375543130990415419e-01 2.365310863509749173e-01 2.102831592039800801e-01 2.807790338164251609e-01 2.846474292452829680e-01 2.110554823529411650e-01 7.601583529411765072e-02 3.075525476190476559e-01 2.895403773584905305e-01 -9.382557919621749287e-02 1.861786223277909491e-01 2.546313068181818018e-01 2.993045964912280366e-01 3.793840326975476684e-01 2.199080750000000362e-01 3.581356036446469160e-01 0.000000000000000000e+00 2.038726734693877829e-01 2.257613765182186483e-01 2.061700200400801430e-01 2.353212474849094848e-01 3.114504040404040830e-01 2.637051307847082526e-01 3.360638353413654689e-01 1.658966868686868601e-01 3.039836565656565681e-01 3.220959109311741231e-01 1.447791886409736106e-01 1.643058248472505090e-01 3.194464742268041668e-01 2.708221212121212362e-01 3.293984076433121300e-01 1.620441108545034592e-01 2.753400260416666856e-01 2.846390514905149383e-01 1.130183241758241919e-01 2.099864578313253016e-01 2.613784459459459475e-01 3.101621017699115468e-01 2.832953765690376935e-01 2.848627375565611075e-01 1.824271189979123353e-01 1.517651138716356041e-01 3.432519456066945862e-01 2.939765843621398589e-01 1.625593209876542988e-01 1.355903271983640024e-01 3.070575918367346446e-01 3.179242857142857148e-01 1.495182317073170952e-01 3.333286585365853871e-01 2.697434560327198194e-01 3.171681873727087431e-01 2.506903061224490248e-01 3.176669795918367067e-01 2.162951533742331345e-01 3.422711020408162885e-01 2.066531492842536011e-01 3.039291632653061681e-01 1.043210386965376935e-01 2.896576626016260092e-01 3.316145528455284319e-01 3.827097759674134153e-02 1.876280612244897728e-01 2.320982208588957263e-01 1.018453593429158033e-01 1.589874173553718906e-01 2.371661187214611777e-01 2.884516208791208514e-01 1.870260135135135282e-01 2.140620454545454632e-01 2.787638461538461399e-01
3.848216666666666730e-01 1.788261917808219303e-01 2.191950108932461672e-01 1.815496194824961773e-01 2.093988068181817930e-01 1.792930350194552325e-01 2.478094409148665633e-01 1.806205263157894536e-01 1.166204255319149008e-01 1.822015644555694536e-01 2.461985372005043859e-01 2.241395614035087691e-01 4.536174185463658082e-02 2.025770588235294156e-01 2.236015372670807633e-01 2.593556821829855474e-01 2.129955230769230712e-01 1.559240479192937900e-01 2.425617661691542026e-01 2.038726734693877829e-01 0.000000000000000000e+00 1.969087432867884235e-01 1.756640811965811955e-01 1.801756745182012953e-01 2.576279613733905571e-01 2.188244325481798480e-01 1.864516898395721933e-01 1.663803222341568300e-01 2.422860622317596635e-01 2.154279484425348778e-01 1.201671182795699122e-01 1.650984789644013018e-01 2.060733805888767811e-01 2.030178947368421194e-01 2.037239376770537957e-01 1.242266972477064080e-01 2.108689121338911954e-01 1.877478623718887019e-01 1.432333590733590734e-01 1.764215555555555259e-01 2.425841185185185211e-01 1.994255138888888779e-01 2.292865656565656329e-01 2.019529615861214433e-01 1.526241761006289221e-01 1.590681647058823367e-01 2.170143236714975887e-01 2.141107166482910662e-01 1.290527965179542880e-01 1.308269868995632912e-01 2.415452780806979227e-01 1.902430392156862771e-01 1.225701520086862201e-01 2.676206623235613535e-01 1.986114379084967518e-01 2.095243383947939242e-01 1.666111643090315564e-01 2.517830519480519502e-01 9.292732394366196025e-02 1.867735319609967748e-01 1.872079437229436927e-01 1.985806270270270291e-01 1.326700435255712685e-01 1.976255075593952304e-01 1.833855027027026796e-01 1.547412459371614590e-01 1.952201086956521781e-01 1.906170511425462344e-01 1.341024836601307224e-01 1.434448298572996439e-01 1.734072610722610930e-01 2.154664360902255882e-01 1.596421703853955210e-01 1.395083277591973314e-01 2.679173076923077046e-01
