0.000000000000000000e+00 -9.306999999999999995e-02 6.350000000000000089e-01 -7.048200000000000021e-01 8.524699999999999500e-01 7.441100000000000492e-01 8.524699999999999500e-01 -5.949999999999999734e-01 1.336100000000000065e-01 -7.048200000000000021e-01 -9.306999999999999995e-02 8.524699999999999500e-01 -7.048200000000000021e-01 1.336100000000000065e-01 -7.681999999999999940e-01 -9.306999999999999995e-02 -9.306999999999999995e-02 -9.306999999999999995e-02 -7.681999999999999940e-01 5.073199999999999932e-01 6.280799999999999716e-01 -5.786599999999999522e-01 5.073199999999999932e-01 5.073199999999999932e-01 -9.306999999999999995e-02 5.073199999999999932e-01 -7.681999999999999940e-01 -7.048200000000000021e-01 6.280799999999999716e-01 6.887100000000000444e-01 -7.048200000000000021e-01 -3.323900000000000188e-01 6.350000000000000089e-01 5.073199999999999932e-01 -5.949999999999999734e-01 -5.786599999999999522e-01 -5.949999999999999734e-01 1.336100000000000065e-01 6.280799999999999716e-01 -5.786599999999999522e-01 1.336100000000000065e-01 -7.681999999999999940e-01 1.167200000000000043e-01 -9.306999999999999995e-02 6.350000000000000089e-01 -5.786599999999999522e-01 -5.786599999999999522e-01 5.073199999999999932e-01 -9.306999999999999995e-02 -7.048200000000000021e-01 -9.306999999999999995e-02 6.887100000000000444e-01 -9.306999999999999995e-02 6.280799999999999716e-01 -9.306999999999999995e-02 -7.681999999999999940e-01
-9.306999999999999995e-02 0.000000000000000000e+00 -2.451272727272727492e-01 -5.109545454545454390e-01 -7.309545454545453291e-02 2.645090909090908049e-02 -3.763999999999999985e-02 -4.575400000000000578e-01 -1.020099999999999757e-01 -2.548845454545454192e-01 1.615636363636362496e-02 -1.286145454545454536e-01 -2.074136363636363833e-01 -1.020099999999999757e-01 -7.846818181818181193e-02 4.564454545454544460e-02 5.018181818181818854e-02 6.401272727272726282e-02 -4.688629999999999742e-01 -1.933999999999999608e-02 2.386545454545453693e-02 -1.579718181818181855e-01 1.535090909090908173e-02 -6.815454545454538611e-03 4.072181818181817847e-02 -1.037454545454545400e-02 -4.759999999999999648e-02 -3.948381818181818659e-01 -7.081818181818178709e-03 -1.800990909090909031e-01 -4.296545454545455112e-01 -9.730545454545454220e-02 -2.398018181818181993e-01 -1.170909090909096149e-03 -1.555863636363636338e-01 -1.280081818181818265e-01 -2.343718181818182089e-01 -1.311109090909090835e-01 3.354181818181817959e-02 -1.466072727272727250e-01 -8.597363636363636319e-02 1.780909090909095580e-03 -4.057136363636363874e-01 -2.598636363636363730e-02 -2.736363636363636775e-01 -1.848572727272727312e-01 -2.128627272727272590e-01 2.202999999999999750e-02 4.826272727272726271e-02 -5.211772727272726558e-01 3.822818181818180006e-02 -1.990890909090908822e-01 9.619545454545454233e-02 2.623545454545453751e-02 1.320499999999999730e-01 -2.141222222222222138e-02
6.350000000000000089e-01 -2.451272727272727492e-01 0.000000000000000000e+00 -2.127554545454545532e-01 5.984718181818181604e-01 5.771990909090908284e-01 6.417045454545454719e-01 -2.429290909090909001e-01 6.677545454545456838e-02 -1.533636363636363686e-01 -3.189990909090908988e-01 4.960563636363637396e-01 -2.645336363636363597e-01 6.677545454545456838e-02 -3.516954545454545333e-01 -1.650854545454545630e-01 -1.998545454545454514e-01 -2.508554545454545481e-01 -2.107040000000000024e-01 4.497400000000000009e-02 4.715245454545453629e-01 -7.439727272727272300e-01 1.183700000000000030e-01 -4.660454545454546099e-02 -9.416818181818181754e-02 5.696727272727273444e-02 -2.726990909090908910e-01 -2.511581818181818360e-01 -9.901363636363637311e-02 5.276627272727273388e-01 -1.251472727272727181e-01 -3.264336363636363703e-01 4.615409090909090017e-01 1.029200000000000254e-01 -2.683763636363636351e-01 -4.397745454545454180e-01 -3.007599999999999718e-01 6.534454545454547458e-02 5.617609090909090330e-01 -6.372999999999999776e-01 1.079663636363636520e-01 2.062090909090910987e-02 1.510772727272726990e-01 -2.105036363636363650e-01 5.080799999999999761e-01 -7.424736363636362801e-01 -4.066890909090909445e-01 7.551181818181817995e-02 -2.740090909090909244e-01 -1.428390909090908878e-01 -2.093536363636363806e-01 5.158145454545455255e-01 -2.804036363636363549e-01 4.297709090909090923e-01 -2.237000000000000099e-01 -3.674522222222222356e-01
-7.048200000000000021e-01 -5.109545454545454390e-01 -2.127554545454545532e-01 0.000000000000000000e+00 -5.965254545454544699e-01 -5.725145454545454982e-01 -5.859318181818181648e-01 -7.369163636363637027e-01 -4.655018181818181833e-01 -5.507236363636363041e-01 -4.746790909090908284e-01 -5.709754545454545083e-01 -6.580781818181817844e-01 -4.655018181818181833e-01 -7.342545454545455763e-02 -4.678372727272728238e-01 -5.213763636363636378e-01 -5.388036363636363735e-01 -7.949509999999999632e-01 -4.439500000000000668e-01 -5.614463636363636878e-01 -1.954909090909090832e-02 -4.777481818181817386e-01 -2.670563636363636473e-01 -5.369736363636362642e-01 -4.387263636363636921e-01 1.971999999999999101e-02 -7.589636363636362848e-01 -3.180990909090909424e-01 -5.904109090909090973e-01 -9.249727272727272798e-01 -3.472063636363636463e-01 -1.694654545454545580e-01 -4.538599999999999302e-01 -4.425554545454545852e-01 -1.988063636363636144e-01 -4.487572727272727269e-01 -4.540281818181818863e-01 -5.537736363636364123e-01 -2.232181818181817878e-02 -5.182681818181817945e-01 -2.003190909090909189e-01 -3.946572727272727454e-01 -5.534009090909091100e-01 -1.229263636363636392e-01 9.191090909090911254e-02 -2.193545454545454687e-01 -3.984336363636364342e-01 -5.402090909090909721e-01 -8.521181818181818857e-01 -5.423499999999999988e-01 -6.092527272727271681e-01 -5.466036363636364026e-01 -5.753745454545454718e-01 -5.130377777777778148e-01 1.092299999999999938e-01
8.524699999999999500e-01 -7.309545454545453291e-02 5.984718181818181604e-01 -5.965254545454544699e-01 0.000000000000000000e+00 8.986669230769230854e-01 7.476615384615384885e-01 -6.027400000000000535e-01 -1.949284615384614949e-01 -2.301661538461538536e-01 -1.409830769230769054e-01 6.039761538461537738e-01 -3.543499999999999428e-01 -2.078792307692307051e-01 -3.134815384615384226e-01 1.149715384615384584e-01 2.091584615384615153e-01 2.078399999999999970e-01 -5.424108333333332865e-01 1.000000000000000000e+00 6.465707692307691712e-01 -6.584084615384614425e-01 7.146669230769229220e-01 3.845615384615385102e-01 1.731830769230769118e-01 9.042546153846153789e-01 -5.156007692307691403e-01 -3.972523076923076824e-01 2.517869230769230748e-01 7.936484615384616914e-01 -4.987553846153846004e-01 -3.135738461538461475e-01 7.323153846153847013e-01 9.008161538461538775e-01 -4.692546153846154922e-01 -3.798130769230769199e-01 -5.650684615384616860e-01 -2.131923076923077087e-01 9.578369230769231413e-01 -5.940423076923075918e-01 4.291076923076923844e-02 9.569230769231115838e-04 9.207861538461539208e-01 1.003638461538461646e-01 6.207338461538461916e-01 -6.622976923076921985e-01 -2.580323076923076719e-01 5.836046153846153883e-01 -3.404923076923076913e-02 -4.339676923076922765e-01 1.987923076923077403e-02 8.294084615384615944e-01 -2.386692307692307724e-02 8.612400000000000055e-01 8.513545454545455582e-02 -5.715499999999998915e-01
7.441100000000000492e-01 2.645090909090908049e-02 5.771990909090908284e-01 -5.725145454545454982e-01 8.986669230769230854e-01 0.000000000000000000e+00 7.578553846153847084e-01 -5.886684615384615293e-01 -8.306076923076922969e-02 -2.415584615384614997e-01 -8.228230769230769626e-02 6.240730769230768971e-01 -2.671953846153846124e-01 -1.013276923076923131e-01 -3.010907692307692729e-01 2.224461538461538768e-01 2.737053846153846837e-01 2.242653846153846164e-01 -4.891733333333332934e-01 8.736116666666666752e-01 6.877246153846153787e-01 -6.237784615384616149e-01 6.231423076923078286e-01 4.551115384615384563e-01 2.650776923076923475e-01 7.806638461538460971e-01 -3.603530769230769426e-01 -3.786053846153846214e-01 2.313938461538461722e-01 7.434907692307692884e-01 -4.610838461538461219e-01 -2.935884615384615204e-01 6.485615384615385226e-01 7.930438461538460437e-01 -4.543530769230769151e-01 -3.256900000000000350e-01 -6.005807692307691958e-01 -9.615153846153846884e-02 8.986669230769230854e-01 -4.969669230769229729e-01 3.940538461538461296e-02 1.348207692307692163e-01 5.135946153846153717e-01 1.416584615384615664e-01 5.219569230769229851e-01 -5.658238461538460662e-01 -1.600584615384615383e-01 6.036376923076921530e-01 9.309769230769232573e-02 -4.160969230769231419e-01 1.497646153846153849e-01 7.630061538461538895e-01 6.165461538461539798e-02 8.053300000000001013e-01 9.633727272727274360e-02 -4.055027272727272925e-01
8.524699999999999500e-01 -3.763999999999999985e-02 6.417045454545454719e-01 -5.859318181818181648e-01 7.476615384615384885e-01 7.578553846153847084e-01 0.000000000000000000e+00 -5.860938461538461874e-01 -1.254061538461538339e-01 -2.410930769230768822e-01 -1.927569230769230479e-01 6.212892307692305938e-01 -2.973115384615384604e-01 -1.471346153846153915e-01 -4.797869230769231108e-01 1.154330769230769160e-01 2.127776923076923343e-01 3.087230769230769542e-02 -5.405749999999999167e-01 7.460183333333333389e-01 6.587546153846154384e-01 -6.575376923076923230e-01 5.820615384615385191e-01 4.021330769230769264e-01 1.797869230769230942e-01 6.628853846153845986e-01 -4.511569230769231220e-01 -5.450761538461539324e-01 1.224023076923077408e-01 6.604515384615384788e-01 -4.877661538461537938e-01 -3.365523076923076506e-01 6.042346153846154255e-01 6.834038461538460840e-01 -4.852769230769231057e-01 -4.118061538461538773e-01 -6.075115384615383807e-01 -8.551384615384614862e-02 7.582153846153846244e-01 -5.814730769230769258e-01 -9.427230769230769691e-02 7.447307692307697513e-02 5.596415384615384125e-01 1.179500000000000270e-01 5.135176923076922861e-01 -5.913384615384615905e-01 -2.348323076923076735e-01 5.860315384615384371e-01 -1.391538461538461592e-02 -4.550484615384615683e-01 5.064692307692308937e-02 6.727276923076923598e-01 -4.535846153846154194e-02 6.543853846153846465e-01 3.055454545454543060e-03 -5.223054545454544062e-01
-5.949999999999999734e-01 -4.575400000000000578e-01 -2.429290909090909001e-01 -7.369163636363637027e-01 -6.027400000000000535e-01 -5.886684615384615293e-01 -5.860938461538461874e-01 0.000000000000000000e+00 -3.325753846153846616e-01 -4.227999999999999536e-01 -3.719738461538462104e-01 -5.441161538461539715e-01 -4.095592307692307865e-01 -3.065461538461539126e-01 -1.749015384615384694e-01 -4.136192307692307946e-01 -4.113523076923076838e-01 -4.740892307692307073e-01 -7.027908333333333646e-01 -3.585316666666667484e-01 -4.525746153846152975e-01 1.917923076923076092e-02 -4.421592307692308044e-01 -3.954700000000000437e-01 -4.560600000000000209e-01 -3.503469230769231668e-01 -1.853838461538462046e-01 -5.493784615384617043e-01 -3.510330769230769477e-01 -5.661007692307691297e-01 -6.865792307692307750e-01 -2.754607692307691758e-01 -2.692499999999999338e-01 -4.013423076923077204e-01 -2.224084615384615271e-01 -2.612792307692307636e-01 -1.490876923076923100e-01 -2.933276923076922893e-01 -5.810300000000000464e-01 -1.118046153846153773e-01 -4.200184615384615627e-01 -2.926592307692307271e-01 -3.986407692307691875e-01 -3.516223076923076785e-01 -2.477784615384615308e-01 4.137615384615383335e-02 -2.833423076923076711e-01 -2.943707692307692136e-01 -4.436892307692307247e-01 -6.759707692307692639e-01 -4.514392307692307593e-01 -5.698676923076921863e-01 -4.281138461538461781e-01 -5.321269230769231084e-01 -4.546609090909090600e-01 -1.941872727272727361e-01
1.336100000000000065e-01 -1.020099999999999757e-01 6.677545454545456838e-02 -4.655018181818181833e-01 -1.949284615384614949e-01 -8.306076923076922969e-02 -1.254061538461538339e-01 -3.325753846153846616e-01 0.000000000000000000e+00 -2.637253846153846393e-01 -9.651461538461537926e-02 -1.778653846153846196e-01 -1.722276923076923039e-01 2.190584615384615907e-01 -3.886253846153845948e-01 -1.099807692307692431e-01 -8.850692307692308025e-02 -1.074446153846153607e-01 -4.760624999999999996e-01 -1.005241666666666783e-01 -1.053723076923076679e-01 -2.361453846153846181e-01 -1.561738461538461353e-01 -1.778923076923076829e-01 -1.451146153846153697e-01 -1.087153846153846165e-01 -4.243469230769231215e-01 -3.939961538461538293e-01 -2.658346153846153914e-01 -9.643384615384614778e-02 -3.862884615384615250e-01 -2.928938461538461158e-01 3.715461538461539703e-02 -1.042438461538461314e-01 -1.753300000000000136e-01 -2.296369230769230718e-01 -1.520023076923076588e-01 1.751430769230769013e-01 -1.072115384615384692e-01 -2.090799999999999881e-01 2.291361538461538783e-01 -2.984846153846153483e-01 -8.991615384615384010e-02 -9.201461538461538914e-02 -2.036153846153828609e-03 -2.630453846153846253e-01 -2.080899999999999972e-01 -1.377946153846153488e-01 -1.216638461538461641e-01 -4.747307692307692339e-01 -1.156530769230769418e-01 -1.196576923076922844e-01 -8.110538461538462085e-02 -1.242876923076923212e-01 -1.328590909090908712e-01 -3.932500000000000440e-01
-7.048200000000000021e-01 -2.548845454545454192e-01 -1.533636363636363686e-01 -5.507236363636363041e-01 -2.301661538461538536e-01 -2.415584615384614997e-01 -2.410930769230768822e-01 -4.227999999999999536e-01 -2.637253846153846393e-01 0.000000000000000000e+00 -2.392376923076923179e-01 -2.929223076923076485e-01 -3.289061538461537926e-01 -2.457061538461538519e-01 -4.319546153846154368e-01 -2.941869230769231236e-01 -2.116076923076922744e-01 -3.576699999999999879e-01 -5.429941666666666666e-01 -1.057891666666666702e-01 -1.769699999999999884e-01 -2.056530769230769384e-01 -1.562730769230769035e-01 -9.145307692307692859e-02 -2.161230769230769178e-01 -9.453538461538463222e-02 -3.452599999999999558e-01 -5.598299999999999388e-01 -2.769615384615384812e-01 -3.057130769230769207e-01 -4.756892307692307531e-01 -3.282169230769230173e-01 -2.124338461538461398e-01 -1.225899999999999906e-01 -3.338199999999999501e-01 -2.998330769230769244e-01 -2.162269230769230388e-01 -2.234661538461538977e-01 -2.318276923076922624e-01 -3.665076923076922982e-02 -3.534207692307692605e-01 -3.346915384615384292e-01 -2.286930769230769434e-01 -1.333884615384615113e-01 -9.145615384615385368e-02 -1.745146153846153791e-01 4.157076923076923752e-02 -6.565538461538464321e-02 -2.981115384615384278e-01 -6.345053846153846377e-01 -3.135038461538461330e-01 -3.017876923076923679e-01 -2.793492307692307941e-01 -3.125069230769230710e-01 -3.597272727272727288e-01 -3.005836363636362751e-01
-9.306999999999999995e-02 1.615636363636362496e-02 -3.189990909090908988e-01 -4.746790909090908284e-01 -1.409830769230769054e-01 -8.228230769230769626e-02 -1.927569230769230479e-01 -3.719738461538462104e-01 -9.651461538461537926e-02 -2.392376923076923179e-01 0.000000000000000000e+00 -2.243115384615384789e-01 -2.311669230769230754e-01 -1.825153846153845100e-02 -1.482307692307692215e-01 -2.970846153846154122e-02 -4.309307692307692839e-02 -1.989846153846153848e-02 -4.756383333333333852e-01 -5.486583333333332896e-02 2.439461538461537918e-02 -1.207984615384615074e-01 -8.693153846153846287e-02 -1.684592307692307500e-01 -1.019784615384615456e-01 -5.200153846153846016e-02 -1.260092307692307623e-01 -3.910423076923076890e-01 -5.550461538461536753e-02 -2.112661538461538258e-01 -4.094015384615384279e-01 -2.272069230769230841e-01 -2.801723076923076095e-01 -7.763615384615384085e-02 -1.897199999999999998e-01 -2.200299999999999756e-01 -1.802500000000000213e-01 -1.227446153846153826e-01 -7.046769230769231451e-02 -1.764638461538461656e-01 -1.629269230769230525e-01 -1.370684615384615279e-01 -3.646146153846153148e-01 -4.108615384615384863e-02 -2.387069230769230388e-01 -2.345115384615384380e-01 -2.144515384615384435e-01 -8.436923076923076581e-02 -1.988076923076923311e-02 -5.807638461538461305e-01 -3.499076923076923501e-02 -2.230392307692307119e-01 3.541461538461538466e-02 -8.480307692307692546e-02 2.365181818181817663e-02 -1.816654545454545189e-01
8.524699999999999500e-01 -1.286145454545454536e-01 4.960563636363637396e-01 -5.709754545454545083e-01 6.039761538461537738e-01 6.240730769230768971e-01 6.212892307692305938e-01 -5.441161538461539715e-01 -1.778653846153846196e-01 -2.929223076923076485e-01 -2.243115384615384789e-01 0.000000000000000000e+00 -2.846992307692307600e-01 -1.678561538461538771e-01 -6.099461538461536936e-01 -1.021553846153846201e-01 1.962923076923078422e-02 -1.483615384615384614e-01 -5.899108333333332732e-01 5.064058333333333328e-01 5.235161538461539088e-01 -6.734230769230769020e-01 3.427476923076923088e-01 2.874507692307692874e-01 1.164084615384615301e-01 4.270969230769230962e-01 -5.784353846153845735e-01 -5.405276923076922646e-01 -5.889307692307690911e-02 6.454400000000000137e-01 -4.585076923076922828e-01 -2.485923076923075847e-01 4.150938461538462576e-01 4.295123076923076932e-01 -4.590069230769231456e-01 -3.311176923076922241e-01 -4.801507692307693254e-01 -8.039846153846154364e-02 6.100076923076922508e-01 -4.662069230769230188e-01 -1.177838461538461556e-01 2.924384615384615499e-02 5.109523076923077056e-01 -6.475769230769229390e-02 3.840653846153846418e-01 -4.903007692307692067e-01 -2.267099999999999393e-01 4.821284615384616168e-01 -2.011138461538461431e-01 -5.225323076923076293e-01 -1.094369230769230705e-01 6.527446153846153676e-01 -1.909315384615384581e-01 5.518607692307692103e-01 -2.268227272727272592e-01 -5.230799999999998784e-01
-7.048200000000000021e-01 -2.074136363636363833e-01 -2.645336363636363597e-01 -6.580781818181817844e-01 -3.543499999999999428e-01 -2.671953846153846124e-01 -2.973115384615384604e-01 -4.095592307692307865e-01 -1.722276923076923039e-01 -3.289061538461537926e-01 -2.311669230769230754e-01 -2.846992307692307600e-01 0.000000000000000000e+00 -1.461984615384615271e-01 -2.637615384615384362e-01 -1.808200000000000363e-01 -1.473676923076922829e-01 -2.822746153846154016e-01 -4.770250000000000323e-01 -1.759616666666666551e-01 -2.270192307692307510e-01 -3.317846153846153862e-02 -2.819507692307691715e-01 -1.899161538461538457e-01 -1.629107692307692479e-01 -2.520146153846153370e-01 -2.168323076923077131e-01 -5.299392307692307735e-01 -2.438892307692307748e-01 -3.133276923076922515e-01 -5.662830769230770001e-01 -2.244907692307692715e-01 -2.067761538461538318e-01 -2.697246153846153405e-01 -1.887661538461538058e-01 -2.238876923076922876e-01 -1.338676923076923264e-01 -6.861307692307691553e-02 -3.044684615384615212e-01 -7.509615384615385414e-02 -2.197653846153846124e-01 -2.004569230769230326e-01 -3.003361538461538083e-01 -2.624884615384615594e-01 -2.740092307692307272e-01 5.078153846153846129e-02 -8.900153846153845139e-02 -1.747723076923076990e-01 -2.477761538461538682e-01 -5.204738461538462868e-01 -1.870953846153846634e-01 -2.974846153846154029e-01 -2.375938461538461832e-01 -2.449192307692307224e-01 -2.698072727272727289e-01 -2.266972727272727195e-01
1.336100000000000065e-01 -1.020099999999999757e-01 6.677545454545456838e-02 -4.655018181818181833e-01 -2.078792307692307051e-01 -1.013276923076923131e-01 -1.471346153846153915e-01 -3.065461538461539126e-01 2.190584615384615907e-01 -2.457061538461538519e-01 -1.825153846153845100e-02 -1.678561538461538771e-01 -1.461984615384615271e-01 0.000000000000000000e+00 -4.184638461538461862e-01 -1.559638461538461474e-01 -1.344899999999999707e-01 -1.527292307692307560e-01 -4.652191666666666836e-01 -1.328491666666666571e-01 -8.703846153846152289e-02 -2.178115384615384731e-01 -1.668961538461538330e-01 -2.696215384615384125e-01 -2.169046153846153624e-01 -1.385538461538461386e-01 -4.652069230769230734e-01 -4.039107692307692399e-01 -2.084807692307692473e-01 -8.061538461538461653e-02 -4.271484615384615324e-01 -3.257438461538461061e-01 5.297307692307694216e-02 -1.418053846153845832e-01 -1.573107692307691985e-01 -3.213661538461538569e-01 -1.259730769230769098e-01 2.077684615384615407e-01 -1.425623076923076826e-01 -2.614507692307692088e-01 1.937853846153846649e-01 -3.508553846153845135e-01 -1.664538461538462091e-02 -1.058392307692307688e-01 5.531769230769233159e-02 -2.760576923076922817e-01 -2.998192307692307268e-01 -1.508069230769230606e-01 -1.676469230769230545e-01 -4.647215384615384637e-01 -1.616361538461538461e-01 -1.038392307692307670e-01 -1.270884615384615113e-01 -1.541261538461538572e-01 -1.358372727272727232e-01 -5.016572727272726739e-01
-7.681999999999999940e-01 -7.846818181818181193e-02 -3.516954545454545333e-01 -7.342545454545455763e-02 -3.134815384615384226e-01 -3.010907692307692729e-01 -4.797869230769231108e-01 -1.749015384615384694e-01 -3.886253846153845948e-01 -4.319546153846154368e-01 -1.482307692307692215e-01 -6.099461538461536936e-01 -2.637615384615384362e-01 -4.184638461538461862e-01 0.000000000000000000e+00 -5.559769230769229936e-02 -1.452461538461538582e-01 3.653615384615385708e-02 -1.849933333333333429e-01 -2.151749999999999774e-01 -3.774461538461538201e-01 -6.128623076923076507e-01 -2.666438461538461202e-01 -4.781292307692307508e-01 -1.943953846153845810e-01 -1.955069230769231059e-01 -6.243246153846153668e-01 -2.201969230769230679e-01 -2.661784615384614749e-01 -5.135653846153845903e-01 -1.615100000000000147e-01 -5.363353846153846582e-01 -2.015676923076923088e-01 -1.828430769230768860e-01 -3.877869230769231401e-01 -5.039746153846154098e-01 -4.623476923076923484e-01 -4.885038461538460108e-01 -2.110069230769230364e-01 -5.012253846153845727e-01 -3.076469230769230956e-01 -6.202976923076922722e-01 -3.449000000000000399e-01 -2.357815384615384591e-01 -2.070738461538461916e-01 -6.713869230769229368e-01 -4.901561538461539080e-01 -3.243084615384615454e-01 -5.952230769230769380e-02 -1.435661538461538711e-01 -9.109384615384617800e-02 -5.279784615384615076e-01 -4.076000000000000456e-02 -2.855415384615384577e-01 5.133909090909091755e-02 -6.745327272727273948e-01
-9.306999999999999995e-02 4.564454545454544460e-02 -1.650854545454545630e-01 -4.678372727272728238e-01 1.149715384615384584e-01 2.224461538461538768e-01 1.154330769230769160e-01 -4.136192307692307946e-01 -1.099807692307692431e-01 -2.941869230769231236e-01 -2.970846153846154122e-02 -1.021553846153846201e-01 -1.808200000000000363e-01 -1.559638461538461474e-01 -5.559769230769229936e-02 0.000000000000000000e+00 1.634484615384615147e-01 1.208261538461538609e-01 -3.925549999999999873e-01 1.567033333333333056e-01 1.272946153846153949e-01 -2.208846153846154015e-01 6.804230769230769360e-02 8.893461538461540361e-02 2.441930769230769294e-01 5.750615384615384573e-02 -9.723846153846150628e-03 -3.388853846153845883e-01 5.511692307692307724e-02 -2.847615384615383508e-02 -3.613984615384615018e-01 -4.668692307692307725e-02 -6.612153846153848158e-02 1.041769230769230975e-01 -2.477376923076923254e-01 -1.347938461538461530e-01 -3.068923076923076865e-01 -6.999076923076924528e-02 2.200238461538461532e-01 -1.828846153846154232e-01 -7.177384615384616029e-02 9.207076923076924768e-02 -3.234876923076922539e-01 8.251538461538466401e-03 -1.820299999999999974e-01 -1.907292307692308175e-01 -1.674846153846152111e-02 4.254999999999999061e-02 7.751153846153843729e-02 -3.446607692307692705e-01 1.255053846153846020e-01 5.796153846153852783e-03 8.769384615384613613e-02 1.669146153846153557e-01 7.289454545454544798e-02 -2.756999999999999382e-02
-9.306999999999999995e-02 5.018181818181818854e-02 -1.998545454545454514e-01 -5.213763636363636378e-01 2.091584615384615153e-01 2.737053846153846837e-01 2.127776923076923343e-01 -4.113523076923076838e-01 -8.850692307692308025e-02 -2.116076923076922744e-01 -4.309307692307692839e-02 1.962923076923078422e-02 -1.473676923076922829e-01 -1.344899999999999707e-01 -1.452461538461538582e-01 1.634484615384615147e-01 0.000000000000000000e+00 7.025538461538462232e-02 -3.593183333333333507e-01 2.376566666666666550e-01 2.446930769230769021e-01 -2.482953846153846400e-01 1.071061538461538926e-01 2.148746153846154139e-01 2.207169230769230883e-01 1.276653846153846250e-01 -1.305638461538461415e-01 -3.980884615384615022e-01 -5.220615384615383964e-02 3.649769230769230044e-02 -4.192323076923076264e-01 -5.307461538461537981e-02 -7.493230769230768695e-02 1.432407692307692271e-01 -2.302884615384615252e-01 -1.594623076923076810e-01 -3.035769230769230775e-01 -5.437538461538461709e-02 2.913830769230769113e-01 -1.899761538461538501e-01 -1.373484615384615304e-01 1.403730769230769337e-01 -1.914223076923076972e-01 8.433846153846155658e-02 -2.116569230769230758e-01 -1.397676923076923150e-01 -1.489923076923076357e-02 1.135046153846154121e-01 7.431076923076922192e-02 -3.964300000000000046e-01 1.571730769230768876e-01 2.908923076923077347e-02 5.588076923076922692e-02 2.753584615384614964e-01 9.318909090909090198e-02 -4.853909090909089979e-02
-9.306999999999999995e-02 6.401272727272726282e-02 -2.508554545454545481e-01 -5.388036363636363735e-01 2.078399999999999970e-01 2.242653846153846164e-01 3.087230769230769542e-02 -4.740892307692307073e-01 -1.074446153846153607e-01 -3.576699999999999879e-01 -1.989846153846153848e-02 -1.483615384615384614e-01 -2.822746153846154016e-01 -1.527292307692307560e-01 3.653615384615385708e-02 1.208261538461538609e-01 7.025538461538462232e-02 0.000000000000000000e+00 -4.932991666666666775e-01 1.666275000000000117e-01 2.864923076923075324e-02 -2.715784615384615464e-01 1.475992307692307881e-01 -6.188615384615384074e-02 9.631615384615387077e-02 2.142061538461538794e-01 -7.622230769230770031e-02 -3.220176923076922271e-01 1.119284615384615461e-01 3.014692307692307463e-02 -4.706576923076923880e-01 -1.718169230769230893e-01 -5.507076923076924257e-02 2.340192307692308127e-01 -2.811199999999999810e-01 -2.339876923076922854e-01 -3.716476923076922900e-01 -2.102092307692307593e-01 3.102084615384615440e-01 -2.342823076923076786e-01 6.636230769230769266e-02 -6.543538461538461748e-02 -2.282684615384615312e-01 -3.397923076923076852e-02 -4.128230769230768760e-02 -3.231892307692308397e-01 -2.106961538461538386e-01 7.398461538461533447e-03 8.541230769230769015e-02 -5.037561538461537980e-01 6.986153846153846103e-02 2.687000000000000152e-02 8.000153846153845727e-02 2.426353846153846694e-01 1.974918181818181850e-01 -7.116727272727273179e-02
-7.681999999999999940e-01 -4.688629999999999742e-01 -2.107040000000000024e-01 -7.949509999999999632e-01 -5.424108333333332865e-01 -4.891733333333332934e-01 -5.405749999999999167e-01 -7.027908333333333646e-01 -4.760624999999999996e-01 -5.429941666666666666e-01 -4.756383333333333852e-01 -5.899108333333332732e-01 -4.770250000000000323e-01 -4.652191666666666836e-01 -1.849933333333333429e-01 -3.925549999999999873e-01 -3.593183333333333507e-01 -4.932991666666666775e-01 0.000000000000000000e+00 -3.220091666666667352e-01 -4.950841666666665475e-01 -1.373349999999999849e-01 -4.933341666666666847e-01 -1.514225000000000432e-01 -3.138641666666666663e-01 -4.257333333333332970e-01 -7.170583333333334364e-02 -6.626141666666667263e-01 -2.705949999999999744e-01 -5.553316666666666679e-01 -7.302658333333332807e-01 -2.693516666666666004e-01 -1.806200000000000028e-01 -4.396058333333333068e-01 -5.012958333333333849e-01 -1.902658333333332730e-01 -4.474700000000000899e-01 -3.366558333333333208e-01 -5.019058333333332733e-01 -1.066750000000000059e-01 -5.114949999999999219e-01 -1.544574999999999421e-01 -3.369016666666666548e-01 -4.759491666666666454e-01 -2.142341666666666422e-01 7.737833333333334063e-02 -1.125316666666666826e-01 -3.138391666666667246e-01 -4.971108333333333351e-01 -7.124016666666667108e-01 -4.302333333333333010e-01 -5.319249999999999812e-01 -4.860800000000000121e-01 -4.744274999999999465e-01 -5.453089999999999327e-01 3.136799999999998617e-02
5.073199999999999932e-01 -1.933999999999999608e-02 4.497400000000000009e-02 -4.439500000000000668e-01 1.000000000000000000e+00 8.736116666666666752e-01 7.460183333333333389e-01 -3.585316666666667484e-01 -1.005241666666666783e-01 -1.057891666666666702e-01 -5.486583333333332896e-02 5.064058333333333328e-01 -1.759616666666666551e-01 -1.328491666666666571e-01 -2.151749999999999774e-01 1.567033333333333056e-01 2.376566666666666550e-01 1.666275000000000117e-01 -3.220091666666667352e-01 0.000000000000000000e+00 7.442583333333332440e-01 -4.012583333333332725e-01 4.941183333333334371e-01 3.872100000000000541e-01 1.618933333333333058e-01 6.355216666666667624e-01 -3.564866666666666739e-01 -3.109699999999999132e-01 1.016358333333333697e-01 6.045225000000000737e-01 -4.064191666666666092e-01 -1.658566666666666523e-01 2.601050000000000306e-01 6.520108333333334283e-01 -2.258416666666666905e-01 -2.330783333333333596e-01 -2.862358333333333005e-01 -5.725749999999999590e-02 9.453000000000000291e-01 -3.122808333333333408e-01 1.601583333333334025e-02 1.815433333333333066e-01 4.450483333333333236e-01 1.154133333333333539e-01 4.730499999999999289e-02 -2.853683333333332794e-01 -3.729999999999999982e-02 4.205675000000001496e-01 2.811750000000000013e-02 -3.324591666666666945e-01 1.054841666666666428e-01 6.386125000000000274e-01 8.151666666666668171e-03 7.689016666666667055e-01 1.370030000000000137e-01 -3.485099999999999865e-01
6.280799999999999716e-01 2.386545454545453693e-02 4.715245454545453629e-01 -5.614463636363636878e-01 6.465707692307691712e-01 6.877246153846153787e-01 6.587546153846154384e-01 -4.525746153846152975e-01 -1.053723076923076679e-01 -1.769699999999999884e-01 2.439461538461537918e-02 5.235161538461539088e-01 -2.270192307692307510e-01 -8.703846153846152289e-02 -3.774461538461538201e-01 1.272946153846153949e-01 2.446930769230769021e-01 2.864923076923075324e-02 -4.950841666666665475e-01 7.442583333333332440e-01 0.000000000000000000e+00 -5.636153846153847402e-01 4.705376923076923235e-01 4.261892307692307091e-01 1.716330769230769160e-01 5.753969230769230281e-01 -3.584838461538461529e-01 -4.725746153846154263e-01 6.563307692307693286e-02 5.434907692307692217e-01 -4.552369230769230390e-01 -1.953330769230768871e-01 4.552915384615384142e-01 5.687646153846153130e-01 -3.732538461538460473e-01 -2.652792307692307672e-01 -4.444899999999999407e-01 -6.897461538461537034e-02 6.534915384615385125e-01 -4.122676923076923905e-01 -1.764015384615384430e-01 1.507315384615384724e-01 3.379338461538461957e-01 1.650230769230769112e-01 3.449892307692307147e-01 -4.611400000000001054e-01 -2.075253846153845838e-01 5.701430769230768636e-01 4.643999999999999517e-02 -4.766769230769230536e-01 1.038123076923077176e-01 5.799461538461538890e-01 5.662230769230768707e-02 5.994499999999999273e-01 3.513909090909091842e-02 -3.469472727272726598e-01
-5.786599999999999522e-01 -1.579718181818181855e-01 -7.439727272727272300e-01 -1.954909090909090832e-02 -6.584084615384614425e-01 -6.237784615384616149e-01 -6.575376923076923230e-01 1.917923076923076092e-02 -2.361453846153846181e-01 -2.056530769230769384e-01 -1.207984615384615074e-01 -6.734230769230769020e-01 -3.317846153846153862e-02 -2.178115384615384731e-01 -6.128623076923076507e-01 -2.208846153846154015e-01 -2.482953846153846400e-01 -2.715784615384615464e-01 -1.373349999999999849e-01 -4.012583333333332725e-01 -5.636153846153847402e-01 0.000000000000000000e+00 -3.986569230769231309e-01 -4.489584615384615840e-01 -3.283315384615385080e-01 -3.563330769230769191e-01 -6.590438461538461468e-01 -1.972638461538461230e-01 -4.990900000000000336e-01 -6.205115384615383922e-01 -1.898538461538460537e-02 -3.709253846153846013e-01 -6.620776923076922005e-01 -3.629653846153846342e-01 -7.423769230769231009e-02 -4.535015384615385114e-01 1.409769230769230761e-02 -2.153976923076923178e-01 -6.182592307692307276e-01 -3.738992307692309280e-01 -3.335161538461538511e-01 -6.334592307692308299e-01 -6.427884615384615863e-01 -2.543669230769231016e-01 -6.022715384615383583e-01 -4.354669230769231958e-01 -4.187215384615384783e-01 -3.024961538461538590e-01 -2.371130769230769542e-01 -1.010253846153846280e-01 -2.511461538461538523e-01 -6.513184615384614018e-01 -2.183507692307692372e-01 -6.201761538461537659e-01 -2.378572727272727505e-01 -6.754390909090909334e-01
5.073199999999999932e-01 1.535090909090908173e-02 1.183700000000000030e-01 -4.777481818181817386e-01 7.146669230769229220e-01 6.231423076923078286e-01 5.820615384615385191e-01 -4.421592307692308044e-01 -1.561738461538461353e-01 -1.562730769230769035e-01 -8.693153846153846287e-02 3.427476923076923088e-01 -2.819507692307691715e-01 -1.668961538461538330e-01 -2.666438461538461202e-01 6.804230769230769360e-02 1.071061538461538926e-01 1.475992307692307881e-01 -4.933341666666666847e-01 4.941183333333334371e-01 4.705376923076923235e-01 -3.986569230769231309e-01 0.000000000000000000e+00 1.475546153846154229e-01 1.077884615384615274e-01 5.273015384615385992e-01 -3.520753846153846234e-01 -4.199246153846153407e-01 1.879492307692307851e-01 4.229384615384615409e-01 -4.363784615384614929e-01 -3.250453846153845694e-01 1.437976923076923208e-01 5.471146153846154769e-01 -3.154938461538461802e-01 -3.154569230769230237e-01 -3.432015384615385023e-01 -1.933061538461538498e-01 6.812738461538461188e-01 -3.895915384615384891e-01 -5.976923076922948568e-04 4.566307692307694510e-02 2.481269230769230782e-01 6.631076923076925644e-02 1.133169230769230929e-01 -4.593546153846153057e-01 -2.000069230769230821e-01 3.896438461538462850e-01 7.471538461538456549e-03 -4.302215384615384886e-01 -1.277769230769229894e-02 4.522846153846153405e-01 2.304692307692307943e-02 5.354207692307693112e-01 1.071281818181818168e-01 -3.897154545454544761e-01
5.073199999999999932e-01 -6.815454545454538611e-03 -4.660454545454546099e-02 -2.670563636363636473e-01 3.845615384615385102e-01 4.551115384615384563e-01 4.021330769230769264e-01 -3.954700000000000437e-01 -1.778923076923076829e-01 -9.145307692307692859e-02 -1.684592307692307500e-01 2.874507692307692874e-01 -1.899161538461538457e-01 -2.696215384615384125e-01 -4.781292307692307508e-01 8.893461538461540361e-02 2.148746153846154139e-01 -6.188615384615384074e-02 -1.514225000000000432e-01 3.872100000000000541e-01 4.261892307692307091e-01 -4.489584615384615840e-01 1.475546153846154229e-01 0.000000000000000000e+00 4.519846153846153458e-02 2.348707692307692718e-01 -4.336799999999999544e-01 -2.568038461538461603e-01 -1.446107692307692372e-01 7.317461538461542125e-02 -2.666769230769230892e-01 -3.233438461538461484e-01 -5.736230769230768467e-02 2.297569230769231363e-01 -2.664484615384614674e-01 -3.858938461538461429e-01 -3.760953846153846092e-01 -2.510784615384615281e-01 3.687761538461539201e-01 -4.849976923076922408e-01 -3.051184615384615606e-01 -1.933376923076922937e-01 6.717615384615381602e-02 8.361615384615386781e-02 -9.592307692307691647e-02 -4.871276923076922061e-01 -2.626092307692307615e-01 1.338576923076923442e-01 2.038384615384615864e-02 -1.504499999999999726e-01 6.961769230769231098e-02 1.278938461538461357e-01 3.056615384615385053e-02 3.140023076923076362e-01 8.743636363636363151e-03 -5.791145454545454374e-01
-9.306999999999999995e-02 4.072181818181817847e-02 -9.416818181818181754e-02 -5.369736363636362642e-01 1.731830769230769118e-01 2.650776923076923475e-01 1.797869230769230942e-01 -4.560600000000000209e-01 -1.451146153846153697e-01 -2.161230769230769178e-01 -1.019784615384615456e-01 1.164084615384615301e-01 -1.629107692307692479e-01 -2.169046153846153624e-01 -1.943953846153845810e-01 2.441930769230769294e-01 2.207169230769230883e-01 9.631615384615387077e-02 -3.138641666666666663e-01 1.618933333333333058e-01 1.716330769230769160e-01 -3.283315384615385080e-01 1.077884615384615274e-01 4.519846153846153458e-02 0.000000000000000000e+00 1.284961538461538155e-01 -7.082615384615384424e-02 -4.090484615384615830e-01 4.634076923076923399e-02 1.853846153846153491e-02 -4.679038461538462257e-01 -1.423030769230769210e-01 -4.587769230769231377e-02 1.244446153846153619e-01 -2.413769230769231000e-01 -3.039969230769231090e-01 -3.859176923076923504e-01 -1.408799999999999775e-01 2.575838461538461077e-01 -3.161007692307692407e-01 -1.443223076923076664e-01 6.653538461538463511e-02 -1.572723076923076557e-01 2.588153846153845236e-02 -1.279153846153846252e-01 -2.706376923076923569e-01 -8.824384615384615882e-02 1.083307692307692444e-01 7.299076923076922019e-02 -2.839438461538461578e-01 1.431661538461538596e-01 2.955923076923078208e-02 5.456076923076923213e-02 2.431423076923076854e-01 7.727545454545456383e-02 -1.980863636363636437e-01
5.073199999999999932e-01 -1.037454545454545400e-02 5.696727272727273444e-02 -4.387263636363636921e-01 9.042546153846153789e-01 7.806638461538460971e-01 6.628853846153845986e-01 -3.503469230769231668e-01 -1.087153846153846165e-01 -9.453538461538463222e-02 -5.200153846153846016e-02 4.270969230769230962e-01 -2.520146153846153370e-01 -1.385538461538461386e-01 -1.955069230769231059e-01 5.750615384615384573e-02 1.276653846153846250e-01 2.142061538461538794e-01 -4.257333333333332970e-01 6.355216666666667624e-01 5.753969230769230281e-01 -3.563330769230769191e-01 5.273015384615385992e-01 2.348707692307692718e-01 1.284961538461538155e-01 0.000000000000000000e+00 -3.378853846153846430e-01 -3.008661538461537832e-01 1.074253846153846725e-01 5.060115384615385681e-01 -3.909423076923077001e-01 -2.803969230769230436e-01 1.523407692307692518e-01 6.730484615384616509e-01 -2.285030769230769476e-01 -2.052000000000000213e-01 -2.546092307692307544e-01 -1.573607692307692207e-01 8.537623076923076537e-01 -3.192576923076923534e-01 1.216315384615384576e-01 4.502461538461537821e-02 3.233484615384615291e-01 9.567538461538463435e-02 6.543076923076923679e-02 -3.901023076923076927e-01 -1.712984615384615661e-01 4.403230769230770392e-01 2.803076923076922716e-02 -4.067038461538461380e-01 7.781538461538461265e-03 5.353576923076923677e-01 4.360615384615385004e-02 6.687876923076923052e-01 1.318245454545454443e-01 -3.533927272727272473e-01
-7.681999999999999940e-01 -4.759999999999999648e-02 -2.726990909090908910e-01 1.971999999999999101e-02 -5.156007692307691403e-01 -3.603530769230769426e-01 -4.511569230769231220e-01 -1.853838461538462046e-01 -4.243469230769231215e-01 -3.452599999999999558e-01 -1.260092307692307623e-01 -5.784353846153845735e-01 -2.168323076923077131e-01 -4.652069230769230734e-01 -6.243246153846153668e-01 -9.723846153846150628e-03 -1.305638461538461415e-01 -7.622230769230770031e-02 -7.170583333333334364e-02 -3.564866666666666739e-01 -3.584838461538461529e-01 -6.590438461538461468e-01 -3.520753846153846234e-01 -4.336799999999999544e-01 -7.082615384615384424e-02 -3.378853846153846430e-01 0.000000000000000000e+00 -1.301823076923076805e-01 -3.202969230769230347e-01 -6.476546153846153286e-01 2.334769230769230541e-02 -4.435869230769230454e-01 -3.349461538461537824e-01 -3.403776923076923255e-01 -4.323369230769230631e-01 -5.061230769230768978e-01 -4.803846153846154099e-01 -4.021599999999999064e-01 -3.994246153846153224e-01 -5.355676923076923002e-01 -4.929430769230769283e-01 -5.633599999999999719e-01 -4.061069230769230876e-01 -2.008007692307691994e-01 -2.930230769230768861e-01 -6.830330769230770205e-01 -5.229523076923077163e-01 -2.839884615384615785e-01 -5.917692307692308529e-02 3.988461538461537080e-03 -9.529384615384615953e-02 -6.431853846153845478e-01 -1.861846153846154206e-02 -3.841876923076922856e-01 -1.095645454545454422e-01 -7.177863636363636113e-01
