0.000000000000000000e+00 5.906000000000000139e-02 2.745199999999999863e-01 -1.432900000000000007e-01 7.409400000000000430e-01 7.213100000000000067e-01 7.409400000000000430e-01 -9.872000000000000219e-02 2.147399999999999864e-01 -1.432900000000000007e-01 5.906000000000000139e-02 7.409400000000000430e-01 -1.432900000000000007e-01 2.147399999999999864e-01 -2.327599999999999947e-01 5.906000000000000139e-02 5.906000000000000139e-02 5.906000000000000139e-02 -2.327599999999999947e-01 1.582199999999999995e-01 4.029300000000000104e-01 -1.833100000000000007e-01 1.582199999999999995e-01 1.582199999999999995e-01 5.906000000000000139e-02 1.582199999999999995e-01 -2.327599999999999947e-01 -1.432900000000000007e-01 4.029300000000000104e-01 7.160400000000000098e-01 -1.432900000000000007e-01 -1.282699999999999951e-01 2.745199999999999863e-01 1.582199999999999995e-01 -9.872000000000000219e-02 -1.833100000000000007e-01 -9.872000000000000219e-02 2.147399999999999864e-01 4.029300000000000104e-01 -1.833100000000000007e-01 2.147399999999999864e-01 -2.327599999999999947e-01 5.029900000000000482e-01 5.906000000000000139e-02 2.745199999999999863e-01 -1.833100000000000007e-01 -1.833100000000000007e-01 1.582199999999999995e-01 5.906000000000000139e-02 -1.432900000000000007e-01 5.906000000000000139e-02 7.160400000000000098e-01 5.906000000000000139e-02 4.029300000000000104e-01 5.906000000000000139e-02 -2.327599999999999947e-01
5.906000000000000139e-02 0.000000000000000000e+00 -4.996363636363636285e-02 -2.909909090909090779e-02 6.991000000000001380e-02 -3.587727272727272293e-02 9.633636363636363317e-03 -2.714454545454545592e-02 1.699181818181818432e-02 -2.511000000000000038e-02 -1.116545454545454612e-02 8.510363636363636741e-02 -9.770909090909092251e-03 1.699181818181818432e-02 -1.089818181818181901e-02 -1.664272727272727084e-02 -1.431636363636363748e-02 -7.531818181818181190e-03 -2.710700000000000262e-02 2.299499999999999808e-02 -4.651636363636362653e-02 -6.130000000000000032e-03 2.421818181818180364e-03 2.104999999999999927e-02 -1.070909090909091116e-02 3.615909090909091156e-02 -3.865454545454544318e-03 -2.797454545454545333e-02 -1.177454545454545594e-02 8.996454545454544982e-02 -1.941636363636363438e-02 -2.456727272727272579e-02 -4.916454545454545383e-02 2.230818181818182075e-02 -1.205181818181818090e-02 4.300000000000004773e-04 -1.555181818181818228e-02 1.374272727272727451e-02 -3.376272727272727758e-02 -4.473636363636363661e-03 2.713727272727272863e-02 -3.266181818181818769e-02 1.211609090909091108e-01 -4.715454545454546113e-03 -5.196181818181817846e-02 -5.400909090909090764e-03 -7.630909090909090108e-03 3.568818181818182028e-02 -1.264000000000000019e-02 -3.046999999999999709e-02 -1.169818181818181764e-02 6.509909090909089813e-02 -1.289636363636363810e-02 -5.977454545454545520e-02 -1.409000000000000009e-02 -8.704444444444443471e-03
2.745199999999999863e-01 -4.996363636363636285e-02 0.000000000000000000e+00 -2.274472727272727757e-01 3.193918181818181656e-01 4.622109090909092277e-01 3.518381818181818277e-01 -1.116190909090909178e-01 6.080909090909090292e-02 3.886545454545455025e-02 -4.185181818181818447e-02 2.575199999999999712e-01 -1.005000000000000199e-01 6.080909090909090292e-02 -6.403727272727273434e-02 -2.718181818181818546e-02 -2.961000000000000090e-02 -3.498636363636364183e-02 -2.336870000000000336e-01 1.438609999999999889e-01 4.511254545454546627e-01 3.354545454545454497e-02 2.190690909090909355e-01 1.104154545454545389e-01 1.946545454545455314e-02 1.679590909090909190e-01 -2.783181818181817979e-02 -1.975327272727272765e-01 7.606454545454545413e-02 2.519009090909090642e-01 -1.086090909090909329e-01 -7.348727272727272053e-02 1.808109090909091055e-01 2.047554545454545460e-01 8.734545454545455945e-02 2.693636363636363329e-02 1.211218181818182055e-01 7.915545454545452886e-02 4.858872727272727787e-01 2.403636363636363349e-02 9.289363636363635879e-02 1.949063636363636276e-01 1.380390909090909168e-01 1.702636363636363462e-02 1.889236363636363769e-01 4.665545454545454163e-02 5.876636363636364435e-02 1.479300000000000059e-01 -5.567909090909090725e-02 -2.273209090909091290e-01 -5.313636363636364129e-02 2.334427272727272740e-01 -5.733909090909090900e-02 4.307527272727273426e-01 -5.899000000000000077e-02 -3.147333333333333233e-02
-1.432900000000000007e-01 -2.909909090909090779e-02 -2.274472727272727757e-01 0.000000000000000000e+00 -6.322727272727272918e-02 -1.111036363636363489e-01 -1.003745454545454524e-01 -5.496818181818181881e-02 -2.733818181818182050e-02 -3.033454545454545084e-02 -3.017999999999999849e-02 -1.116618181818181677e-01 -3.062727272727272521e-02 -2.733818181818182050e-02 -3.410909090909090141e-02 -4.936545454545455264e-02 -4.111636363636363839e-02 -2.669272727272727769e-02 -4.895900000000000946e-02 -2.950999999999995294e-03 -9.308454545454546147e-02 -2.311090909090908474e-02 -1.404636363636363461e-02 9.908181818181819450e-03 -6.393363636363635916e-02 1.947636363636363888e-02 -2.913363636363636155e-02 -5.691818181818181915e-02 -5.372545454545454152e-02 -1.460309090909091279e-01 -6.206636363636363479e-02 -6.297999999999999432e-02 -2.345218181818182479e-01 5.243636363636366982e-03 -4.373545454545454264e-02 -1.966272727272727269e-02 -4.874454545454545706e-02 -2.595727272727273161e-02 -1.048845454545454525e-01 -2.378636363636363674e-02 -3.349000000000000588e-02 -6.346000000000000252e-02 -1.865299999999999736e-01 -1.675999999999999712e-02 -2.264090909090909487e-01 -1.676636363636363133e-02 -1.367909090909090637e-02 1.687272727272727535e-02 -2.995999999999999705e-02 -8.467000000000000914e-02 -2.537454545454545865e-02 -1.626518181818182029e-01 -3.161999999999999533e-02 -9.488090909090908520e-02 -3.049888888888889135e-02 -3.027111111111111322e-02
7.409400000000000430e-01 6.991000000000001380e-02 3.193918181818181656e-01 -6.322727272727272918e-02 0.000000000000000000e+00 6.594776923076922648e-01 6.647799999999999265e-01 -1.022684615384615442e-01 -2.913153846153846219e-02 -1.978692307692309083e-02 2.665538461538461204e-02 5.319038461538461160e-01 -8.759076923076923593e-02 -5.552769230769230568e-02 -1.662861538461538335e-01 1.416299999999999781e-01 9.975307692307691654e-02 2.007169230769230706e-01 -7.494083333333333152e-02 9.774416666666664588e-02 4.587246153846153973e-01 -1.554461538461538450e-01 1.511623076923076792e-01 -2.839000000000000204e-02 1.946730769230769209e-01 8.864307692307690778e-02 -2.082723076923076733e-01 -6.861384615384615027e-02 1.076461538461538497e-01 6.696323076923076378e-01 -6.729076923076922345e-02 -1.053915384615384532e-01 4.189992307692307349e-01 1.723415384615384349e-01 -7.838307692307691643e-02 -1.288376923076923197e-01 -1.277684615384615530e-01 -5.853230769230769598e-02 7.084307692307691973e-01 -1.248276923076923062e-01 1.936407692307692552e-01 5.174307692307691942e-02 3.585484615384615936e-01 3.111615384615384547e-02 3.149646153846153984e-01 -1.739869230769230946e-01 -9.376846153846153664e-02 5.085769230769229821e-02 1.174976923076923030e-01 -2.590923076923077814e-02 1.031076923076923169e-01 6.931346153846154046e-01 1.176830769230769180e-01 4.310800000000000187e-01 1.934036363636363609e-01 -2.372018181818182359e-01
7.213100000000000067e-01 -3.587727272727272293e-02 4.622109090909092277e-01 -1.111036363636363489e-01 6.594776923076922648e-01 0.000000000000000000e+00 6.399684615384615416e-01 -1.234384615384615386e-01 2.816923076923077626e-02 2.872846153846153952e-02 -4.474846153846152863e-02 6.201653846153845073e-01 -2.662461538461537852e-02 1.820000000000000090e-02 -8.712692307692307403e-02 4.040153846153846096e-02 8.432461538461538675e-02 2.368615384615385330e-02 -7.724916666666666043e-02 2.778916666666667035e-01 5.230153846153846597e-01 -1.191276923076922956e-01 2.453976923076922889e-01 1.324838461538461742e-01 1.142969230769230737e-01 2.393146153846153756e-01 -8.451999999999999791e-02 -2.974692307692307705e-02 1.029730769230769311e-01 7.581007692307691892e-01 -7.086076923076922718e-02 5.137923076923077426e-02 5.376238461538462854e-01 2.589192307692307904e-01 -1.069999999999999979e-01 -5.800307692307692109e-02 -1.257592307692307620e-01 2.540692307692308388e-02 6.587523076923076371e-01 -1.209399999999999920e-01 1.460646153846154038e-01 1.782192307692307409e-01 3.914707692307692333e-01 5.956307692307693386e-02 4.032200000000001339e-01 -1.090338461538461617e-01 -1.974923076923076198e-02 1.639615384615385196e-01 -4.586538461538461342e-02 3.449230769230774742e-03 -1.305846153846153615e-02 7.678115384615383787e-01 -4.941999999999999171e-02 5.314315384615385662e-01 -3.774181818181818193e-02 -1.085418181818181699e-01
7.409400000000000430e-01 9.633636363636363317e-03 3.518381818181818277e-01 -1.003745454545454524e-01 6.647799999999999265e-01 6.399684615384615416e-01 0.000000000000000000e+00 -9.214384615384615951e-02 -1.589846153846153493e-02 2.723076923076934389e-03 3.103923076923077035e-02 6.559776923076923172e-01 9.169230769230784107e-04 -6.530769230769229751e-03 -1.077830769230769259e-01 9.685230769230769587e-02 6.262384615384614106e-02 4.483307692307692688e-02 -7.157583333333332465e-02 1.889658333333333051e-01 5.000476923076923041e-01 -1.340953846153846163e-01 2.020607692307692105e-01 8.663769230769230445e-02 1.712592307692307747e-01 1.572292307692307600e-01 -1.026776923076923309e-01 -7.569769230769229917e-02 9.332999999999999630e-02 6.605361538461539395e-01 -6.996538461538460985e-02 6.876923076923073877e-03 3.506269230769231138e-01 1.808730769230768864e-01 -1.258292307692307765e-01 -5.682999999999999857e-02 -1.308176923076923293e-01 7.541538461538464105e-03 5.561238461538461353e-01 -9.212384615384615338e-02 4.173846153846149515e-03 1.690030769230769503e-01 3.646746153846153193e-01 7.995384615384612537e-03 2.833792307692307721e-01 -1.114215384615384746e-01 -3.586846153846152963e-02 1.394184615384615189e-01 1.058538461538461629e-02 2.173230769230770007e-02 2.069538461538461202e-02 6.900392307692307936e-01 7.030769230769231062e-03 4.920369230769230939e-01 -4.121818181818183956e-03 -1.268927272727272682e-01
-9.872000000000000219e-02 -2.714454545454545592e-02 -1.116190909090909178e-01 -5.496818181818181881e-02 -1.022684615384615442e-01 -1.234384615384615386e-01 -9.214384615384615951e-02 0.000000000000000000e+00 -1.711384615384615310e-02 -4.120461538461538814e-02 -2.097307692307692067e-02 -1.141969230769230709e-01 -3.536923076923077086e-02 -1.259846153846153928e-02 -2.609846153846153913e-02 -1.433461538461538141e-02 -2.662307692307691945e-02 -3.824538461538461859e-02 -4.934750000000000941e-02 4.357500000000002864e-03 -8.426307692307691277e-02 -1.582769230769230998e-02 -5.884615384615384838e-03 -2.967692307692307036e-03 -5.196307692307691739e-02 1.730230769230769669e-02 -2.810230769230769032e-02 -4.815461538461537905e-02 8.480769230769232697e-03 -1.300792307692307526e-01 -5.702461538461538887e-02 -3.175846153846154096e-02 -1.020646153846153925e-01 -4.084615384615380984e-04 -3.838307692307692254e-02 -2.015769230769230702e-02 -4.011153846153846930e-02 -1.499692307692307783e-02 -1.146969230769230574e-01 -1.925999999999999934e-02 -4.539615384615384996e-02 -5.545538461538462166e-02 -6.207230769230767664e-02 -9.895384615384614918e-03 -7.606769230769230838e-02 -1.673923076923076667e-02 -1.518846153846153783e-02 5.468461538461539227e-03 -2.395615384615384577e-02 -4.206461538461538086e-02 -2.593615384615383795e-02 -1.314653846153845951e-01 -2.728307692307692378e-02 -6.863153846153845217e-02 -4.721090909090908810e-02 -2.849363636363636335e-02
2.147399999999999864e-01 1.699181818181818432e-02 6.080909090909090292e-02 -2.733818181818182050e-02 -2.913153846153846219e-02 2.816923076923077626e-02 -1.589846153846153493e-02 -1.711384615384615310e-02 0.000000000000000000e+00 6.938461538461527470e-04 1.551384615384615237e-02 -5.694615384615384079e-02 2.463076923076923733e-03 6.632307692307692903e-02 -3.504615384615385534e-03 6.365384615384616501e-03 3.726153846153846920e-03 -5.186153846153846413e-03 -2.735833333333333520e-02 3.269916666666666805e-02 2.976153846153845733e-02 -1.540846153846154101e-02 3.206384615384615111e-02 2.092999999999999722e-02 -9.483846153846153468e-03 3.904461538461537901e-02 -7.852307692307693154e-03 -1.244076923076923094e-02 -3.384615384615374811e-04 -3.665999999999999120e-02 -1.904846153846153842e-02 2.409230769230767677e-03 7.078999999999999182e-02 2.717846153846153676e-02 4.520769230769230984e-03 -5.622307692307693811e-03 2.213846153846153915e-03 5.699076923076924067e-02 3.928307692307692750e-02 -8.974615384615386438e-03 6.944999999999999785e-02 9.796923076923076332e-03 1.362384615384615652e-02 1.944384615384615184e-02 4.068769230769230666e-02 -1.663615384615384912e-02 -9.307692307692323015e-04 2.812846153846153274e-02 8.027692307692308599e-03 -2.777615384615384625e-02 1.157461538461538111e-02 -4.467153846153845698e-02 7.810769230769230506e-03 4.613153846153845994e-02 1.924545454545454476e-02 -1.128363636363636374e-02
-1.432900000000000007e-01 -2.511000000000000038e-02 3.886545454545455025e-02 -3.033454545454545084e-02 -1.978692307692309083e-02 2.872846153846153952e-02 2.723076923076934389e-03 -4.120461538461538814e-02 6.938461538461527470e-04 0.000000000000000000e+00 -1.437769230769230661e-02 5.533307692307692233e-02 -2.039307692307692349e-02 3.049999999999999326e-03 -2.250230769230769298e-02 -1.949538461538461581e-02 -3.446153846153844559e-04 -3.210692307692307457e-02 -4.078249999999999237e-02 3.682916666666666283e-02 3.913538461538462049e-02 -2.199769230769230491e-02 1.937076923076922613e-02 3.153769230769230825e-02 -2.989846153846153695e-02 4.838153846153846194e-02 -2.810538461538461888e-02 -2.893461538461538501e-02 -3.267769230769231037e-02 1.393384615384615603e-02 -2.909307692307692289e-02 -3.470230769230769202e-02 3.217692307692313330e-03 2.867307692307691572e-02 -3.373307692307692812e-02 -2.345923076923076694e-02 -3.532153846153845977e-02 5.707692307692299478e-04 1.267615384615384394e-02 -1.767538461538461711e-02 -2.898000000000000229e-02 -2.576307692307692326e-02 -7.392307692307580926e-04 2.182000000000000259e-02 2.228230769230769501e-02 -2.455538461538460740e-02 -9.582307692307692054e-03 4.221538461538460602e-02 -1.853615384615384803e-02 -5.700461538461538968e-02 -2.111615384615384353e-02 -1.790923076923077104e-02 -1.663769230769230473e-02 1.883769230769230876e-02 -4.759636363636363804e-02 -3.497272727272727338e-02
5.906000000000000139e-02 -1.116545454545454612e-02 -4.185181818181818447e-02 -3.017999999999999849e-02 2.665538461538461204e-02 -4.474846153846152863e-02 3.103923076923077035e-02 -2.097307692307692067e-02 1.551384615384615237e-02 -1.437769230769230661e-02 0.000000000000000000e+00 6.401076923076923220e-02 -5.651538461538462184e-03 2.636769230769231073e-02 -4.769230769230769530e-03 -2.501538461538460861e-03 -7.153846153846153862e-03 -3.388461538461538542e-03 -2.695916666666667294e-02 2.697749999999999801e-02 -3.342692307692306936e-02 -2.869230769230775172e-04 6.429230769230769547e-03 1.796692307692307825e-02 -4.153692307692307545e-02 3.351923076923077338e-02 -1.149846153846153900e-02 -2.662307692307692292e-02 4.313846153846153351e-03 4.020923076923076794e-02 -2.241307692307692445e-02 -2.704230769230769188e-02 -5.366923076923076769e-02 2.270846153846153501e-02 -1.419615384615384619e-02 -5.171538461538460058e-03 -1.340538461538461242e-02 1.442461538461538642e-02 -6.116846153846152573e-02 -7.608461538461537901e-03 -1.067076923076923020e-02 -3.203076923076923072e-02 7.614769230769231900e-02 7.266923076923077068e-03 -2.477153846153845942e-02 -6.358461538461538526e-03 1.816923076923076651e-03 1.772461538461538727e-02 -7.972307692307693469e-03 -4.060230769230769449e-02 -6.761538461538461192e-03 2.996538461538461248e-02 -8.063076923076922808e-03 -4.877538461538461628e-02 -1.580363636363636345e-02 -8.709999999999998993e-03
7.409400000000000430e-01 8.510363636363636741e-02 2.575199999999999712e-01 -1.116618181818181677e-01 5.319038461538461160e-01 6.201653846153845073e-01 6.559776923076923172e-01 -1.141969230769230709e-01 -5.694615384615384079e-02 5.533307692307692233e-02 6.401076923076923220e-02 0.000000000000000000e+00 -1.590538461538461984e-02 -5.674923076923077403e-02 -1.194246153846153791e-01 1.017315384615384566e-01 1.123392307692307468e-01 7.333384615384613836e-02 -1.259483333333333566e-01 2.098266666666666891e-01 5.536184615384616148e-01 -1.398100000000000176e-01 2.332446153846153836e-01 1.235376923076923067e-01 1.465161538461537960e-01 1.917946153846153967e-01 -1.271030769230769297e-01 -5.478923076923077756e-02 4.391153846153845325e-02 6.514369230769232466e-01 -9.470230769230771062e-02 3.162307692307692562e-03 2.158230769230768675e-01 1.977799999999999836e-01 -5.241384615384615114e-02 -6.041999999999999454e-02 -8.713692307692307015e-02 -4.796692307692308060e-02 5.551530769230769158e-01 -9.054153846153847884e-02 -5.546307692307692050e-02 1.764430769230769525e-01 3.942938461538462169e-01 1.085953846153845936e-01 1.735199999999999521e-01 -1.314815384615384830e-01 -2.419846153846152634e-02 1.752269230769231134e-01 8.402923076923074497e-02 -8.537076923076922230e-02 6.590384615384614619e-02 6.285530769230771586e-01 8.421461538461536001e-02 4.998876923076923662e-01 7.849090909090906953e-02 -1.377672727272727382e-01
-1.432900000000000007e-01 -9.770909090909092251e-03 -1.005000000000000199e-01 -3.062727272727272521e-02 -8.759076923076923593e-02 -2.662461538461537852e-02 9.169230769230784107e-04 -3.536923076923077086e-02 2.463076923076923733e-03 -2.039307692307692349e-02 -5.651538461538462184e-03 -1.590538461538461984e-02 0.000000000000000000e+00 6.978461538461539285e-03 -1.354923076923076827e-02 -1.337923076923077173e-02 -5.302307692307693839e-03 -2.326846153846153994e-02 -2.945333333333333484e-02 1.496416666666666728e-02 -2.418692307692307461e-02 -8.521538461538462339e-03 -1.689384615384615165e-02 1.760769230769231117e-03 1.468461538461535024e-03 8.863076923076921437e-03 -1.740307692307692389e-02 -2.868846153846153768e-02 2.832307692307691697e-03 -3.461076923076922968e-02 -2.394692307692307398e-02 -2.813076923076929855e-03 -7.886307692307693851e-02 -1.171230769230769200e-02 -2.147307692307692459e-02 -1.673461538461538251e-02 -1.764153846153846197e-02 1.268999999999999989e-02 -3.368461538461538229e-02 -1.224230769230769122e-02 -3.649230769230770062e-03 -2.332076923076923172e-02 3.060692307692308017e-02 -8.401538461538462024e-03 -6.391076923076922933e-02 -2.288461538461538259e-03 -6.147692307692307137e-03 1.106692307692307663e-02 -1.716461538461538580e-02 -3.150307692307691837e-02 -9.195384615384617419e-03 -4.523230769230768972e-02 -1.697923076923077076e-02 -1.371538461538460282e-03 -3.985454545454545500e-02 -1.967999999999999958e-02
2.147399999999999864e-01 1.699181818181818432e-02 6.080909090909090292e-02 -2.733818181818182050e-02 -5.552769230769230568e-02 1.820000000000000090e-02 -6.530769230769229751e-03 -1.259846153846153928e-02 6.632307692307692903e-02 3.049999999999999326e-03 2.636769230769231073e-02 -5.674923076923077403e-02 6.978461538461539285e-03 0.000000000000000000e+00 -4.301538461538461679e-03 1.107923076923076830e-02 8.440000000000001321e-03 1.867692307692307707e-02 -2.714500000000000593e-02 3.183583333333333404e-02 3.608307692307692605e-02 -9.086923076923079240e-03 3.751769230769230745e-02 2.028538461538460791e-02 -6.290769230769229989e-03 3.824769230769230199e-02 -8.076153846153845753e-03 -1.274076923076923086e-02 2.093230769230769450e-02 -6.777230769230768725e-02 -1.927230769230769275e-02 4.344615384615382533e-03 3.967769230769229577e-02 3.871153846153845696e-02 6.876923076923077346e-03 -6.266923076923077915e-03 6.729230769230769467e-03 6.120538461538461983e-02 1.114307692307692221e-02 -1.050923076923077071e-02 4.130999999999999950e-02 8.262307692307692061e-03 -1.080692307692307508e-02 2.496153846153846209e-02 6.195846153846152476e-02 -1.906076923076923529e-02 -1.575384615384617165e-03 2.570384615384615004e-02 1.274153846153846040e-02 -2.757923076923077602e-02 1.628846153846153638e-02 -7.578384615384615997e-02 1.252461538461538230e-02 4.533461538461538987e-02 5.429999999999999931e-03 -1.204545454545454669e-02
-2.327599999999999947e-01 -1.089818181818181901e-02 -6.403727272727273434e-02 -3.410909090909090141e-02 -1.662861538461538335e-01 -8.712692307692307403e-02 -1.077830769230769259e-01 -2.609846153846153913e-02 -3.504615384615385534e-03 -2.250230769230769298e-02 -4.769230769230769530e-03 -1.194246153846153791e-01 -1.354923076923076827e-02 -4.301538461538461679e-03 0.000000000000000000e+00 -3.010769230769233095e-03 -1.132307692307692702e-02 4.080769230769230871e-02 -2.233499999999999722e-02 1.477916666666666788e-02 -8.399692307692309401e-02 -2.770769230769230471e-02 -3.170769230769232214e-03 4.983846153846154675e-03 -5.125000000000000389e-02 2.802769230769230902e-02 -2.627923076923077000e-02 -2.148615384615384580e-02 5.757692307692305680e-03 -7.337538461538459234e-02 -2.553769230769230986e-02 -3.986615384615384283e-02 -1.442538461538461422e-02 3.520307692307692721e-02 -1.938153846153846394e-02 -1.576692307692307421e-02 -2.404692307692308031e-02 -8.993846153846154351e-03 -8.800538461538463808e-02 -2.393615384615384312e-02 -1.494461538461538605e-02 -5.580769230769230815e-02 -9.963846153846147788e-03 -1.333076923076923805e-03 -2.402692307692309154e-02 -3.013846153846152370e-02 -1.276307692307692213e-02 1.361000000000000057e-02 -2.051538461538463150e-03 -3.712384615384615311e-02 -1.550000000000001680e-03 -9.621538461538460540e-02 -1.530769230769235014e-04 -7.233076923076924014e-02 5.469999999999999168e-03 -2.958818181818181209e-02
5.906000000000000139e-02 -1.664272727272727084e-02 -2.718181818181818546e-02 -4.936545454545455264e-02 1.416299999999999781e-01 4.040153846153846096e-02 9.685230769230769587e-02 -1.433461538461538141e-02 6.365384615384616501e-03 -1.949538461538461581e-02 -2.501538461538460861e-03 1.017315384615384566e-01 -1.337923076923077173e-02 1.107923076923076830e-02 -3.010769230769233095e-03 0.000000000000000000e+00 1.056923076923075525e-03 -9.367692307692309511e-03 -2.016500000000000237e-02 5.556833333333333069e-02 -5.070846153846153559e-02 -8.611538461538462141e-03 6.605153846153845321e-02 2.914769230769231195e-02 1.427923076923076455e-02 5.683615384615384181e-02 -3.116923076923077025e-03 -2.740230769230769456e-02 3.687692307692308491e-03 1.308353846153845756e-01 -8.647692307692309358e-03 4.872307692307694012e-03 1.912461538461538574e-02 7.625153846153845394e-02 -7.472307692307691290e-03 1.138230769230769157e-02 -6.917692307692306121e-03 2.221000000000000058e-02 2.884615384615365910e-04 -3.060769230769231058e-03 5.796923076923077289e-02 -3.153384615384615536e-02 1.256746153846153846e-01 2.932307692307692393e-03 -3.191230769230769121e-02 5.473846153846153792e-03 2.770769230769231165e-03 4.834230769230769137e-02 -1.693923076923077239e-02 -2.028461538461538878e-03 -9.715384615384617048e-03 1.317561538461538284e-01 -1.675384615384615736e-02 -1.535384615384615195e-02 -7.396363636363637549e-03 -3.398181818181817988e-03
5.906000000000000139e-02 -1.431636363636363748e-02 -2.961000000000000090e-02 -4.111636363636363839e-02 9.975307692307691654e-02 8.432461538461538675e-02 6.262384615384614106e-02 -2.662307692307691945e-02 3.726153846153846920e-03 -3.446153846153844559e-04 -7.153846153846153862e-03 1.123392307692307468e-01 -5.302307692307693839e-03 8.440000000000001321e-03 -1.132307692307692702e-02 1.056923076923075525e-03 0.000000000000000000e+00 -3.071230769230768806e-02 -1.063000000000000056e-02 1.331691666666666440e-01 2.444153846153845899e-02 -2.089923076923076717e-02 6.122307692307691653e-03 3.405769230769230271e-02 1.050953846153846183e-01 3.976230769230769402e-02 -1.372461538461538372e-02 -4.028153846153846585e-02 -2.792538461538461234e-02 1.401123076923076749e-01 -3.173769230769230704e-02 2.771153846153846106e-02 6.252923076923076751e-02 1.632230769230769499e-02 -2.333230769230769039e-02 -1.097076923076923186e-02 -2.352384615384615213e-02 2.343538461538461487e-02 2.495923076923076828e-02 -1.155846153846154176e-02 3.161846153846154667e-02 6.186153846153845566e-03 1.391292307692307828e-01 -1.462692307692308076e-02 -1.992307692307692529e-02 2.720000000000000195e-03 1.183769230769230948e-02 5.017769230769230510e-02 -1.453846153846154003e-02 5.337769230769230655e-02 5.240769230769230271e-03 1.987430769230769390e-01 -1.805076923076923481e-02 6.490615384615383565e-02 8.721818181818181276e-03 -3.054545454545454317e-03
5.906000000000000139e-02 -7.531818181818181190e-03 -3.498636363636364183e-02 -2.669272727272727769e-02 2.007169230769230706e-01 2.368615384615385330e-02 4.483307692307692688e-02 -3.824538461538461859e-02 -5.186153846153846413e-03 -3.210692307692307457e-02 -3.388461538461538542e-03 7.333384615384613836e-02 -2.326846153846153994e-02 1.867692307692307707e-02 4.080769230769230871e-02 -9.367692307692309511e-03 -3.071230769230768806e-02 0.000000000000000000e+00 -4.287583333333333524e-02 7.192583333333334161e-02 -5.234615384615383393e-02 -7.981538461538460055e-03 5.869846153846153963e-02 1.138307692307692284e-02 -3.129000000000000531e-02 9.041615384615385442e-02 -2.277615384615384875e-02 -1.296384615384615566e-02 9.740230769230770469e-02 2.368523076923076676e-01 -3.788615384615384718e-02 -4.826692307692307532e-02 9.167000000000000148e-02 1.397692307692307845e-01 -3.231692307692307642e-02 -1.869384615384615464e-02 -3.271999999999999909e-02 6.327692307692307609e-03 5.388846153846153786e-02 -2.711769230769230793e-02 1.138369230769230717e-01 -5.163307692307692043e-02 1.619976923076923148e-01 -5.400000000000000286e-03 6.251769230769231578e-02 -2.553153846153845968e-02 -1.422615384615384497e-02 1.443769230769231630e-02 -2.321230769230769528e-02 -3.666230769230769543e-02 -1.984615384615384670e-02 2.161346153846153695e-01 -2.461692307692307444e-02 -1.493153846153845790e-02 5.807090909090908970e-02 -2.809818181818182076e-02
-2.327599999999999947e-01 -2.710700000000000262e-02 -2.336870000000000336e-01 -4.895900000000000946e-02 -7.494083333333333152e-02 -7.724916666666666043e-02 -7.157583333333332465e-02 -4.934750000000000941e-02 -2.735833333333333520e-02 -4.078249999999999237e-02 -2.695916666666667294e-02 -1.259483333333333566e-01 -2.945333333333333484e-02 -2.714500000000000593e-02 -2.233499999999999722e-02 -2.016500000000000237e-02 -1.063000000000000056e-02 -4.287583333333333524e-02 0.000000000000000000e+00 2.900083333333333332e-02 -9.330083333333333284e-02 -2.587249999999999620e-02 -2.434999999999998364e-03 1.067583333333333405e-02 -3.116583333333332664e-02 1.931166666666667142e-02 -3.141750000000000098e-02 -4.445666666666667211e-02 -6.849249999999999783e-02 -1.437958333333333449e-01 -5.270416666666666305e-02 -2.510249999999999981e-02 -1.969908333333333650e-01 6.265000000000004073e-03 -4.220583333333333825e-02 -2.085833333333332942e-02 -4.388750000000000290e-02 -2.057500000000000301e-02 -9.967083333333331963e-02 -2.626916666666666636e-02 -3.378416666666666374e-02 -5.532583333333333103e-02 -1.638783333333333481e-01 -1.236166666666666837e-02 -2.428191666666666970e-01 -1.693749999999999770e-02 -1.243916666666666261e-02 1.262666666666666972e-02 -2.797583333333332825e-02 -3.963416666666667171e-02 -1.959333333333333760e-02 -1.355900000000000161e-01 -2.777499999999999414e-02 -5.895166666666667998e-02 -4.109000000000000152e-02 -3.198199999999999654e-02
1.582199999999999995e-01 2.299499999999999808e-02 1.438609999999999889e-01 -2.950999999999995294e-03 9.774416666666664588e-02 2.778916666666667035e-01 1.889658333333333051e-01 4.357500000000002864e-03 3.269916666666666805e-02 3.682916666666666283e-02 2.697749999999999801e-02 2.098266666666666891e-01 1.496416666666666728e-02 3.183583333333333404e-02 1.477916666666666788e-02 5.556833333333333069e-02 1.331691666666666440e-01 7.192583333333334161e-02 2.900083333333333332e-02 0.000000000000000000e+00 2.352458333333333484e-01 -1.627999999999999933e-02 8.136000000000000176e-02 6.845833333333332937e-02 1.451541666666666675e-01 7.295333333333332837e-02 8.426666666666667374e-03 -5.365833333333333566e-03 7.071416666666667517e-02 2.940483333333333005e-01 4.317500000000001024e-03 4.215499999999999803e-02 2.465650000000000064e-01 9.248416666666665897e-02 5.778333333333334106e-03 7.895833333333332829e-03 -2.450000000000000788e-03 4.383583333333333082e-02 2.513108333333333166e-01 -3.650000000000006863e-04 3.456999999999999656e-02 1.271933333333333249e-01 1.134708333333333402e-01 2.302500000000000033e-02 1.666616666666666802e-01 8.304999999999999882e-03 3.200916666666666494e-02 7.627666666666667317e-02 3.496333333333333931e-02 1.045358333333333417e-01 5.107083333333332226e-02 3.513749999999999929e-01 3.115833333333333996e-02 2.857875000000000276e-01 5.773099999999999760e-02 2.101000000000000090e-02
4.029300000000000104e-01 -4.651636363636362653e-02 4.511254545454546627e-01 -9.308454545454546147e-02 4.587246153846153973e-01 5.230153846153846597e-01 5.000476923076923041e-01 -8.426307692307691277e-02 2.976153846153845733e-02 3.913538461538462049e-02 -3.342692307692306936e-02 5.536184615384616148e-01 -2.418692307692307461e-02 3.608307692307692605e-02 -8.399692307692309401e-02 -5.070846153846153559e-02 2.444153846153845899e-02 -5.234615384615383393e-02 -9.330083333333333284e-02 2.352458333333333484e-01 0.000000000000000000e+00 -9.957999999999998797e-02 2.383438461538461006e-01 1.456853846153846332e-01 5.696153846153844715e-03 2.081530769230769129e-01 -8.320000000000002394e-02 -3.974307692307692264e-02 5.075999999999999263e-02 5.899476923076923951e-01 -5.628769230769230941e-02 5.399076923076923801e-02 4.067230769230770759e-01 2.078607692307692101e-01 -5.901076923076922776e-02 -4.169846153846153147e-02 -8.133461538461538021e-02 2.805615384615384525e-02 4.775123076923077359e-01 -9.951538461538461666e-02 -8.438461538461522731e-04 1.855469230769230815e-01 3.267953846153845987e-01 5.009076923076923038e-02 3.767846153846154400e-01 -9.917615384615384444e-02 -2.022615384615383816e-02 1.804130769230769538e-01 -5.621846153846153660e-02 -8.750461538461537514e-02 -4.912076923076923174e-02 5.758376923076923282e-01 -5.603307692307691462e-02 4.649753846153847348e-01 -5.248363636363637119e-02 -8.844454545454545624e-02
-1.833100000000000007e-01 -6.130000000000000032e-03 3.354545454545454497e-02 -2.311090909090908474e-02 -1.554461538461538450e-01 -1.191276923076922956e-01 -1.340953846153846163e-01 -1.582769230769230998e-02 -1.540846153846154101e-02 -2.199769230769230491e-02 -2.869230769230775172e-04 -1.398100000000000176e-01 -8.521538461538462339e-03 -9.086923076923079240e-03 -2.770769230769230471e-02 -8.611538461538462141e-03 -2.089923076923076717e-02 -7.981538461538460055e-03 -2.587249999999999620e-02 -1.627999999999999933e-02 -9.957999999999998797e-02 0.000000000000000000e+00 -1.443153846153845919e-02 -8.686153846153846919e-03 -4.275153846153845194e-02 -2.311538461538461663e-03 -2.970538461538461267e-02 -2.594076923076922905e-02 -3.301384615384615751e-02 -1.317807692307692569e-01 -1.210692307692307762e-02 -3.142846153846153706e-02 2.166923076923076702e-02 -2.603846153846154070e-03 -7.839230769230770210e-03 -8.153076923076922611e-03 -5.699230769230769801e-03 -9.829999999999998461e-03 -1.357646153846153725e-01 -2.915384615384614066e-04 -4.543230769230769545e-02 -6.330692307692306620e-02 -7.231461538461539384e-02 -2.675384615384614629e-03 2.447076923076922650e-02 2.296153846153846639e-03 -1.044615384615384503e-03 -1.422307692307692335e-03 -8.483076923076924777e-03 -3.943461538461538046e-02 -7.967692307692309309e-03 -1.472484615384615503e-01 -6.584615384615384939e-03 -1.042407692307692479e-01 -2.985454545454546346e-03 -3.212727272727272654e-02
1.582199999999999995e-01 2.421818181818180364e-03 2.190690909090909355e-01 -1.404636363636363461e-02 1.511623076923076792e-01 2.453976923076922889e-01 2.020607692307692105e-01 -5.884615384615384838e-03 3.206384615384615111e-02 1.937076923076922613e-02 6.429230769230769547e-03 2.332446153846153836e-01 -1.689384615384615165e-02 3.751769230769230745e-02 -3.170769230769232214e-03 6.605153846153845321e-02 6.122307692307691653e-03 5.869846153846153963e-02 -2.434999999999998364e-03 8.136000000000000176e-02 2.383438461538461006e-01 -1.443153846153845919e-02 0.000000000000000000e+00 2.774769230769231002e-02 7.586307692307690809e-02 1.127461538461538293e-01 4.010769230769230947e-03 -4.585384615384615302e-03 1.233884615384615580e-01 3.110515384615384349e-01 2.274615384615385344e-03 -1.067000000000000240e-02 2.030384615384615288e-01 1.620992307692307732e-01 -1.160538461538461637e-02 -5.345384615384614693e-03 -1.422692307692307451e-02 3.240076923076923299e-02 2.517438461538460959e-01 -1.810461538461538220e-02 7.312923076923076582e-02 1.266992307692307584e-01 1.636269230769231142e-01 2.041538461538460955e-02 1.915284615384615918e-01 -2.617846153846153240e-02 -2.523846153846153427e-03 9.629769230769229249e-02 1.521153846153846211e-02 3.809538461538461429e-02 8.552307692307692388e-03 2.857553846153846333e-01 1.188461538461538410e-02 2.379107692307692035e-01 2.096272727272727524e-02 -1.384999999999999946e-02
1.582199999999999995e-01 2.104999999999999927e-02 1.104154545454545389e-01 9.908181818181819450e-03 -2.839000000000000204e-02 1.324838461538461742e-01 8.663769230769230445e-02 -2.967692307692307036e-03 2.092999999999999722e-02 3.153769230769230825e-02 1.796692307692307825e-02 1.235376923076923067e-01 1.760769230769231117e-03 2.028538461538460791e-02 4.983846153846154675e-03 2.914769230769231195e-02 3.405769230769230271e-02 1.138307692307692284e-02 1.067583333333333405e-02 6.845833333333332937e-02 1.456853846153846332e-01 -8.686153846153846919e-03 2.774769230769231002e-02 0.000000000000000000e+00 2.936692307692307519e-02 5.586461538461537368e-02 -1.853076923076922566e-03 -4.256923076923076546e-03 3.716846153846153217e-02 1.147376923076923183e-01 5.596923076923078326e-03 1.403076923076922687e-03 9.274999999999998523e-02 3.415846153846153338e-02 -1.984615384615386589e-04 6.838461538461534798e-04 -5.947692307692307480e-03 2.224615384615384606e-02 8.917230769230768961e-02 -7.740769230769230756e-03 -3.592076923076922834e-02 3.717846153846153523e-02 5.571461538461538326e-02 2.690538461538461226e-02 8.719769230769230939e-02 -8.457692307692306691e-03 1.143076923076923219e-02 4.886846153846152035e-02 2.446846153846154309e-02 9.016923076923076888e-03 2.752692307692307730e-02 9.840230769230767782e-02 2.465384615384615813e-02 1.617823076923076975e-01 1.352909090909090901e-02 -7.619090909090908692e-03
5.906000000000000139e-02 -1.070909090909091116e-02 1.946545454545455314e-02 -6.393363636363635916e-02 1.946730769230769209e-01 1.142969230769230737e-01 1.712592307692307747e-01 -5.196307692307691739e-02 -9.483846153846153468e-03 -2.989846153846153695e-02 -4.153692307692307545e-02 1.465161538461537960e-01 1.468461538461535024e-03 -6.290769230769229989e-03 -5.125000000000000389e-02 1.427923076923076455e-02 1.050953846153846183e-01 -3.129000000000000531e-02 -3.116583333333332664e-02 1.451541666666666675e-01 5.696153846153844715e-03 -4.275153846153845194e-02 7.586307692307690809e-02 2.936692307692307519e-02 0.000000000000000000e+00 5.419307692307692020e-02 -3.397153846153846274e-02 -4.702769230769231201e-02 -1.530000000000000110e-02 1.905707692307692658e-01 -5.008846153846154003e-02 -3.347692307692310635e-03 7.660384615384616125e-02 1.045538461538461361e-01 -4.447076923076923038e-02 -3.686230769230769422e-02 -4.547846153846154399e-02 1.222384615384615285e-02 6.495846153846150661e-02 -4.753076923076922367e-02 4.596153846153847033e-02 1.166153846153845756e-02 1.667107692307692735e-01 -4.873846153846151351e-03 1.991615384615385773e-02 -2.864615384615384550e-02 1.358615384615384676e-02 6.368538461538461593e-02 -2.166307692307692032e-02 6.582307692307692859e-02 -2.629230769230771723e-03 2.607438461538461594e-01 -2.517538461538461683e-02 5.782923076923077166e-02 -1.772272727272727541e-02 -4.143909090909091847e-02
1.582199999999999995e-01 3.615909090909091156e-02 1.679590909090909190e-01 1.947636363636363888e-02 8.864307692307690778e-02 2.393146153846153756e-01 1.572292307692307600e-01 1.730230769230769669e-02 3.904461538461537901e-02 4.838153846153846194e-02 3.351923076923077338e-02 1.917946153846153967e-01 8.863076923076921437e-03 3.824769230769230199e-02 2.802769230769230902e-02 5.683615384615384181e-02 3.976230769230769402e-02 9.041615384615385442e-02 1.931166666666667142e-02 7.295333333333332837e-02 2.081530769230769129e-01 -2.311538461538461663e-03 1.127461538461538293e-01 5.586461538461537368e-02 5.419307692307692020e-02 0.000000000000000000e+00 2.028769230769230866e-02 1.043538461538461547e-02 9.673153846153846602e-02 2.864915384615384086e-01 2.416538461538460941e-02 -3.341538461538463064e-03 1.998030769230769166e-01 1.230146153846153750e-01 1.496384615384615917e-02 2.077384615384616010e-02 7.043846153846154007e-03 3.511538461538461775e-02 2.303969230769230547e-01 8.604615384615384166e-03 5.204153846153845853e-02 1.100815384615384668e-01 7.775999999999999579e-02 3.817153846153845814e-02 1.685061538461538333e-01 -1.250000000000000243e-03 2.044538461538461180e-02 6.487076923076923185e-02 4.885153846153845320e-02 2.703384615384615136e-02 4.219230769230770256e-02 2.611953846153846071e-01 4.552461538461537865e-02 2.285746153846154316e-01 5.720272727272726621e-02 1.913272727272727347e-02
-2.327599999999999947e-01 -3.865454545454544318e-03 -2.783181818181817979e-02 -2.913363636363636155e-02 -2.082723076923076733e-01 -8.451999999999999791e-02 -1.026776923076923309e-01 -2.810230769230769032e-02 -7.852307692307693154e-03 -2.810538461538461888e-02 -1.149846153846153900e-02 -1.271030769230769297e-01 -1.740307692307692389e-02 -8.076153846153845753e-03 -2.627923076923077000e-02 -3.116923076923077025e-03 -1.372461538461538372e-02 -2.277615384615384875e-02 -3.141750000000000098e-02 8.426666666666667374e-03 -8.320000000000002394e-02 -2.970538461538461267e-02 4.010769230769230947e-03 -1.853076923076922566e-03 -3.397153846153846274e-02 2.028769230769230866e-02 0.000000000000000000e+00 -2.306307692307692572e-02 -3.800230769230769634e-02 -1.397661538461538455e-01 -2.752076923076923060e-02 -3.168615384615384306e-02 -4.771692307692307344e-02 1.004461538461538274e-02 -2.185153846153846044e-02 -2.352461538461538340e-02 -2.662692307692307928e-02 -6.568461538461537776e-03 -1.114169230769230939e-01 -2.863153846153846174e-02 -3.855153846153846348e-02 -5.944846153846154030e-02 -8.013076923076923111e-03 -1.506923076923076706e-03 -5.070999999999999813e-02 -3.511538461538461081e-02 -1.639615384615384155e-02 9.913076923076923758e-03 -8.008461538461537216e-03 -2.058384615384615396e-02 -9.040769230769230697e-03 -1.575169230769230821e-01 -8.225384615384615308e-03 -6.883999999999999841e-02 -2.208545454545454353e-02 -3.938909090909090832e-02
