0.000000000000000000e+00 2.206799999999999873e-01 -1.354499999999999871e-01 5.838999999999999746e-02 2.722100000000000075e-01 7.378599999999999604e-01 2.722100000000000075e-01 -9.955999999999999572e-02 5.113000000000000184e-02 5.838999999999999746e-02 2.206799999999999873e-01 2.722100000000000075e-01 5.838999999999999746e-02 5.113000000000000184e-02 2.242300000000000126e-01 2.206799999999999873e-01 2.206799999999999873e-01 2.206799999999999873e-01 2.242300000000000126e-01 5.856000000000000094e-02 6.243699999999999806e-01 -1.553999999999999999e-02 5.856000000000000094e-02 5.856000000000000094e-02 2.206799999999999873e-01 5.856000000000000094e-02 2.242300000000000126e-01 5.838999999999999746e-02 6.243699999999999806e-01 3.038500000000000090e-01 5.838999999999999746e-02 -7.137000000000000288e-02 -1.354499999999999871e-01 5.856000000000000094e-02 -9.955999999999999572e-02 -1.553999999999999999e-02 -9.955999999999999572e-02 5.113000000000000184e-02 6.243699999999999806e-01 -1.553999999999999999e-02 5.113000000000000184e-02 2.242300000000000126e-01 -8.500400000000000178e-01 2.206799999999999873e-01 -1.354499999999999871e-01 -1.553999999999999999e-02 -1.553999999999999999e-02 5.856000000000000094e-02 2.206799999999999873e-01 5.838999999999999746e-02 2.206799999999999873e-01 3.038500000000000090e-01 2.206799999999999873e-01 6.243699999999999806e-01 2.206799999999999873e-01 2.242300000000000126e-01
2.206799999999999873e-01 0.000000000000000000e+00 -2.663490909090909242e-01 4.060309090909089980e-01 2.444227272727272360e-01 1.791418181818181798e-01 2.274199999999999833e-01 3.696090909090909427e-01 1.807781818181818378e-01 2.547009090909090889e-01 2.819327272727272793e-01 1.488127272727272910e-01 2.743699999999999473e-01 1.807781818181818378e-01 1.749381818181818260e-01 2.424881818181818249e-01 2.921872727272726844e-01 2.913645454545454871e-01 3.652520000000000211e-01 5.750900000000001150e-02 1.677536363636363825e-01 1.528981818181818220e-01 1.197936363636363660e-01 6.315363636363635624e-02 3.150927272727272466e-01 5.837272727272727058e-02 1.622500000000000053e-01 3.979127272727271958e-01 1.134318181818181753e-01 1.422063636363636308e-01 3.924472727272727002e-01 2.968845454545455120e-01 -2.731109090909091264e-01 7.338818181818182462e-02 3.080981818181818266e-01 1.531318181818181745e-01 3.013190909090909253e-01 1.736345454545454581e-01 1.742990909090909313e-01 1.922527272727272418e-01 1.742499999999999882e-01 1.480763636363636448e-01 -8.003181818181817619e-02 2.128245454545454329e-01 -2.522899999999999587e-01 1.476463636363636589e-01 1.584863636363636474e-01 5.879000000000000198e-02 3.537463636363636366e-01 3.524845454545454948e-01 3.402163636363635946e-01 1.800500000000000156e-01 3.143190909090909368e-01 1.928399999999999836e-01 3.539466666666666317e-01 1.521622222222221987e-01
-1.354499999999999871e-01 -2.663490909090909242e-01 0.000000000000000000e+00 -4.821854545454545282e-01 2.810927272727273274e-01 3.531099999999999794e-01 3.414590909090908788e-01 -4.245254545454545947e-01 9.180909090909090270e-03 -2.450245454545454393e-01 -2.632781818181818556e-01 -6.101818181818180475e-03 -2.468972727272727152e-01 9.180909090909090270e-03 -4.206127272727273603e-01 -3.483581818181817891e-01 -2.038527272727272688e-01 -2.523454545454545395e-01 -5.196339999999999293e-01 1.390329999999999899e-01 2.907772727272727176e-01 -3.377663636363636424e-01 1.778345454545454396e-01 -4.750727272727272438e-02 -1.916563636363635692e-01 1.810509090909090679e-01 -3.697145454545454624e-01 -5.325836363636363702e-01 -1.747281818181818103e-01 -1.060709090909090907e-01 -4.522018181818181493e-01 -5.667718181818180989e-01 -3.924245454545454703e-01 2.024645454545454804e-01 -3.748745454545455158e-01 -2.901527272727272844e-01 -3.809100000000000263e-01 -4.743272727272726530e-02 3.276036363636363746e-01 -3.597545454545454935e-01 4.792454545454545578e-02 -1.286527272727272797e-01 -8.888872727272724150e-01 -8.406636363636364739e-02 -3.146181818181817968e-01 -3.944072727272727175e-01 -2.808772727272727532e-01 9.417909090909089287e-02 -2.901881818181817896e-01 -4.946245454545454834e-01 -3.391163636363636047e-01 -4.754818181818181583e-02 -3.152263636363636379e-01 2.674499999999999655e-01 -3.667199999999999904e-01 -4.666699999999999737e-01
5.838999999999999746e-02 4.060309090909089980e-01 -4.821854545454545282e-01 0.000000000000000000e+00 4.413909090909091254e-02 8.143545454545454698e-02 9.897727272727273318e-02 4.473172727272727300e-01 2.725181818181818261e-01 3.681118181818181512e-01 4.480890909090909369e-01 -1.426127272727272521e-01 3.292909090909091341e-01 2.725181818181818261e-01 8.720690909090909049e-01 3.112009090909090836e-01 3.465600000000000347e-01 4.137590909090909097e-01 4.314069999999999849e-01 7.534399999999999431e-02 7.267363636363635693e-02 7.485036363636363710e-01 1.449427272727272786e-01 3.072427272727272785e-01 3.505499999999999727e-01 1.175327272727272887e-01 8.566863636363636347e-01 4.237372727272727402e-01 3.890581818181818585e-01 -2.342081818181817876e-01 4.473454545454546016e-01 4.870381818181818701e-01 -5.040754545454545488e-01 1.135400000000000159e-01 4.398290909090908918e-01 6.116790909090908945e-01 4.434863636363636785e-01 2.583327272727272694e-01 2.969000000000000458e-02 6.996872727272727133e-01 2.503518181818181754e-01 5.477154545454546719e-01 -5.399199999999999555e-01 3.097436363636363876e-01 -4.262690909090908753e-01 7.684318181818181603e-01 5.088263636363636877e-01 1.120999999999999913e-01 4.573554545454545095e-01 3.147909090909090657e-01 4.136827272727272575e-01 -1.841609090909090696e-01 4.323172727272726612e-01 1.018972727272727252e-01 4.542755555555555436e-01 9.790777777777778246e-01
2.722100000000000075e-01 2.444227272727272360e-01 2.810927272727273274e-01 4.413909090909091254e-02 0.000000000000000000e+00 4.371507692307692872e-01 3.411053846153846436e-01 1.121953846153846135e-01 1.851361538461538669e-01 1.662076923076923340e-01 2.285746153846153483e-01 2.351346153846153864e-01 2.054346153846153544e-01 1.726153846153845872e-01 1.282738461538461550e-01 2.433515384615385080e-01 2.608584615384615391e-01 2.843838461538461537e-01 8.062416666666666343e-02 2.586841666666667705e-01 3.616999999999999660e-01 2.312215384615384506e-01 2.582661538461538120e-01 2.010269230769230475e-01 2.591007692307692456e-01 2.293846153846154645e-01 1.336330769230769377e-01 5.404769230769230354e-02 2.340338461538462034e-01 2.427038461538461589e-01 3.387153846153845987e-02 1.030461538461538568e-01 3.101615384615384330e-01 2.545000000000000595e-01 1.862407692307692375e-01 1.770376923076923403e-01 1.752346153846153776e-01 1.707230769230768663e-01 3.787223076923077469e-01 2.277623076923077083e-01 2.013746153846153741e-01 2.243915384615384478e-01 6.609453846153845458e-01 2.424769230769230621e-01 3.032223076923077354e-01 2.272076923076923327e-01 2.054184615384614943e-01 2.431692307692308319e-01 2.371761538461538976e-01 1.088469230769230633e-01 2.275438461538461798e-01 2.700653846153846516e-01 2.318976923076923602e-01 3.471407692307693083e-01 2.524109090909090747e-01 1.508354545454545503e-01
7.378599999999999604e-01 1.791418181818181798e-01 3.531099999999999794e-01 8.143545454545454698e-02 4.371507692307692872e-01 0.000000000000000000e+00 6.433992307692307788e-01 9.343769230769230494e-02 1.953976923076923000e-01 2.019976923076923225e-01 1.688346153846153885e-01 2.714184615384615529e-01 1.578423076923076984e-01 1.745923076923076855e-01 1.535253846153846469e-01 2.385038461538461219e-01 2.399284615384615627e-01 2.472961538461538322e-01 1.319308333333333305e-01 2.390558333333333285e-01 6.439207692307692410e-01 1.946023076923076855e-01 3.000592307692308003e-01 2.113599999999999646e-01 3.053438461538461324e-01 2.057684615384614835e-01 1.618484615384615521e-01 9.832461538461537143e-02 2.226799999999999613e-01 2.349053846153846548e-01 1.403638461538461724e-01 1.407730769230769452e-01 3.934176923076923016e-01 2.658030769230768642e-01 1.136700000000000071e-01 1.733876923076923260e-01 7.889615384615386584e-02 1.857192307692307476e-01 6.800038461538461254e-01 1.905869230769230427e-01 2.271776923076923027e-01 3.833961538461538310e-01 7.671669230769230241e-01 2.060076923076923083e-01 2.904761538461538284e-01 2.022230769230768943e-01 1.989599999999999980e-01 2.332076923076922825e-01 2.210499999999999965e-01 1.885661538461538556e-01 2.255392307692307696e-01 2.656053846153846321e-01 2.186192307692307601e-01 6.401930769230769203e-01 1.971400000000000097e-01 1.688600000000000101e-01
2.722100000000000075e-01 2.274199999999999833e-01 3.414590909090908788e-01 9.897727272727273318e-02 3.411053846153846436e-01 6.433992307692307788e-01 0.000000000000000000e+00 1.731723076923077087e-01 1.730584615384614944e-01 2.201800000000000146e-01 1.962546153846153885e-01 3.186584615384615016e-01 2.286330769230769389e-01 1.761553846153846026e-01 1.327853846153846384e-01 2.420215384615384269e-01 2.414423076923076505e-01 2.047730769230769465e-01 1.956608333333333116e-01 2.035325000000000328e-01 5.882207692307693803e-01 2.464069230769230789e-01 3.037707692307692886e-01 2.698076923076923039e-01 3.473161538461538300e-01 1.729776923076923045e-01 2.165338461538461601e-01 1.004215384615384649e-01 1.177807692307692444e-01 2.409223076923076856e-01 1.578261538461538105e-01 2.134107692307692372e-01 3.585084615384614981e-01 2.362884615384615583e-01 2.193376923076923446e-01 2.565415384615384320e-01 1.768730769230769106e-01 1.943269230769230915e-01 5.833192307692307566e-01 2.599876923076923085e-01 1.799761538461538135e-01 3.755623076923076953e-01 5.500169230769231810e-01 2.357876923076923092e-01 2.008099999999999885e-01 2.525700000000000167e-01 2.539446153846153797e-01 2.615030769230769492e-01 2.245676923076923015e-01 2.443123076923076620e-01 2.298815384615384150e-01 2.568007692307692214e-01 2.221369230769230652e-01 5.410269230769231275e-01 2.479409090909090729e-01 2.376627272727273033e-01
-9.955999999999999572e-02 3.696090909090909427e-01 -4.245254545454545947e-01 4.473172727272727300e-01 1.121953846153846135e-01 9.343769230769230494e-02 1.731723076923077087e-01 0.000000000000000000e+00 2.425315384615384651e-01 3.414992307692307771e-01 3.305507692307691481e-01 -2.732615384615382989e-02 3.591484615384615831e-01 2.114099999999999868e-01 5.809130769230770319e-01 2.873030769230769388e-01 2.857223076923077199e-01 3.301269230769229845e-01 3.689350000000000129e-01 3.924000000000000404e-02 8.931076923076922136e-02 5.447807692307692351e-01 1.332607692307692382e-01 1.802446153846153643e-01 3.183484615384614691e-01 5.883076923076922815e-02 6.117838461538461781e-01 4.100915384615385073e-01 2.308869230769231007e-01 -8.340846153846152855e-02 4.556884615384615977e-01 4.102938461538461756e-01 -3.905115384615384655e-01 5.934615384615384015e-02 4.916153846153846207e-01 4.238300000000000400e-01 5.030230769230767951e-01 1.876515384615384252e-01 6.164846153846154780e-02 4.829630769230769394e-01 2.137976923076922720e-01 3.873576923076923473e-01 -4.477523076923076162e-01 3.008261538461538542e-01 -4.393900000000000583e-01 5.056853846153847032e-01 3.509284615384616335e-01 1.357092307692307487e-01 3.898330769230768378e-01 3.368907692307692159e-01 3.508492307692308021e-01 -4.657461538461538098e-02 3.776253846153845850e-01 5.244923076923075494e-02 4.015181818181817741e-01 6.030363636363637037e-01
5.113000000000000184e-02 1.807781818181818378e-01 9.180909090909090270e-03 2.725181818181818261e-01 1.851361538461538669e-01 1.953976923076923000e-01 1.730584615384614944e-01 2.425315384615384651e-01 0.000000000000000000e+00 1.727069230769230912e-01 1.793507692307692580e-01 2.768930769230768529e-01 1.916638461538461846e-01 9.167692307692312456e-03 1.036884615384615349e-01 1.811615384615384849e-01 1.835461538461538311e-01 1.739099999999999813e-01 2.693758333333333144e-01 -4.055833333333330563e-03 1.833799999999999875e-01 2.250146153846153962e-01 4.660692307692308051e-02 2.939692307692308090e-02 2.128161538461538493e-01 2.003076923076929465e-03 1.409284615384615580e-01 2.285876923076922973e-01 2.311384615384615496e-02 2.589299999999999935e-01 2.839207692307691988e-01 1.378807692307691957e-01 2.631769230769231277e-02 1.985538461538462196e-02 1.810000000000000220e-01 1.573169230769230764e-01 1.606492307692307664e-01 7.015384615384650299e-04 1.993323076923076975e-01 2.111730769230768801e-01 1.440230769230769689e-02 1.383376923076923004e-01 7.556307692307689949e-02 1.428223076923076929e-01 -3.675384615384615083e-02 2.087953846153846049e-01 1.755369230769230626e-01 3.113769230769230720e-02 2.392930769230769139e-01 2.762199999999999656e-01 2.161792307692307347e-01 2.674269230769230621e-01 2.059315384615384437e-01 1.650823076923076949e-01 2.047381818181818192e-01 1.026336363636363713e-01
5.838999999999999746e-02 2.547009090909090889e-01 -2.450245454545454393e-01 3.681118181818181512e-01 1.662076923076923340e-01 2.019976923076923225e-01 2.201800000000000146e-01 3.414992307692307771e-01 1.727069230769230912e-01 0.000000000000000000e+00 2.625130769230769046e-01 1.312869230769230788e-01 2.654992307692307651e-01 1.420307692307692105e-01 2.994600000000000595e-01 2.139515384615384985e-01 2.897207692307692262e-01 2.079369230769231303e-01 3.451666666666666217e-01 6.919166666666666521e-02 1.897684615384615803e-01 3.407723076923077077e-01 1.359576923076923072e-01 2.536499999999999866e-01 3.494084615384615011e-01 6.218076923076922002e-02 3.581738461538462870e-01 2.790823076923076851e-01 4.659538461538462878e-02 2.466153846153849687e-03 4.079530769230769183e-01 3.263176923076923641e-01 -2.215507692307691900e-01 8.009307692307691962e-02 2.967707692307691714e-01 3.763315384615384951e-01 3.570084615384614413e-01 2.045892307692307732e-01 1.301992307692307616e-01 3.897592307692308022e-01 1.406661538461538297e-01 2.573084615384615415e-01 -2.532861538461538276e-01 2.781630769230769018e-01 -2.371846153846153549e-01 3.561638461538461642e-01 4.280238461538461436e-01 1.331846153846153735e-01 3.032930769230769430e-01 2.634246153846154237e-01 2.590338461538461701e-01 2.294230769230769934e-02 2.843600000000000017e-01 1.064500000000000030e-01 3.074736363636363934e-01 4.856745454545455254e-01
2.206799999999999873e-01 2.819327272727272793e-01 -2.632781818181818556e-01 4.480890909090909369e-01 2.285746153846153483e-01 1.688346153846153885e-01 1.962546153846153885e-01 3.305507692307691481e-01 1.793507692307692580e-01 2.625130769230769046e-01 0.000000000000000000e+00 1.567546153846154089e-01 2.287499999999999534e-01 1.389538461538461778e-01 1.602076923076922732e-01 2.257792307692307321e-01 2.190315384615384997e-01 2.763876923076922787e-01 3.460524999999999296e-01 3.151916666666667449e-02 1.529838461538461647e-01 1.584223076923077234e-01 1.289915384615384353e-01 7.096076923076924392e-02 2.655592307692308252e-01 3.934307692307692506e-02 1.761461538461538412e-01 3.415153846153846096e-01 1.309753846153846046e-01 1.544923076923076788e-01 4.016884615384616053e-01 2.660869230769231097e-01 -1.944369230769230905e-01 7.678769230769230680e-02 2.782715384615384591e-01 1.777346153846154353e-01 2.897776923076922917e-01 1.617776923076923168e-01 1.699938461538461343e-01 2.063746153846154063e-01 1.879607692307692091e-01 1.526915384615384619e-01 -7.587076923076922774e-02 1.743669230769230860e-01 -2.095123076923077199e-01 1.639953846153846262e-01 1.686184615384615504e-01 1.042184615384615237e-01 3.160669230769230231e-01 3.306369230769231060e-01 2.488084615384615339e-01 1.767861538461538151e-01 2.938415384615384318e-01 9.921999999999998876e-02 2.984718181818181715e-01 1.494281818181817933e-01
2.722100000000000075e-01 1.488127272727272910e-01 -6.101818181818180475e-03 -1.426127272727272521e-01 2.351346153846153864e-01 2.714184615384615529e-01 3.186584615384615016e-01 -2.732615384615382989e-02 2.768930769230768529e-01 1.312869230769230788e-01 1.567546153846154089e-01 0.000000000000000000e+00 1.229830769230769311e-01 2.466623076923076530e-01 -3.414692307692307471e-02 2.088238461538461377e-01 2.403323076923076784e-01 1.248484615384615470e-01 -6.597583333333334465e-02 2.587966666666666193e-01 2.401992307692307760e-01 8.782923076923077055e-02 2.658030769230769197e-01 3.159930769230769321e-01 2.793930769230769662e-01 2.107907692307692260e-01 8.899461538461538035e-02 -6.610076923076922684e-02 1.097692307692309764e-02 3.038253846153845528e-01 5.673846153846162123e-03 9.382769230769230639e-02 -1.978307692307692059e-02 2.253699999999999870e-01 1.614700000000000302e-01 1.992192307692307873e-01 1.517161538461538617e-01 2.659799999999999942e-01 2.167846153846154089e-01 2.016869230769230692e-01 2.246323076923076867e-01 2.025246153846153585e-01 2.974107692307691453e-01 2.134999999999999953e-01 -8.181307692307691892e-02 1.640584615384615419e-01 2.609746153846153605e-01 3.277200000000000113e-01 1.987600000000000200e-01 -4.016692307692305841e-02 2.079307692307692246e-01 3.019807692307693303e-01 1.934815384615384548e-01 2.104546153846153511e-01 1.963327272727272976e-01 1.590790909090909200e-01
5.838999999999999746e-02 2.743699999999999473e-01 -2.468972727272727152e-01 3.292909090909091341e-01 2.054346153846153544e-01 1.578423076923076984e-01 2.286330769230769389e-01 3.591484615384615831e-01 1.916638461538461846e-01 2.654992307692307651e-01 2.287499999999999534e-01 1.229830769230769311e-01 0.000000000000000000e+00 1.605423076923077064e-01 2.736584615384615171e-01 2.132023076923076910e-01 2.693969230769229783e-01 1.893453846153846376e-01 3.949691666666667600e-01 5.935749999999998666e-02 1.342946153846154012e-01 2.888076923076923763e-01 9.219615384615384435e-02 1.713623076923077027e-01 2.782284615384615356e-01 2.745615384615384888e-02 3.850146153846153441e-01 3.051053846153846116e-01 5.544076923076925179e-02 2.977307692307692294e-02 3.219230769230769784e-01 3.349576923076922896e-01 -1.668792307692307519e-01 4.041923076923075592e-02 3.291499999999999981e-01 3.235084615384615225e-01 3.552415384615384419e-01 1.854238461538461613e-01 1.213915384615384674e-01 3.070776923076922738e-01 1.713407692307692409e-01 2.080784615384614900e-01 -1.839253846153846017e-01 2.067400000000000349e-01 -2.649799999999999933e-01 2.908607692307692560e-01 2.987776923076922442e-01 9.406307692307692980e-02 2.686592307692307613e-01 3.065961538461538516e-01 2.958953846153846157e-01 6.082384615384615889e-02 2.633807692307692516e-01 1.090223076923077100e-01 3.262054545454545207e-01 4.192700000000000315e-01
5.113000000000000184e-02 1.807781818181818378e-01 9.180909090909090270e-03 2.725181818181818261e-01 1.726153846153845872e-01 1.745923076923076855e-01 1.761553846153846026e-01 2.114099999999999868e-01 9.167692307692312456e-03 1.420307692307692105e-01 1.389538461538461778e-01 2.466623076923076530e-01 1.605423076923077064e-01 0.000000000000000000e+00 9.227615384615382721e-02 1.517769230769230870e-01 1.541615384615384887e-01 1.743176923076923124e-01 2.366258333333333130e-01 -1.641916666666666524e-02 1.766876923076923234e-01 2.183223076923077044e-01 6.348076923076922951e-02 2.160153846153846369e-02 1.894353846153846443e-01 -9.409230769230763486e-03 1.219153846153846199e-01 2.077661538461538226e-01 7.969846153846152359e-02 2.839038461538461178e-01 2.649076923076922885e-01 1.184223076923076601e-01 5.129153846153845786e-02 1.435307692307692500e-02 1.503238461538461412e-01 1.495215384615384280e-01 1.295276923076922881e-01 -1.398076923076922891e-02 1.865169230769230246e-01 2.127915384615384764e-01 1.586923076923079734e-03 1.399561538461538412e-01 1.148046153846153383e-01 1.247838461538461619e-01 1.983076923076923168e-02 2.198276923076923350e-01 1.677415384615384419e-01 4.217000000000000609e-02 2.099084615384615438e-01 2.459892307692307656e-01 1.867946153846153645e-01 2.924007692307691864e-01 1.765469230769231013e-01 1.536699999999999733e-01 1.947254545454545349e-01 9.342090909090909612e-02
2.242300000000000126e-01 1.749381818181818260e-01 -4.206127272727273603e-01 8.720690909090909049e-01 1.282738461538461550e-01 1.535253846153846469e-01 1.327853846153846384e-01 5.809130769230770319e-01 1.036884615384615349e-01 2.994600000000000595e-01 1.602076923076922732e-01 -3.414692307692307471e-02 2.736584615384615171e-01 9.227615384615382721e-02 0.000000000000000000e+00 8.799307692307693773e-02 1.266215384615384520e-01 1.728269230769230724e-01 6.575108333333333777e-01 -2.692583333333333287e-02 1.116023076923077090e-01 2.244261538461538585e-01 2.488384615384615223e-02 3.692769230769230027e-02 1.379107692307692534e-01 -2.654307692307692618e-02 3.270723076923077177e-01 6.224715384615383540e-01 1.680884615384615477e-01 -2.958769230769231137e-02 7.313630769230768935e-01 3.912800000000000167e-01 -3.102892307692307616e-01 9.069230769230765196e-03 2.144215384615384135e-01 2.588476923076923897e-01 2.423284615384614926e-01 8.549692307692305371e-02 1.427384615384615363e-01 1.889292307692307937e-01 1.470230769230768952e-01 1.962569230769231343e-01 -2.739792307692308082e-01 9.849538461538462353e-02 -2.853353846153846574e-01 1.866253846153846652e-01 1.627884615384615763e-01 -3.250538461538461654e-02 1.773346153846153961e-01 6.437546153846152031e-01 1.608369230769230995e-01 1.032846153846153810e-02 1.584015384615384547e-01 1.267138461538461491e-01 1.670072727272727264e-01 3.384900000000000686e-01
2.206799999999999873e-01 2.424881818181818249e-01 -3.483581818181817891e-01 3.112009090909090836e-01 2.433515384615385080e-01 2.385038461538461219e-01 2.420215384615384269e-01 2.873030769230769388e-01 1.811615384615384849e-01 2.139515384615384985e-01 2.257792307692307321e-01 2.088238461538461377e-01 2.132023076923076910e-01 1.517769230769230870e-01 8.799307692307693773e-02 0.000000000000000000e+00 2.416030769230769204e-01 2.937123076923076614e-01 4.031299999999999328e-01 4.905916666666667453e-02 1.621230769230769253e-01 1.390284615384615452e-01 8.707384615384615445e-02 2.574461538461538662e-02 3.297261538461538355e-01 2.642153846153846158e-02 1.503238461538461412e-01 2.788523076923076771e-01 4.218999999999999834e-02 1.266869230769230859e-01 3.008353846153846711e-01 2.603661538461538028e-01 -2.444523076923076632e-01 5.724615384615384245e-02 2.467299999999999494e-01 9.983153846153845767e-02 2.191176923076922911e-01 1.656038461538461570e-01 2.043607692307692347e-01 1.478330769230769004e-01 1.861330769230769566e-01 1.056199999999999778e-01 -1.876484615384615140e-01 1.807107692307692304e-01 -3.386192307692307835e-01 1.184761538461538283e-01 1.218084615384615182e-01 8.731769230769230450e-02 2.889546153846153653e-01 3.775269230769230377e-01 2.672530769230768710e-01 1.531076923076923335e-01 2.836761538461538001e-01 1.602061538461538592e-01 2.933854545454545604e-01 9.301727272727272622e-02
2.206799999999999873e-01 2.921872727272726844e-01 -2.038527272727272688e-01 3.465600000000000347e-01 2.608584615384615391e-01 2.399284615384615627e-01 2.414423076923076505e-01 2.857223076923077199e-01 1.835461538461538311e-01 2.897207692307692262e-01 2.190315384615384997e-01 2.403323076923076784e-01 2.693969230769229783e-01 1.541615384615384887e-01 1.266215384615384520e-01 2.416030769230769204e-01 0.000000000000000000e+00 2.343584615384614878e-01 3.473249999999999393e-01 5.665083333333334470e-02 2.038723076923076860e-01 1.391530769230769349e-01 8.349999999999999090e-02 9.094615384615384324e-02 2.964930769230769148e-01 2.826153846153845600e-02 1.512346153846153840e-01 2.989315384615384152e-01 -2.587692307692307774e-03 1.871207692307692849e-01 3.238761538461538136e-01 2.605923076923076787e-01 -1.256399999999999462e-01 5.367230769230769277e-02 2.774084615384614927e-01 1.253123076923076951e-01 2.446984615384615591e-01 1.600430769230769268e-01 2.136223076923077224e-01 1.537823076923076904e-01 1.672399999999999998e-01 1.611323076923076580e-01 -3.939076923076924308e-02 2.175753846153845594e-01 -2.338430769230768758e-01 1.385692307692307501e-01 1.458146153846153759e-01 8.037923076923075838e-02 2.870723076923076267e-01 3.263499999999999734e-01 3.242961538461538451e-01 2.074153846153846681e-01 2.970969230769230363e-01 2.084284615384615624e-01 2.980272727272726963e-01 1.059027272727272734e-01
2.206799999999999873e-01 2.913645454545454871e-01 -2.523454545454545395e-01 4.137590909090909097e-01 2.843838461538461537e-01 2.472961538461538322e-01 2.047730769230769465e-01 3.301269230769229845e-01 1.739099999999999813e-01 2.079369230769231303e-01 2.763876923076922787e-01 1.248484615384615470e-01 1.893453846153846376e-01 1.743176923076923124e-01 1.728269230769230724e-01 2.937123076923076614e-01 2.343584615384614878e-01 0.000000000000000000e+00 3.221608333333332852e-01 7.545666666666667188e-02 1.510269230769230864e-01 1.567330769230769194e-01 1.603215384615384598e-01 4.727769230769230530e-02 2.855961538461538884e-01 1.066661538461538411e-01 1.242984615384615382e-01 3.426484615384615129e-01 2.375899999999999679e-01 1.571400000000000297e-01 3.395746153846153637e-01 2.561546153846153695e-01 -2.013069230769230500e-01 1.719530769230769307e-01 2.351346153846153586e-01 1.544330769230769507e-01 2.280169230769230615e-01 1.549184615384615604e-01 2.178753846153846374e-01 1.858753846153846367e-01 2.284484615384615447e-01 1.270761538461538387e-01 3.628461538461538738e-02 2.063215384615384451e-01 -1.084692307692307622e-01 1.374892307692307802e-01 1.400315384615384573e-01 8.668153846153846265e-02 3.283569230769230463e-01 3.567492307692307074e-01 2.619469230769230217e-01 1.816223076923077218e-01 3.071707692307691917e-01 1.769738461538461205e-01 3.556618181818181901e-01 1.252227272727272911e-01
2.242300000000000126e-01 3.652520000000000211e-01 -5.196339999999999293e-01 4.314069999999999849e-01 8.062416666666666343e-02 1.319308333333333305e-01 1.956608333333333116e-01 3.689350000000000129e-01 2.693758333333333144e-01 3.451666666666666217e-01 3.460524999999999296e-01 -6.597583333333334465e-02 3.949691666666667600e-01 2.366258333333333130e-01 6.575108333333333777e-01 4.031299999999999328e-01 3.473249999999999393e-01 3.221608333333332852e-01 0.000000000000000000e+00 7.974166666666666903e-02 1.057274999999999882e-01 6.247666666666665813e-01 1.155666666666666509e-01 3.668358333333333055e-01 4.297191666666666521e-01 4.765916666666666912e-02 8.200975000000001458e-01 4.031416666666666759e-01 2.880641666666667322e-01 -2.247949999999999948e-01 4.857641666666667191e-01 5.194174999999999764e-01 -4.488666666666666916e-01 4.399916666666667253e-02 3.958708333333333385e-01 6.014691666666667214e-01 3.899274999999999824e-01 2.965908333333333036e-01 6.157416666666667288e-02 6.695524999999999949e-01 1.939725000000000199e-01 5.315266666666665918e-01 -5.490575000000000871e-01 2.635275000000000256e-01 -5.160658333333332237e-01 7.162600000000000078e-01 5.528441666666666920e-01 2.193616666666666770e-01 4.014049999999999563e-01 4.502358333333333351e-01 4.098058333333332581e-01 -1.768183333333332996e-01 3.956866666666665755e-01 1.115674999999999861e-01 4.083100000000000063e-01 9.384920000000001039e-01
5.856000000000000094e-02 5.750900000000001150e-02 1.390329999999999899e-01 7.534399999999999431e-02 2.586841666666667705e-01 2.390558333333333285e-01 2.035325000000000328e-01 3.924000000000000404e-02 -4.055833333333330563e-03 6.919166666666666521e-02 3.151916666666667449e-02 2.587966666666666193e-01 5.935749999999998666e-02 -1.641916666666666524e-02 -2.692583333333333287e-02 4.905916666666667453e-02 5.665083333333334470e-02 7.545666666666667188e-02 7.974166666666666903e-02 0.000000000000000000e+00 2.146958333333333080e-01 -2.577250000000000374e-02 3.862166666666667220e-02 4.935833333333334606e-03 5.405249999999999638e-02 2.006583333333333483e-02 -4.023583333333333178e-02 2.760166666666667365e-02 4.477833333333332971e-02 3.049283333333333013e-01 4.873416666666666869e-02 -5.923333333333332534e-02 1.917824999999999669e-01 3.951999999999999957e-02 3.307916666666666644e-02 -2.166916666666666991e-02 1.162500000000000165e-02 -1.766166666666666579e-02 2.522708333333333885e-01 -2.416500000000000592e-02 3.059750000000000317e-02 5.779416666666666730e-02 -1.126083333333333103e-02 3.764666666666666162e-02 1.338091666666666457e-01 -4.191083333333333466e-02 -1.592833333333333254e-02 2.552083333333332940e-02 3.651416666666666699e-02 1.032624999999999932e-01 4.650750000000000717e-02 3.096999999999999198e-01 4.737416666666668247e-02 2.074783333333333202e-01 4.480199999999999461e-02 -8.537999999999999756e-02
6.243699999999999806e-01 1.677536363636363825e-01 2.907772727272727176e-01 7.267363636363635693e-02 3.616999999999999660e-01 6.439207692307692410e-01 5.882207692307693803e-01 8.931076923076922136e-02 1.833799999999999875e-01 1.897684615384615803e-01 1.529838461538461647e-01 2.401992307692307760e-01 1.342946153846154012e-01 1.766876923076923234e-01 1.116023076923077090e-01 1.621230769230769253e-01 2.038723076923076860e-01 1.510269230769230864e-01 1.057274999999999882e-01 2.146958333333333080e-01 0.000000000000000000e+00 1.758846153846153615e-01 2.633823076923076933e-01 1.981861538461538175e-01 2.724138461538461176e-01 1.714376923076922632e-01 1.591646153846153766e-01 7.103692307692308083e-02 1.634007692307692661e-01 1.818115384615384411e-01 1.118061538461538329e-01 7.371153846153846723e-02 2.924576923076922519e-01 1.817315384615384166e-01 1.088084615384615345e-01 1.601938461538461589e-01 8.839230769230768670e-02 1.703699999999999937e-01 6.552376923076923543e-01 1.610815384615384704e-01 1.964692307692307294e-01 3.644061538461537131e-01 6.485661538461537923e-01 1.930300000000000071e-01 2.451676923076923087e-01 1.495684615384615390e-01 1.971769230769230830e-01 1.860899999999999777e-01 1.815700000000000369e-01 9.732307692307691493e-02 1.840830769230769604e-01 2.179115384615384343e-01 1.762915384615384717e-01 5.708553846153845424e-01 2.198054545454545539e-01 1.523818181818182016e-01
-1.553999999999999999e-02 1.528981818181818220e-01 -3.377663636363636424e-01 7.485036363636363710e-01 2.312215384615384506e-01 1.946023076923076855e-01 2.464069230769230789e-01 5.447807692307692351e-01 2.250146153846153962e-01 3.407723076923077077e-01 1.584223076923077234e-01 8.782923076923077055e-02 2.888076923076923763e-01 2.183223076923077044e-01 2.244261538461538585e-01 1.390284615384615452e-01 1.391530769230769349e-01 1.567330769230769194e-01 6.247666666666665813e-01 -2.577250000000000374e-02 1.758846153846153615e-01 0.000000000000000000e+00 6.399076923076922607e-02 2.910769230769230317e-02 2.026838461538461589e-01 -1.603923076923078131e-02 1.952130769230769336e-01 5.264692307692306894e-01 8.487769230769229289e-02 2.742153846153846247e-02 6.964761538461540225e-01 2.632061538461538674e-01 -2.673161538461538700e-01 -5.745384615384624416e-03 2.563300000000000023e-01 2.234761538461538799e-01 2.846069230769230907e-01 1.975992307692308325e-01 1.905107692307692058e-01 1.840738461538461435e-01 2.573438461538461453e-01 1.594376923076923080e-01 -9.307923076923080297e-02 1.165800000000000308e-01 -2.501746153846153842e-01 1.729976923076923245e-01 1.744869230769230950e-01 4.530769230769171596e-04 2.019715384615384801e-01 6.448576923076925205e-01 1.830100000000000338e-01 6.984692307692307034e-02 1.830384615384615388e-01 1.664353846153845962e-01 2.022599999999999953e-01 1.855227272727272836e-01
5.856000000000000094e-02 1.197936363636363660e-01 1.778345454545454396e-01 1.449427272727272786e-01 2.582661538461538120e-01 3.000592307692308003e-01 3.037707692307692886e-01 1.332607692307692382e-01 4.660692307692308051e-02 1.359576923076923072e-01 1.289915384615384353e-01 2.658030769230769197e-01 9.219615384615384435e-02 6.348076923076922951e-02 2.488384615384615223e-02 8.707384615384615445e-02 8.349999999999999090e-02 1.603215384615384598e-01 1.155666666666666509e-01 3.862166666666667220e-02 2.633823076923076933e-01 6.399076923076922607e-02 0.000000000000000000e+00 4.756230769230769539e-02 1.387376923076923396e-01 7.805384615384615421e-02 5.240000000000000213e-02 8.435461538461538900e-02 1.041246153846153988e-01 2.431930769230769007e-01 1.588761538461538614e-01 1.296615384615384947e-02 1.466499999999999748e-01 1.433407692307692161e-01 9.627846153846154886e-02 4.634846153846153977e-02 9.388230769230768158e-02 5.317846153846154250e-02 2.672823076923076524e-01 7.495076923076923747e-02 9.050461538461539168e-02 1.417638461538461569e-01 3.045461538461539594e-02 1.056876923076923158e-01 1.231869230769230550e-01 2.486769230769230593e-02 5.249461538461538263e-02 1.120215384615384641e-01 1.183346153846153992e-01 1.656661538461538519e-01 7.083307692307691528e-02 2.509015384615383981e-01 1.061269230769230770e-01 2.178676923076923455e-01 1.442490909090909101e-01 3.105636363636363889e-02
5.856000000000000094e-02 6.315363636363635624e-02 -4.750727272727272438e-02 3.072427272727272785e-01 2.010269230769230475e-01 2.113599999999999646e-01 2.698076923076923039e-01 1.802446153846153643e-01 2.939692307692308090e-02 2.536499999999999866e-01 7.096076923076924392e-02 3.159930769230769321e-01 1.713623076923077027e-01 2.160153846153846369e-02 3.692769230769230027e-02 2.574461538461538662e-02 9.094615384615384324e-02 4.727769230769230530e-02 3.668358333333333055e-01 4.935833333333334606e-03 1.981861538461538175e-01 2.910769230769230317e-02 4.756230769230769539e-02 0.000000000000000000e+00 1.611376923076922874e-01 -3.162615384615384551e-02 1.298930769230769167e-01 2.591053846153846818e-01 -1.219807692307692260e-01 1.392138461538461602e-01 3.521169230769230496e-01 1.149099999999999983e-01 -2.557999999999999163e-02 3.683076923076923463e-03 1.661346153846153806e-01 1.215376923076923049e-01 1.016669230769230853e-01 2.497538461538461804e-02 1.875407692307691776e-01 7.171538461538461140e-02 1.572076923076922914e-02 1.043799999999999867e-01 -1.627492307692307572e-01 6.918923076923076676e-02 -1.002253846153846051e-01 4.084538461538460979e-02 1.169353846153846077e-01 2.467692307692307546e-02 7.159000000000001473e-02 3.298030769230769210e-01 7.082692307692307898e-02 1.543746153846153601e-01 6.631153846153847731e-02 1.387115384615384694e-01 1.646072727272727410e-01 1.115554545454545410e-01
2.206799999999999873e-01 3.150927272727272466e-01 -1.916563636363635692e-01 3.505499999999999727e-01 2.591007692307692456e-01 3.053438461538461324e-01 3.473161538461538300e-01 3.183484615384614691e-01 2.128161538461538493e-01 3.494084615384615011e-01 2.655592307692308252e-01 2.793930769230769662e-01 2.782284615384615356e-01 1.894353846153846443e-01 1.379107692307692534e-01 3.297261538461538355e-01 2.964930769230769148e-01 2.855961538461538884e-01 4.297191666666666521e-01 5.405249999999999638e-02 2.724138461538461176e-01 2.026838461538461589e-01 1.387376923076923396e-01 1.611376923076922874e-01 0.000000000000000000e+00 4.379769230769230137e-02 2.588284615384615628e-01 3.101361538461538392e-01 7.081846153846152458e-02 1.405976923076923402e-01 3.487823076923077803e-01 3.501584615384615295e-01 -1.511507692307691997e-01 6.415538461538462800e-02 3.395961538461538254e-01 1.920961538461538609e-01 2.636861538461538479e-01 1.950584615384615694e-01 2.509099999999999664e-01 2.471415384615384681e-01 1.872199999999999975e-01 2.589253846153846128e-01 7.098153846153845703e-02 2.373215384615384171e-01 -2.565538461538460768e-01 2.001023076923076904e-01 2.458423076923076933e-01 1.432407692307692271e-01 3.135630769230769443e-01 4.550569230769231921e-01 3.018492307692307586e-01 1.562623076923077003e-01 3.235876923076922984e-01 2.142584615384615365e-01 3.779581818181818043e-01 2.163200000000000400e-01
5.856000000000000094e-02 5.837272727272727058e-02 1.810509090909090679e-01 1.175327272727272887e-01 2.293846153846154645e-01 2.057684615384614835e-01 1.729776923076923045e-01 5.883076923076922815e-02 2.003076923076929465e-03 6.218076923076922002e-02 3.934307692307692506e-02 2.107907692307692260e-01 2.745615384615384888e-02 -9.409230769230763486e-03 -2.654307692307692618e-02 2.642153846153846158e-02 2.826153846153845600e-02 1.066661538461538411e-01 4.765916666666666912e-02 2.006583333333333483e-02 1.714376923076922632e-01 -1.603923076923078131e-02 7.805384615384615421e-02 -3.162615384615384551e-02 4.379769230769230137e-02 0.000000000000000000e+00 -3.769230769230768469e-02 5.157538461538462016e-02 8.758230769230769541e-02 2.756084615384615244e-01 8.027923076923076939e-02 -9.440384615384612987e-02 1.534084615384614936e-01 7.888307692307691688e-02 3.309000000000000136e-02 -1.544307692307692395e-02 2.601384615384615823e-02 -4.934461538461538260e-02 2.234646153846153449e-01 -2.478538461538461538e-02 5.333692307692307344e-02 1.716615384615383794e-02 -9.533999999999998032e-02 7.312000000000000444e-02 1.631530769230768729e-01 -7.365615384615384342e-02 -4.439384615384615179e-02 3.343923076923077664e-02 6.309615384615385736e-02 8.486307692307691608e-02 1.559461538461538559e-02 2.833169230769230773e-01 5.088846153846154213e-02 1.586623076923076858e-01 4.342272727272727256e-02 -8.394636363636363841e-02
2.242300000000000126e-01 1.622500000000000053e-01 -3.697145454545454624e-01 8.566863636363636347e-01 1.336330769230769377e-01 1.618484615384615521e-01 2.165338461538461601e-01 6.117838461538461781e-01 1.409284615384615580e-01 3.581738461538462870e-01 1.761461538461538412e-01 8.899461538461538035e-02 3.850146153846153441e-01 1.219153846153846199e-01 3.270723076923077177e-01 1.503238461538461412e-01 1.512346153846153840e-01 1.242984615384615382e-01 8.200975000000001458e-01 -4.023583333333333178e-02 1.591646153846153766e-01 1.952130769230769336e-01 5.240000000000000213e-02 1.298930769230769167e-01 2.588284615384615628e-01 -3.769230769230768469e-02 0.000000000000000000e+00 7.040061538461538371e-01 5.312692307692305771e-02 -4.995230769230769169e-02 8.784938461538462917e-01 5.057861538461538853e-01 -3.445992307692308243e-01 -1.422307692307686481e-03 2.464446153846153453e-01 3.050976923076923475e-01 2.733738461538461340e-01 1.472961538461538544e-01 1.377146153846154075e-01 2.588938461538461411e-01 1.007038461538461577e-01 2.965476923076923454e-01 -2.602107692307692455e-01 1.267461538461538695e-01 -3.818415384615384545e-01 2.400461538461538258e-01 2.331938461538461960e-01 4.928461538461538505e-02 2.014807692307692411e-01 8.251084615384615129e-01 1.897946153846153949e-01 -1.438076923076922649e-02 1.681192307692307708e-01 1.292638461538461736e-01 1.849045454545454603e-01 4.284436363636363598e-01
5.838999999999999746e-02 3.979127272727271958e-01 -5.325836363636363702e-01 4.237372727272727402e-01 5.404769230769230354e-02 9.832461538461537143e-02 1.004215384615384649e-01 4.100915384615385073e-01 2.285876923076922973e-01 2.790823076923076851e-01 3.415153846153846096e-01 -6.610076923076922684e-02 3.051053846153846116e-01 2.077661538461538226e-01 6.224715384615383540e-01 2.788523076923076771e-01 2.989315384615384152e-01 3.426484615384615129e-01 4.031416666666666759e-01 2.760166666666667365e-02 7.103692307692308083e-02 5.264692307692306894e-01 8.435461538461538900e-02 2.591053846153846818e-01 3.101361538461538392e-01 5.157538461538462016e-02 7.040061538461538371e-01 0.000000000000000000e+00 2.726500000000000035e-01 -1.485261538461538633e-01 3.812476923076922875e-01 3.399461538461538423e-01 -4.657499999999999973e-01 5.599692307692308302e-02 3.807476923076923980e-01 4.914861538461537394e-01 3.775261538461539557e-01 1.819661538461538608e-01 4.140769230769230508e-02 5.616946153846154033e-01 1.938853846153845706e-01 4.390899999999999803e-01 -4.459615384615384093e-01 2.497946153846154482e-01 -4.371899999999999675e-01 5.332276923076922914e-01 4.650384615384615672e-01 1.062146153846153934e-01 4.033461538461538542e-01 2.980938461538461537e-01 3.677515384615384075e-01 -1.240738461538461457e-01 3.821599999999999442e-01 5.744846153846153158e-02 3.729109090909090707e-01 7.644118181818181368e-01
