0.000000000000000000e+00 -8.074307692307693129e-02 -3.034415384615384292e-01 4.952153846153847100e-02 -4.317284615384614499e-01 -2.342023076923077096e-01 -4.654123076923077362e-01 4.753615384615384604e-02 -2.577253846153846895e-01 -1.489838461538461611e-01 -2.344876923076923136e-01 -2.191007692307692656e-01 -2.255292307692307596e-01 -7.198923076923077757e-02 -3.221753846153845857e-01 -5.402461538461537927e-02 -2.982538461538461819e-02 -1.805307692307691128e-02 -3.460384615384615170e-01 -2.538207692307691832e-01 -1.776692307692306905e-02 -2.501576923076923031e-01 -2.883815384615384669e-01 -3.949538461538460998e-01 -1.836676923076923096e-01 -3.255584615384615743e-01 -1.108361538461538343e-01 -4.637769230769230033e-02 -4.907461538461539013e-02 -2.675661538461538980e-01 -3.569461538461537325e-02 3.647923076923077074e-02 -1.028007692307692234e-01 -1.622299999999999853e-01 -1.901153846153845819e-02 -1.739946153846153865e-01 -2.555515384615384966e-01 -1.005523076923076770e-01 -3.566453846153846419e-01 -1.506515384615384756e-01 -1.352838461538461434e-01 -1.933769230769230574e-01 -6.484615384615385891e-02 -7.666769230769231169e-02 -2.685707692307692240e-01 -2.491707692307691957e-01 -5.583076923076922549e-02 -1.966061538461538194e-01 -3.014761538461537826e-01 -1.155815384615384300e-01 -1.987615384615383854e-02 3.911538461538473233e-03 -1.242899999999999838e-01 -1.836676923076923096e-01 -4.907461538461539013e-02 -1.569446153846154046e-01 -2.414153846153846150e-01 -4.037746153846153430e-01 -3.281100000000000128e-01 -1.226799999999999974e-01 -1.955530769230769406e-01 -1.616692307692306485e-02 -2.477515384615384675e-01 -9.075583333333332725e-02 -1.367849999999999899e-01 -1.268876923076922847e-01 1.539692307692307714e-02 -1.552361538461538293e-01 -1.887818181818181895e-01 -1.459280000000000022e-01 -3.152692307692307461e-01 -2.868453846153845577e-01 -1.836676923076923096e-01 -4.784284615384615247e-01 -2.376092307692307670e-01 -4.830538461538461115e-02 -1.177084615384615257e-01 -2.132246153846154013e-01 -2.776184615384615362e-01 -3.633461538461539575e-02 -1.571984615384615369e-01 -2.441853846153846375e-01 -1.953461538461538638e-01 1.318538461538461097e-02 -2.059792307692307756e-01 -2.426999999999999991e-01 -9.978384615384615353e-02 -3.031933333333333147e-01 -1.662166666666667000e-02 -3.474775000000001057e-01 -2.793749999999999012e-02 -1.306116666666666259e-01 -1.565241666666666587e-01 -3.130950000000000122e-01 -2.225876923076922642e-01 2.455076923076924753e-02 -2.780446153846153345e-01 -8.485615384615384504e-02 -4.333384615384613947e-02 -1.654076923076923389e-01 -2.992123076923076663e-01 -1.285216666666666729e-01 -5.042666666666666825e-02 1.373416666666666709e-02 -1.065891666666666654e-01 -1.636775000000000035e-01 -4.836833333333332569e-02 -2.802225000000000410e-01 -4.219833333333333075e-02 -1.413174999999999848e-01 -2.263658333333333494e-01 -8.264499999999999624e-02 -4.933566666666666656e-01 -5.992333333333332845e-02 -3.837691666666667167e-01 -4.070166666666666377e-02 -4.163872727272727170e-01 -2.753899999999999057e-02
-8.074307692307693129e-02 0.000000000000000000e+00 -2.759614285714285242e-01 4.553007142857142808e-01 -3.158999999999999586e-01 -3.337778571428571261e-01 -2.783142857142857363e-01 3.819678571428571368e-01 9.517714285714283518e-02 1.658799999999999997e-01 -3.525164285714285639e-01 -2.353571428571428481e-01 -2.971271428571428674e-01 4.061149999999999483e-01 -2.512749999999999706e-01 3.498407142857142271e-01 1.829107142857142876e-01 1.066671428571428631e-01 -2.998664285714284783e-01 -2.401264285714285740e-01 5.557142857142857162e-01 -5.050785714285713768e-01 -5.074128571428572210e-01 -3.871642857142857386e-01 5.780000000000003017e-03 -3.529678571428571110e-01 -2.018578571428571444e-01 5.288757142857142268e-01 5.199964285714284706e-01 -3.988921428571429173e-01 -2.534785714285711991e-02 3.744285714285713884e-01 2.773921428571429204e-01 -1.629235714285714176e-01 3.209242857142857730e-01 1.908499999999996311e-02 -2.369242857142856984e-01 -3.118914285714285972e-01 -2.534242857142857130e-01 -2.477114285714285824e-01 -1.443828571428571461e-01 -1.798521428571428216e-01 5.467071428571428082e-02 4.761921428571427861e-01 -2.436471428571428677e-01 -2.291350000000000331e-01 5.058842857142856753e-01 2.705714285714286640e-02 -4.143557142857142717e-01 3.008721428571428658e-01 2.391757142857142970e-01 1.229549999999999949e-01 -1.046999999999998800e-02 5.780000000000003017e-03 5.199964285714284706e-01 -2.272278571428571481e-01 -2.533907142857143024e-01 -4.628878571428572397e-01 -4.187171428571429543e-01 -1.595828571428571652e-01 1.885657142857142810e-01 3.663685714285714323e-01 -2.322142857142857064e-01 5.805076923076923912e-02 2.681940000000000435e-01 -1.257792857142857046e-01 3.188321428571428973e-01 -1.223428571428572184e-02 -2.951758333333333040e-01 2.030000000000000207e-02 -1.352828571428571214e-01 -1.904185714285714648e-01 5.780000000000003017e-03 -3.565985714285714314e-01 -1.942507142857142488e-01 1.872978571428571271e-01 1.382642857142857458e-02 -4.492264285714285266e-01 -3.957507142857142335e-01 5.318264285714284778e-01 4.884678571428571758e-01 -2.160028571428571353e-01 -2.339442857142856880e-01 5.146828571428571086e-01 -2.439392857142856919e-01 -3.236907142857142761e-01 4.501200000000000201e-01 -2.628100000000000436e-01 3.514846153846155896e-02 -2.722592307692308089e-01 3.772830769230769432e-01 -2.720753846153845523e-01 -3.676615384615384841e-01 -2.949361538461538479e-01 -2.137628571428571156e-01 4.308464285714285746e-01 -1.827399999999999858e-01 2.839685714285714591e-01 3.412442857142857222e-01 -2.028935714285714231e-01 -3.938242857142857933e-01 1.886484615384615149e-01 5.780661538461537852e-01 2.507099999999999884e-01 -3.009884615384614825e-01 1.840615384615384986e-02 5.039853846153845573e-01 -4.919076923076921848e-02 -4.039923076923075673e-02 -2.736923076923077069e-02 -5.885684615384616514e-01 2.892315384615384288e-01 -4.758161538461538331e-01 3.149915384615384895e-01 -2.817825000000000468e-01 -1.424191666666666523e-01 -2.552109090909090994e-01 4.483429999999999360e-01
-3.034415384615384292e-01 -2.759614285714285242e-01 0.000000000000000000e+00 -3.901411764705880331e-02 -4.934464705882353197e-01 -5.082652941176470929e-01 -4.164435294117647124e-01 -2.047529411764704294e-02 -7.818529411764704729e-02 -5.410000000000009419e-03 -4.852617647058823369e-01 -4.745517647058822286e-01 -3.998870588235294288e-01 -1.178394117647058592e-01 -2.508317647058823097e-01 -4.600529411764705395e-02 -1.306911764705882273e-01 -1.380170588235294371e-01 -3.349899999999999545e-01 -3.494858823529411462e-01 4.208705882352942185e-02 -5.118723529411763895e-01 -2.905952941176470627e-01 -4.104252941176471103e-01 -3.614476470588235402e-01 -5.033511764705882463e-01 -3.682723529411764396e-01 5.658235294117640139e-03 -3.905058823529410084e-02 -4.359241176470587953e-01 -2.659952941176470520e-01 2.888529411764706109e-02 -2.803758823529411415e-01 -2.416570588235293915e-01 -3.410588235294117337e-02 -3.171094117647058619e-01 -3.499723529411764567e-01 -3.196758823529411986e-01 -4.436470588235294499e-01 -1.982929411764705885e-01 -3.534647058823529031e-01 -1.793611764705882461e-01 -1.132505882352941029e-01 -6.582823529411763186e-02 -4.193747058823529272e-01 -3.737229411764705356e-01 -7.067058823529403719e-03 -1.729952941176470527e-01 -3.295788235294118129e-01 1.762000000000002106e-02 -1.098999999999999838e-01 -1.218594117647058689e-01 -3.731776470588235584e-01 -3.614476470588235402e-01 -5.840823529411762888e-02 -4.383423529411764608e-01 -3.875958823529411790e-01 -4.864964705882352525e-01 -5.063023529411764256e-01 -3.742005882352941182e-01 -5.637647058823530566e-02 -9.345352941176469919e-02 -4.371258823529411974e-01 -2.776093749999999916e-01 -1.227274999999999894e-01 -3.966158823529411515e-01 2.915764705882353119e-02 -4.482258823529412517e-01 -4.441433333333333899e-01 1.438333333333331916e-02 -3.297347058823529853e-01 -3.477900000000000436e-01 -3.582476470588235595e-01 -5.516176470588235459e-01 -4.260923529411764776e-01 -2.910058823529411698e-01 -3.535794117647058643e-01 -4.199017647058823632e-01 -3.745705882352940996e-01 -3.034235294117644879e-02 2.078529411764706847e-02 -2.858935294117647130e-01 -2.424776470588235200e-01 2.575176470588234900e-02 -3.281717647058823850e-01 -4.001705882352941113e-01 8.192529411764706837e-02 -3.026737499999999637e-01 -2.180074999999999930e-01 -4.031012499999999665e-01 1.433231249999999957e-01 -3.956456250000000008e-01 -3.087968749999999707e-01 -4.305031250000000420e-01 -1.134170588235293847e-01 -1.801417647058823068e-01 -3.524135294117647366e-01 -1.897529411764705548e-02 -5.430058823529411438e-02 -3.962288235294118000e-01 -4.315664705882352181e-01 -6.693750000000119743e-04 -6.041749999999996429e-02 -1.627268749999999931e-01 -4.224193749999999858e-01 -3.762187499999999907e-01 7.328124999999990896e-03 -2.743668750000000101e-01 -3.544012500000000010e-01 -2.206362500000000060e-01 -5.165275000000000283e-01 -2.963474999999999859e-01 -5.492312500000000597e-01 -9.035000000000001363e-03 -2.814733333333332976e-01 -3.735599999999999477e-01 -3.922399999999999776e-01 -6.989700000000000080e-02
4.952153846153847100e-02 4.553007142857142808e-01 -3.901411764705880331e-02 0.000000000000000000e+00 -1.586328571428571588e-01 -2.665114285714286213e-01 -1.330522857142857340e-01 4.797754285714285749e-01 -1.806514285714284559e-02 3.597525714285714216e-01 -3.743460000000000676e-01 -3.534765714285714178e-01 -2.987708571428571713e-01 4.803322857142856561e-01 -2.219894285714285598e-01 4.611425714285714572e-01 5.195885714285714690e-02 3.179548571428572057e-01 -2.834242857142857952e-01 -2.303065714285714161e-01 5.944922857142856953e-01 -6.173111428571428361e-01 -2.766634285714285602e-01 -4.013405714285714354e-01 -2.164808571428571415e-01 -2.409320000000000073e-01 -3.004371428571428818e-02 6.124691428571429341e-01 5.438165714285714269e-01 -4.666394285714285939e-01 1.684134285714285750e-01 6.484565714285714932e-01 -5.204828571428570666e-02 -1.289511428571428475e-01 5.247731428571429380e-01 1.632582857142857446e-01 -1.548714285714285488e-01 -2.184842857142856865e-01 -2.253511428571428610e-01 -1.482728571428571507e-01 1.386685714285714952e-02 -1.596834285714285595e-01 2.675505714285714709e-01 5.495971428571428952e-01 -2.363939999999999930e-01 -2.638380000000000170e-01 5.865580000000000238e-01 2.577928571428571569e-01 -3.578754285714285666e-01 4.709480000000000333e-01 3.729825714285714966e-01 1.274028571428571510e-01 -6.102571428571427342e-02 -2.164808571428571415e-01 4.991617142857141531e-01 -4.497971428571428953e-02 -1.495848571428571305e-01 -4.883917142857144289e-01 -4.691442857142857359e-01 -1.886465714285714135e-01 3.852828571428572046e-01 4.528311428571428210e-01 -3.445511428571428891e-01 -1.486279411764705738e-01 2.445224000000000009e-01 -2.039885714285714358e-01 5.023288571428571325e-01 -1.758706060606060606e-01 -4.205663636363636271e-01 1.673348148148148251e-01 -2.156739999999999768e-01 -1.218077142857142969e-01 -2.161448571428571386e-01 -2.013491428571428377e-01 -2.896605714285714339e-01 1.214271428571428585e-01 -1.909051428571428843e-01 -3.825111428571428829e-01 -3.936551428571428701e-01 4.392754285714285944e-01 3.804251428571429061e-01 -1.376594285714285437e-01 -1.883239999999999637e-01 6.127334285714285400e-01 1.330285714285725030e-03 -2.498637142857142723e-01 5.008079999999999199e-01 -2.462147058823529466e-01 3.790852941176470897e-02 -2.186747058823529377e-01 4.543888235294117894e-01 -2.528241176470588103e-01 -1.957944117647058835e-01 -3.925120588235294083e-01 5.791457142857140555e-02 4.466048571428571923e-01 -3.648962857142856731e-01 3.623454285714285961e-01 5.205157142857143038e-01 -2.312562857142856920e-01 -3.253971428571428848e-01 3.763579411764705895e-01 5.918752941176470550e-01 3.050297058823530083e-01 -3.517079411764706398e-01 -2.141694117647058859e-01 6.121511764705883651e-01 1.783217647058823463e-01 -1.149991176470588211e-01 -7.792970588235294260e-02 -6.207114705882351702e-01 -1.780312500000005849e-03 -4.356853333333334244e-01 4.612599999999999478e-01 -9.135068965517238737e-02 -3.049383333333333668e-01 -2.750633333333332708e-01 8.705345454545454498e-01
-4.317284615384614499e-01 -3.158999999999999586e-01 -4.934464705882353197e-01 -1.586328571428571588e-01 0.000000000000000000e+00 -3.739142857142856435e-01 -2.355780519480520085e-01 -2.191631578947366918e-02 -3.680346753246752645e-01 -5.785493506493506743e-02 -3.822241558441557552e-01 -4.744905194805194570e-01 -3.797405194805194562e-01 -5.378935064935062155e-02 -3.760050649350649699e-01 -1.107380519480519465e-01 -2.365407792207792070e-01 -1.312761038961039184e-01 -4.669031168831168088e-01 -3.279172727272726684e-01 -7.925779220779222145e-02 -5.247335064935064741e-01 -3.452987012987013271e-01 -4.150467532467532750e-01 -2.691648051948051235e-01 -3.731235064935065071e-01 -2.789393506493507147e-01 -9.651701298701298448e-02 -2.610610389610389104e-02 -4.532855844155844749e-01 -1.395610389610389968e-01 -8.961636363636361902e-02 -3.479467532467532265e-01 -3.440318421052631637e-01 -8.707315789473683842e-02 -2.993252631578947054e-01 -3.714106578947368731e-01 -3.424484415584416186e-01 -3.660481818181818836e-01 -2.395485714285714440e-01 -2.871219736842105519e-01 -3.138470129870130076e-01 -1.288323376623376759e-01 -9.019727272727272316e-02 -3.761364935064934745e-01 -3.355423376623377085e-01 -6.455038961038962742e-02 -2.335823376623376579e-01 -4.255024675324675654e-01 -1.380668831168831157e-01 -1.446512987012987528e-01 -1.333119480519480426e-01 -2.794414285714285628e-01 -2.779528571428571126e-01 -6.927558441558440139e-02 -3.338083116883117096e-01 -2.840446753246752554e-01 -5.840597402597400567e-01 -5.694784415584415171e-01 -3.390350649350649670e-01 -1.196644155844155816e-01 -1.176127272727272438e-01 -3.645776623376623116e-01 -3.758925000000000183e-01 -1.232468656716417671e-01 -3.015694805194805150e-01 2.089740259740261591e-02 -4.868293243243242419e-01 -3.875229333333333193e-01 -1.363711594202898780e-01 -4.099112987012987208e-01 -3.704914285714285271e-01 -2.881363636363635794e-01 -3.178822077922077716e-01 -4.009972727272727022e-01 -3.211749350649350521e-01 -2.943416883116882210e-01 -3.319793506493505797e-01 -3.693262337662338024e-01 -6.868324675324674611e-02 -2.558328571428571396e-01 -3.479376623376623789e-01 -3.954502597402597130e-01 -1.145733766233766326e-01 -2.205711688311688123e-01 -3.594916883116883732e-01 -1.082338961038960962e-01 -3.159667105263157527e-01 -2.656390789473684899e-01 -3.894615789473684364e-01 -1.003967105263157827e-01 -3.472272368421053246e-01 -2.422990476190476916e-01 -4.143334210526315453e-01 -1.704945454545454264e-01 -1.230341558441558486e-01 -3.244966233766233277e-01 -5.980259740259739193e-02 -4.769038961038963437e-02 -3.872957142857142987e-01 -4.567719480519479847e-01 -8.645421052631578618e-02 -6.945631578947368545e-02 -1.170967105263157892e-01 -3.515194736842104928e-01 -2.795718421052630909e-01 -3.627605263157895887e-02 -1.636938157894737011e-01 -3.484026315789473527e-01 -2.812682894736842076e-01 -5.247528947368420571e-01 -3.143621917808219202e-01 -4.659004687500000186e-01 2.803265625000000982e-02 -2.529544680851064098e-01 -3.906683333333333397e-01 -6.044749999999999845e-01 -3.789518181818181120e-01
-2.342023076923077096e-01 -3.337778571428571261e-01 -5.082652941176470929e-01 -2.665114285714286213e-01 -3.739142857142856435e-01 0.000000000000000000e+00 -1.891875172413793049e-01 -1.178520415224913603e-01 -2.924484137931034344e-01 -1.412179310344827410e-01 -3.149410726643598335e-01 -4.355038408304498510e-01 -3.071461764705882280e-01 -9.746432525951556625e-02 -2.771804152249134900e-01 -5.513698961937715803e-02 -2.377154671280276854e-01 -1.305036678200691969e-01 -3.655532179930796044e-01 -2.866777854671280212e-01 -7.150660899653976665e-02 -4.338258477508650235e-01 -3.172974740484429401e-01 -4.067567474048443543e-01 -2.308738408304498169e-01 -3.161767128027681562e-01 -2.992924567474048447e-01 -1.028383044982698891e-01 -7.102013793103448269e-02 -2.921464436619718441e-01 -2.401193425605536447e-01 -9.481624137931031482e-02 -2.437377508650518665e-01 -2.735438194444444471e-01 -1.219837370242214392e-01 -1.316694463667820170e-01 -3.006352083333333480e-01 -2.885831690140844841e-01 -2.584285294117646958e-01 -2.624134469696969285e-01 -2.472911458333333090e-01 -3.339310344827585708e-01 -1.091637586206896382e-01 -8.923613793103446490e-02 -3.057965172413792954e-01 -2.682759999999999589e-01 -8.994817241379310380e-02 -1.725136551724137934e-01 -3.431774137931034030e-01 -7.013396551724135342e-02 -7.708289655172413657e-02 -2.174908275862068863e-01 -1.977059655172413721e-01 -2.398382758620689614e-01 -1.285397586206896425e-01 -2.500571379310345121e-01 -2.246475432525951721e-01 -5.200943252595154886e-01 -5.028897931034481683e-01 -2.985707586206896580e-01 -1.049671724137930806e-01 -1.704505517241379497e-01 -3.128272758620689875e-01 -2.858534256055363376e-01 -1.331882078853046381e-01 -2.842731379310344808e-01 -6.553306896551723548e-02 -5.055668531468531235e-01 -3.195032916666666889e-01 -8.990368794326239477e-02 -3.421680344827586207e-01 -2.799186206896551732e-01 -2.512094117647059033e-01 -2.892503460207612731e-01 -2.461455363321799206e-01 -3.083744137931034301e-01 -2.329523103448275789e-01 -3.227197931034482825e-01 -3.024924137931034873e-01 -1.237087241379310198e-01 -1.642670689655172378e-01 -3.189437931034482254e-01 -3.373726896551724197e-01 -7.374668965517240660e-02 -2.357448620689654717e-01 -3.128618965517241390e-01 -1.028973793103448026e-01 -2.249964583333333434e-01 -2.812371678321678448e-01 -3.311610452961672446e-01 -1.214415194346289834e-01 -2.721412087912087885e-01 -2.390010545454545610e-01 -3.982677351916376618e-01 -1.363331141868512064e-01 -1.631741549295774585e-01 -2.653821126760563254e-01 -1.416021554770317825e-01 -8.866272413793103990e-02 -2.482799655172413522e-01 -3.405313103448275869e-01 -1.572131487889273094e-01 -9.392677083333333954e-02 -1.143933910034602014e-01 -3.162354671280276919e-01 -2.247720069204152682e-01 -8.447453287197231875e-02 -2.054148442906574556e-01 -2.618140830449826595e-01 -2.414152777777777426e-01 -4.321277162629758029e-01 -2.731586971830985422e-01 -3.105021245421245024e-01 -5.460463114754098013e-02 -1.872919724770642225e-01 -3.465502923976608307e-01 -1.727707692307692000e-01 -3.214316666666666156e-01
-4.654123076923077362e-01 -2.783142857142857363e-01 -4.164435294117647124e-01 -1.330522857142857340e-01 -2.355780519480520085e-01 -1.891875172413793049e-01 0.000000000000000000e+00 2.789650344827586115e-01 -1.873426506024096494e-01 2.210231325301205141e-01 -3.737525517241379047e-01 -4.079472586206896456e-01 -3.060236252545824320e-01 2.540804482758621252e-01 -2.268269827586207044e-01 1.938027931034482787e-01 -2.116547068965517198e-01 1.623315689655172589e-01 -3.131684827586206921e-01 -1.648507413793103282e-01 3.177178793103448418e-01 -5.033746034482758924e-01 -2.541239655172414236e-01 -3.765198275862069455e-01 -1.341595862068965528e-01 -3.933238965517241170e-01 -2.103772586206896500e-01 3.072613620689655378e-01 3.201970051635112391e-01 -3.078021891418563638e-01 6.435436741767766589e-02 3.017980722891566714e-01 -1.957216202090592272e-01 -2.894471972318338748e-01 1.554244809688581364e-01 1.436114507772020821e-01 -1.944351584507042208e-01 -1.714673063380281470e-01 -1.688683364140480259e-01 -1.188767889908256686e-01 -1.650125663716814073e-01 -2.915925259515571022e-01 1.972566896551724291e-01 2.895305507745266627e-01 -2.968979518072288881e-01 -2.295734423407916891e-01 3.196176247848537266e-01 5.708001721170396364e-02 -3.128990189328743621e-01 2.140370223752151579e-01 9.240967297762478494e-02 -1.808839586919105125e-01 -8.605493975903613646e-02 -1.322821858864027533e-01 2.837227022375215513e-01 -1.490215834767641689e-01 -1.358497931034482742e-01 -4.693833448275862019e-01 -4.444081067125644768e-01 -2.109561962134251234e-01 2.849013597246127238e-01 1.976757659208261408e-01 -2.552464371772805718e-01 -2.862903275862068719e-01 1.176716021126760492e-01 -2.634623834196891390e-01 2.686145094664371680e-01 -4.328052339688041039e-01 -2.186388657844990369e-01 2.110592253521126616e-01 -2.213814285714285901e-01 -1.974614802065404462e-01 -1.643312413793103499e-01 -2.483405517241379368e-01 -1.988149655172413710e-01 -1.348947160068847129e-01 -1.360778313253012128e-01 -2.966714113597245794e-01 -2.098195352839931083e-01 2.922674698795180714e-01 1.052063511187607686e-01 -2.935619965576592438e-01 -3.049264027538726163e-01 2.990446127366608864e-01 -1.449161273666093042e-01 -2.487037177280550793e-01 2.380046299483648820e-01 -1.424623488773748003e-01 -2.178020138888888679e-01 -2.606211324041811106e-01 2.102533333333333754e-01 -1.767531340579709953e-01 -7.438261425959781514e-02 -3.453173123909249465e-01 2.382169377162629831e-01 1.287245549738219863e-01 -2.400735191637630717e-01 2.025417944250871016e-01 3.147848364888123918e-01 -1.864695869191050071e-01 -3.596327758620689874e-01 2.163717586206896637e-01 3.071250173010380835e-01 1.071043523316062285e-01 -2.919139205526770642e-01 -1.317626770293609806e-01 3.198257758620690061e-01 1.954886206896551751e-02 -2.139983391003459912e-01 -1.348730449826989752e-01 -4.947332815198617895e-01 -2.073747735191637520e-01 -3.355562699822380313e-01 2.785844106463878367e-01 -6.262752049180327074e-02 -2.986184636871508369e-01 -1.256126760563381663e-02 -1.250975000000000004e-01
4.753615384615384604e-02 3.819678571428571368e-01 -2.047529411764704294e-02 4.797754285714285749e-01 -2.191631578947366918e-02 -1.178520415224913603e-01 2.789650344827586115e-01 0.000000000000000000e+00 -7.764651532349602092e-02 6.121942224744608696e-01 -3.758251477272727681e-01 -4.563437542662116542e-01 -2.991240254777070007e-01 6.978979886363637641e-01 -1.230152500000000065e-01 5.520134772727272043e-01 -1.109834204545454422e-01 4.655858863636363476e-01 -2.491673522727272660e-01 5.410352272727283682e-03 7.986391477272727357e-01 -6.878653749999998901e-01 -2.059891136363636299e-01 -3.852095227272727129e-01 1.604186363636363882e-02 -3.411951136363636228e-01 -9.889101136363634414e-02 7.956637840909092096e-01 7.752670488081725431e-01 -2.905067738231916774e-01 3.738147410817030947e-01 7.313916345062428936e-01 -1.128478260869565653e-02 -2.125379061784896939e-01 5.041826720183486543e-01 4.829731530494821290e-01 -1.007262485481997538e-01 -8.221648148148148760e-02 -8.853731736526943008e-02 3.426041866028710359e-02 1.906381228273464415e-02 -2.104716114285714035e-01 4.874174971558589142e-01 7.743017139614075672e-01 -2.111625766174801411e-01 -6.743929625425651442e-02 7.946561975028377800e-01 2.599125539160045406e-01 -2.881508286038592659e-01 5.551015323496026888e-01 4.027050851305334911e-01 2.691503972758230168e-02 1.234101248581157828e-01 2.219620885357548659e-02 7.450650056753689299e-01 -1.276909194097615441e-02 2.766523863636364405e-02 -5.437841022727273321e-01 -5.201319750283768251e-01 -1.061526447219069136e-01 7.117475822928490681e-01 6.083119296254256847e-01 -1.088839841089670607e-01 -1.713741524459613252e-01 4.185925519630485647e-01 -1.977348805460750480e-01 6.289796363636362964e-01 -3.253484720638540328e-01 -1.575656484848484695e-01 5.897233870967741876e-01 -1.551104653802496958e-01 -7.801384790011350878e-02 -1.964294318181818155e-02 -7.243021590909089202e-02 -5.651797727272726141e-02 2.530575482406357060e-02 2.067979568671964377e-02 -1.855728490351872817e-01 -8.813455164585697055e-02 7.542147559591374506e-01 4.452758569807037103e-01 -2.092333371169125822e-01 -2.720625652667423289e-01 7.629284449489217579e-01 -1.879059023836548298e-02 -2.149243068181818372e-01 6.689540841865757592e-01 2.701974914481186651e-02 -7.132857798165136154e-02 -1.947217566016073154e-01 5.550296511627906826e-01 -7.049903961584620682e-03 2.766133010882708756e-02 -3.063902640642939268e-01 5.276082326111745102e-01 3.878404931192660499e-01 -1.575583180778031833e-01 5.764712013729977880e-01 7.875673552780932951e-01 -3.647116912599309216e-03 -3.271219886363636031e-01 5.986097499999999405e-01 7.817998177676538374e-01 4.471544709897610770e-01 -2.971163367463026117e-01 1.880477815699659050e-02 7.774873068181819002e-01 3.135615795454545496e-01 -1.284680182232346146e-01 -3.277533029612755139e-02 -6.809805119453924416e-01 -6.247105263157878494e-03 -2.492410885167463952e-01 7.185554119138148899e-01 2.221035380116959113e-01 -2.160510851063830173e-01 3.823139506172839597e-01 8.339415384615385118e-01
-2.577253846153846895e-01 9.517714285714283518e-02 -7.818529411764704729e-02 -1.806514285714284559e-02 -3.680346753246752645e-01 -2.924484137931034344e-01 -1.873426506024096494e-01 -7.764651532349602092e-02 0.000000000000000000e+00 -1.453597821576763371e-01 -3.200980996884734697e-01 -4.325559459459459855e-01 -3.168646774193548676e-01 -7.900330218068533916e-02 -2.678657009345793982e-01 -4.159615784008306033e-02 -2.942206749740394756e-01 -1.329028141225337134e-01 -3.488238213914849895e-01 -2.472563343717549544e-01 -5.971790238836967302e-02 -4.481420270270269901e-01 -3.033407900207900632e-01 -3.725058566978193819e-01 -2.824101453790238692e-01 -3.349093665628244954e-01 -2.756281412253374641e-01 -6.386917964693665517e-02 -7.161936721991700450e-02 -3.294212552742616373e-01 -1.328835494155154173e-01 -4.460225469728600067e-02 -2.428616754478397921e-01 -2.945891954022988868e-01 -8.923332984293193271e-02 -1.245895588235294005e-01 -2.767295015906680589e-01 -2.589255543822597261e-01 -2.744129508196721523e-01 -2.571413195201744939e-01 -2.437364338624338489e-01 -3.197457098121085362e-01 -1.076332744282744169e-01 -6.108046680497924291e-02 -3.069564834024895994e-01 -2.802054045643153635e-01 -5.885900414937758618e-02 -1.650274896265560287e-01 -3.446724273858921550e-01 -5.374990663900414134e-02 -5.106702282157675465e-02 -2.540076763485477063e-01 -2.079996161825726220e-01 -2.867958506224066451e-01 -1.324948340248962575e-01 -2.375642738589211489e-01 -1.976048494288681345e-01 -4.465129491173416842e-01 -4.349699273858921300e-01 -2.404650414937759273e-01 -6.475271784232364269e-02 -1.648467634854771935e-01 -2.849473755186722190e-01 -2.889145785639958275e-01 -1.049683755274261610e-01 -3.302777731529656924e-01 -4.719798126951091355e-02 -4.890249582463465639e-01 -3.207348785871964592e-01 -6.513238947368420184e-02 -3.091323468328141533e-01 -2.747683385254413024e-01 -2.929097817047817132e-01 -2.753453222453222660e-01 -2.681695218295218064e-01 -2.472627622014537674e-01 -2.845689200415368880e-01 -2.962947559709241951e-01 -2.453406957424714152e-01 -9.643819314641743912e-02 -1.071763655244028918e-01 -2.926320976116302819e-01 -3.236104569055036628e-01 -3.644627206645897205e-02 -2.491449636552440505e-01 -3.043424428274428273e-01 -8.781798126951091688e-02 -2.149094056308654688e-01 -2.685260125918152996e-01 -3.251691692954784552e-01 -1.054758936170212547e-01 -2.318909846827133248e-01 -2.336086615044247750e-01 -3.317424290220819527e-01 -1.050277035490605332e-01 -1.465075655823714351e-01 -2.682103560209423976e-01 -1.469303664921465802e-01 -4.274643821391484189e-02 -2.490977777777777791e-01 -3.348335966735966340e-01 -1.420308627858628270e-01 -6.509772916666664577e-02 -1.006574348279457715e-01 -3.157197288842544247e-01 -2.823546506777893650e-01 -5.020283333333331460e-02 -1.778185729166666673e-01 -2.733752922755741110e-01 -2.351863256784968437e-01 -4.446057559958289662e-01 -2.698100209643605751e-01 -3.362279737130339230e-01 -5.469207656612528473e-02 -1.602916419919246105e-01 -3.345858284600389809e-01 -2.269903030303029867e-01 8.111000000000002930e-02
-1.489838461538461611e-01 1.658799999999999997e-01 -5.410000000000009419e-03 3.597525714285714216e-01 -5.785493506493506743e-02 -1.412179310344827410e-01 2.210231325301205141e-01 6.121942224744608696e-01 -1.453597821576763371e-01 0.000000000000000000e+00 -3.722316082474226850e-01 -4.164767492260062487e-01 -3.197113142857142543e-01 5.341308556701029886e-01 -1.411506288659793718e-01 3.580323195876288223e-01 -4.635824742268041671e-02 3.847988350515464395e-01 -2.229868247422680527e-01 -4.849664948453608765e-02 7.167925567010310361e-01 -7.156352115583074491e-01 -2.499171001031991746e-01 -5.067088865979381129e-01 -7.642175257731960089e-03 -3.197339793814432674e-01 -1.541576391752577380e-01 8.252380785123968332e-01 6.593729618163053363e-01 -3.089758656873032860e-01 2.983445348837209243e-01 6.700922487046632181e-01 -2.547642259414226173e-02 -2.671225726141079337e-01 3.565929313929313560e-01 3.546909801876955148e-01 -1.514831894736842210e-01 -1.616464046121593168e-01 -9.383265726681129515e-02 -1.299329004329002760e-03 -2.730839285714286094e-02 -2.127085595854922295e-01 3.330487306501547784e-01 7.352825128733264659e-01 -2.427209062821833463e-01 -1.084031616889804539e-01 8.182181668383110562e-01 1.759639031925849528e-01 -3.141339031925850511e-01 2.185617610710607894e-01 1.270646240988671516e-01 -5.509373841400619365e-02 -5.383161688980430890e-03 -2.272698249227599575e-03 6.584549227600411392e-01 -1.128494644696189375e-01 -1.259283402061855683e-01 -4.694550309278350819e-01 -4.562242121524202054e-01 -1.636705355303810505e-01 6.105253244078269192e-01 2.814534088568485526e-01 -1.698743357363542428e-01 -2.311633884297520369e-01 2.370939999999999992e-01 -1.683198760330578692e-01 3.011695144628099841e-01 -1.145604870466321312e-01 -1.890372836801752776e-01 4.767367711598746172e-01 -1.889757422680412302e-01 -1.514389072164948336e-01 -3.928737874097008170e-02 -9.245798761609907990e-02 -1.243008565531475706e-01 -4.927857731958764503e-02 -5.421381443298969871e-03 -2.614647319587629082e-01 -1.382850309278350620e-01 6.826911030927834689e-01 3.376111752577319880e-01 -2.515284742268041329e-01 -2.998764123711339935e-01 6.369589896907217330e-01 -8.301846391752577825e-02 -2.560385036119711133e-01 6.015418904958679258e-01 -4.534507246376811435e-02 -1.351448020833333485e-01 -2.227194258872651211e-01 4.389302956705385395e-01 -6.286228013029317163e-02 -3.841950603732163100e-02 -2.985161482254697352e-01 4.217459378238341827e-01 3.214405312499999945e-01 -1.972410706860706631e-01 4.248745114345113816e-01 7.623313814432990387e-01 -7.159622680412371099e-02 -3.407254385964912369e-01 1.295559545923632427e-01 7.681296587383661389e-01 3.175017805383023028e-01 -2.858223084886128418e-01 -9.338416149068320612e-03 6.857477145811790020e-01 2.488633092037227934e-01 -1.442929740932642757e-01 -1.211301450777202138e-01 -7.085751759834367780e-01 -7.941725286160250530e-02 -2.449489445048966263e-01 4.947354032258065026e-01 1.010194526034712825e-01 -1.884594777562862700e-01 2.098835999999999757e-01 9.098926666666667940e-01
-2.344876923076923136e-01 -3.525164285714285639e-01 -4.852617647058823369e-01 -3.743460000000000676e-01 -3.822241558441557552e-01 -3.149410726643598335e-01 -3.737525517241379047e-01 -3.758251477272727681e-01 -3.200980996884734697e-01 -3.722316082474226850e-01 0.000000000000000000e+00 -2.803694536082473876e-01 -1.832799999999999985e-01 -2.971307415036045785e-01 -2.711023274974253550e-01 -2.872008650875386149e-01 -2.126296086508753791e-01 -3.252952317198763432e-01 -3.458420803295571555e-01 -2.854348506694129872e-01 -3.699736185567010227e-01 -1.823365325077399290e-01 -2.607722291021671857e-01 -2.755416701030928284e-01 -2.108821649484536043e-01 -3.567352371134021038e-01 -2.974470618556701029e-01 -3.694162396694214423e-01 -3.518239318885448275e-01 -2.712925183630640058e-01 -3.418664904862578902e-01 -3.442438963730569679e-01 -2.356961297071129835e-01 -2.458478526970954148e-01 -2.472985343035343231e-01 -3.113551407716371178e-01 -3.121961684210526333e-01 -2.518964255765199223e-01 -2.655510617551462560e-01 -2.973752216216216659e-01 -2.933002941176470757e-01 -2.933963419689119556e-01 -3.169035294117646950e-01 -3.511397837281153289e-01 -2.668574150360453201e-01 -3.025194644696189705e-01 -3.556168383110195341e-01 -2.864391967044284115e-01 -2.542804943357363512e-01 -2.676260350154479606e-01 -2.215164057672502629e-01 -3.161246138002059558e-01 -2.871529557157569412e-01 -2.052950463439752737e-01 -3.620771987641606682e-01 -2.624587332646756144e-01 -2.366992783505154629e-01 -3.629268969072164674e-01 -3.506139855818743434e-01 -2.855117919670442928e-01 -3.268161585993820673e-01 -3.475310298661173913e-01 -3.283442636457260533e-01 -3.124657954545454475e-01 -2.527392670157068144e-01 -2.255880578512396706e-01 -2.663586260330578770e-01 -5.177834196891191176e-01 -2.740265060240963946e-01 -3.143139916405433554e-01 -3.010344123711339859e-01 -2.700497525773196128e-01 -2.082293292053663814e-01 -3.500510629514964056e-01 -3.018937770897833217e-01 -3.035861030927834991e-01 -2.085036804123711340e-01 -2.759315979381443129e-01 -2.803297010309278026e-01 -3.658786391752577583e-01 -3.136578659793813895e-01 -2.807622989690721771e-01 -3.167772474226804302e-01 -3.245455670103092327e-01 -2.749644226804123792e-01 -2.822541073271414014e-01 -3.402147520661156221e-01 -2.952051552795031397e-01 -2.640282604166666602e-01 -3.042832150313152240e-01 -3.020317106652586903e-01 -2.912533188720173305e-01 -2.660702195389682001e-01 -2.924410334029227121e-01 -3.263792849740932422e-01 -3.119316458333333264e-01 -2.769512266112266197e-01 -3.480894074844074759e-01 -3.503946701030927757e-01 -3.095158350515463952e-01 -2.358244066047471554e-01 -3.701588544891640797e-01 -3.597654601861426937e-01 -3.085291407867494784e-01 -2.422926501035196356e-01 -2.100003209109731206e-01 -3.656512512926577418e-01 -2.941718510858324365e-01 -2.912118031088082870e-01 -2.827505906735751084e-01 -1.897284575569358200e-01 -3.431540894901144445e-01 -3.306951577801958697e-01 -3.081687672811059264e-01 -2.742950467289719807e-01 -3.369016860465116059e-01 -2.510933999999999666e-01 -5.686373333333333280e-01
-2.191007692307692656e-01 -2.353571428571428481e-01 -4.745517647058822286e-01 -3.534765714285714178e-01 -4.744905194805194570e-01 -4.355038408304498510e-01 -4.079472586206896456e-01 -4.563437542662116542e-01 -4.325559459459459855e-01 -4.164767492260062487e-01 -2.803694536082473876e-01 0.000000000000000000e+00 -3.384890867579908313e-01 -4.632868589083419253e-01 -2.909841709577754565e-01 -3.714003501544798636e-01 -3.434455509783727600e-01 -4.183439752832131542e-01 -4.593057157569515603e-01 -4.372389804325437779e-01 -4.666789690721649397e-01 -4.765701341589267392e-01 -3.912063673890608939e-01 -4.324331443298968791e-01 -2.964468247422680780e-01 -2.805531958762886857e-01 -3.741944536082474349e-01 -4.785444008264462812e-01 -4.514537048503611816e-01 -3.849661490031479616e-01 -3.724317248677249115e-01 -4.386668290155439909e-01 -3.763698744769873872e-01 -3.955458713692945327e-01 -3.565535031185030901e-01 -4.162305318039624669e-01 -3.608310410094637266e-01 -3.477249738219894692e-01 -3.670772294372294242e-01 -3.698905513513513488e-01 -3.455981407563025187e-01 -4.095880207253885796e-01 -3.889945510835912668e-01 -4.647902574665292996e-01 -3.608452935118434124e-01 -4.290931719876416306e-01 -4.787109474768279638e-01 -3.891456642636457186e-01 -4.033141297631308020e-01 -3.511863954685890410e-01 -2.995708547888774054e-01 -3.601925849639546207e-01 -3.915552420185375859e-01 -2.986751905252317263e-01 -4.934989804325437546e-01 -3.135734500514933409e-01 -3.181936288659793499e-01 -6.133048865979380260e-01 -5.955112049433572974e-01 -3.452923995880535224e-01 -4.472685890834190992e-01 -4.757753759011328354e-01 -3.565650566426363799e-01 -3.488710227272726616e-01 -3.399096544502617778e-01 -3.321831301652892754e-01 -3.714853099173552886e-01 -5.827455647668393635e-01 -4.166036254107338133e-01 -4.037802612330197993e-01 -4.561837216494845082e-01 -4.011561134020618091e-01 -3.036091537667698903e-01 -3.134193292053663593e-01 -3.417886480908152724e-01 -4.347624948453608362e-01 -2.999141443298968812e-01 -3.852003711340206138e-01 -3.617630721649484071e-01 -4.698160927835051681e-01 -3.912678350515463310e-01 -3.562123505154639047e-01 -3.533408453608247179e-01 -4.308092371134020215e-01 -3.657108453608247101e-01 -3.804466563467492346e-01 -4.539199380165289122e-01 -3.353539233954451748e-01 -3.662319270833333529e-01 -3.836655949895615980e-01 -4.105309186906019314e-01 -3.862047722342732414e-01 -3.713202085620196935e-01 -4.212621503131523948e-01 -4.186623523316062023e-01 -3.954745729166666002e-01 -3.510274116424115798e-01 -4.544347401247401108e-01 -4.563470206185566980e-01 -3.278008762886598371e-01 -3.602422187822497124e-01 -4.038498968008256140e-01 -4.611489038262667761e-01 -3.869288716356107383e-01 -3.588824844720496787e-01 -3.007462318840580240e-01 -4.476081282316442533e-01 -3.941005997931747440e-01 -3.501975751295336448e-01 -3.906799585492228277e-01 -4.771473809523809617e-01 -3.334039646201872875e-01 -3.351964744287269093e-01 -4.246268433179723467e-01 -2.833985180240320423e-01 -4.111774951456311222e-01 -3.289598000000000244e-01 -3.295193333333332197e-01
-2.255292307692307596e-01 -2.971271428571428674e-01 -3.998870588235294288e-01 -2.987708571428571713e-01 -3.797405194805194562e-01 -3.071461764705882280e-01 -3.060236252545824320e-01 -2.991240254777070007e-01 -3.168646774193548676e-01 -3.197113142857142543e-01 -1.832799999999999985e-01 -3.384890867579908313e-01 0.000000000000000000e+00 -2.713244040862656248e-01 -2.804300227014755453e-01 -2.103585471055618439e-01 -2.554434619750283741e-01 -2.809257321225879789e-01 -3.902236435868330910e-01 -3.279198183881952278e-01 -2.865649659090909185e-01 -3.320653811149033019e-01 -2.955720250284414319e-01 -3.600422840909091038e-01 -2.598920568181818380e-01 -3.218577727272727285e-01 -3.220717727272727204e-01 -2.949297494305238576e-01 -2.889189078498293761e-01 -2.854268287037036722e-01 -2.683312266355140085e-01 -2.564477257142857014e-01 -2.685427681660899624e-01 -2.971241028571428577e-01 -2.368374197247706259e-01 -2.678319332566168054e-01 -2.869147674418604521e-01 -2.968856336405529817e-01 -2.949379694835680965e-01 -2.925182618771726140e-01 -2.984298607888630772e-01 -3.252326399999999618e-01 -2.625036860068259426e-01 -2.847789557321225851e-01 -3.017778547105561815e-01 -2.918459477866061635e-01 -2.842825766174801316e-01 -2.753386265607264405e-01 -3.039282519863790721e-01 -2.368865380249716157e-01 -1.845483541430193164e-01 -2.854676503972757851e-01 -2.784911804767309929e-01 -2.581326901248581218e-01 -3.328628603859250523e-01 -2.444275482406356170e-01 -2.578982840909090912e-01 -4.632597613636363354e-01 -4.601073212258797174e-01 -2.588289897843359944e-01 -2.680755051078320683e-01 -3.215250624290578729e-01 -3.157881044267877857e-01 -3.243065717539863613e-01 -2.317575028901734113e-01 -2.648726765375853942e-01 -2.362349544419134195e-01 -5.130030707762556208e-01 -3.164557012542759673e-01 -2.520080276816608622e-01 -3.359990454545455085e-01 -3.106891704545454713e-01 -2.586590681818181636e-01 -2.830409545454545261e-01 -3.013754772727272879e-01 -3.337549318181818325e-01 -2.610995227272727148e-01 -3.034432840909091489e-01 -2.922470000000000345e-01 -3.023826363636363812e-01 -2.615954999999999808e-01 -3.062893522727272444e-01 -3.234722613636363264e-01 -2.637529318181818239e-01 -3.003462840909090215e-01 -2.952687144482366577e-01 -2.896504328018223440e-01 -2.620738996579247138e-01 -2.823955784650630241e-01 -3.198281056257175070e-01 -2.653725694444444283e-01 -2.924191037735848764e-01 -2.898638124238733238e-01 -3.178244418872266941e-01 -2.787779794520547361e-01 -2.459393721461187177e-01 -2.857471412300683355e-01 -3.073394425483503833e-01 -2.713920795454545232e-01 -3.093750227272727416e-01 -2.924757224118316179e-01 -3.095704323094425336e-01 -2.837153530751707620e-01 -2.701793378995433481e-01 -2.941397374429224332e-01 -2.613842351598173464e-01 -2.882323603192701866e-01 -2.486579931584948777e-01 -2.415183999999999942e-01 -2.869929680365296831e-01 -3.284192808219177917e-01 -2.665911136624569133e-01 -3.315609696969696873e-01 -2.610671447028423686e-01 -2.647135114503816888e-01 -3.546207363420427194e-01 -2.729787999999999659e-01 -2.669093333333333318e-01
