0.000000000000000000e+00 9.565384615384616221e-03 1.349307692307692187e-02 3.894769230769231511e-02 2.649615384615384289e-02 1.178769230769230805e-02 2.397461538461537894e-02 1.200438461538461538e-01 4.097076923076922728e-02 7.990153846153846828e-02 -7.072307692307692843e-03 -1.707307692307691999e-02 -1.128000000000000010e-02 6.255692307692307941e-02 2.661230769230769205e-02 1.968153846153845865e-02 3.660461538461538822e-02 5.980769230769229783e-02 -1.044692307692307587e-02 -6.579999999999998177e-03 1.705538461538461462e-02 -2.401846153846154408e-02 -1.305538461538461800e-02 -3.429769230769230681e-02 1.311230769230769221e-02 -3.521923076923077350e-02 3.030999999999999667e-02 2.142923076923077333e-02 6.027615384615384736e-02 -1.353153846153845943e-02 3.261846153846153368e-02 5.284615384615384825e-02 5.083846153846153376e-02 1.234307692307692189e-02 6.946461538461538854e-02 2.475384615384613671e-03 -2.590769230769231213e-02 5.875461538461538430e-02 -1.464076923076923498e-02 3.890692307692307506e-02 7.692307692307592283e-05 -8.499230769230769339e-03 6.021538461538465323e-03 5.790615384615384331e-02 -2.250692307692307367e-02 3.153076923076923374e-03 4.268923076923077098e-02 2.443615384615384703e-02 -2.881461538461538296e-02 6.389153846153847183e-02 7.543384615384615688e-02 4.054769230769231236e-02 2.999230769230768964e-02 1.311230769230769221e-02 6.027615384615384736e-02 -3.128461538461538294e-03 -4.398461538461537722e-03 -2.752461538461538695e-02 -1.684692307692307878e-02 4.368153846153846609e-02 5.162307692307688267e-03 1.099123076923076703e-01 5.036153846153845759e-02 1.529416666666666945e-02 3.686499999999999500e-02 6.162307692307690890e-03 1.010638461538461430e-01 4.313769230769230745e-02 1.181727272727272661e-02 1.300000000000009373e-04 -1.086615384615384310e-02 -9.064615384615384505e-03 1.311230769230769221e-02 -2.035000000000000003e-02 -5.473846153846153792e-03 8.683923076923077966e-02 4.525538461538462093e-02 -1.897538461538461618e-02 2.195384615384613804e-03 6.088769230769230240e-02 2.371692307692307988e-02 -1.341923076923076837e-02 -2.288846153846154155e-02 1.358153846153846260e-02 1.204692307692307660e-02 -2.852307692307692617e-03 2.528153846153846293e-02 -2.361666666666667729e-03 7.215333333333333321e-02 1.641833333333332992e-02 7.216999999999999804e-02 1.155250000000000027e-02 -5.558333333333334396e-03 5.660833333333330220e-03 -6.589230769230769967e-03 7.116923076923077629e-02 -2.810153846153845905e-02 9.348538461538460909e-02 1.049484615384615460e-01 3.073153846153845944e-02 -1.476769230769230633e-02 9.304583333333334150e-02 2.935833333333333003e-02 4.033083333333333659e-02 1.958166666666666736e-02 1.659583333333333396e-02 6.560916666666667674e-02 5.405333333333333518e-02 1.694666666666666890e-02 -4.147666666666666863e-02 -2.528833333333333280e-02 8.553750000000000242e-02 -3.100999999999999937e-02 5.907083333333332242e-02 -1.321499999999999932e-02 1.951750000000000360e-02 -2.196545454545454495e-02 8.469200000000000339e-02
9.565384615384616221e-03 0.000000000000000000e+00 -1.615928571428571631e-02 3.100457142857142578e-01 1.758642857142857577e-02 -1.207071428571428531e-02 1.879928571428571976e-02 2.596835714285714025e-01 1.977242857142857135e-01 3.659621428571428470e-01 -1.816071428571428351e-02 5.059142857142857191e-02 3.318071428571428561e-02 3.704028571428571448e-01 2.171928571428571181e-02 3.079042857142857414e-01 2.201771428571428213e-01 1.411642857142857144e-01 -7.911428571428567522e-03 2.857714285714286345e-02 2.999214285714285610e-01 -4.097785714285714226e-02 -5.469000000000000250e-02 1.649714285714285605e-02 2.397314285714285675e-01 -6.241714285714287241e-02 5.576285714285714873e-02 2.781378571428571589e-01 4.808428571428571274e-01 -5.720857142857142807e-02 9.797928571428571320e-02 3.015907142857142675e-01 2.820949999999999847e-01 5.862357142857143461e-02 2.745985714285714141e-01 1.193564285714285716e-01 -2.471428571428567564e-03 2.582214285714286642e-02 -5.047857142857143861e-03 5.529571428571428138e-02 3.075714285714284922e-03 5.761571428571427705e-02 1.370471428571428396e-01 2.924114285714285444e-01 -6.879285714285717120e-03 3.101142857142856132e-02 3.297649999999999748e-01 1.925707142857142895e-01 -6.287428571428570201e-02 2.427800000000000236e-01 1.904207142857142487e-01 2.057228571428571240e-01 1.374785714285714222e-01 2.397314285714285675e-01 4.808428571428571274e-01 8.002500000000001279e-02 8.785142857142855255e-02 -4.755857142857142922e-02 -4.032857142857142890e-02 4.047785714285715569e-02 2.652735714285714974e-01 3.747314285714286042e-01 -3.696928571428571147e-02 9.834692307692308177e-02 1.341220000000000190e-01 4.618357142857143494e-02 2.863171428571428812e-01 1.310864285714285760e-01 -1.152500000000000052e-02 1.370649999999999924e-01 5.009642857142858341e-02 7.496714285714285719e-02 2.397314285714285675e-01 -1.079878571428571632e-01 -1.501428571428571786e-02 2.109714285714286153e-01 2.471607142857143169e-01 -4.602785714285714119e-02 -7.560500000000000553e-02 4.814107142857143584e-01 2.803085714285714625e-01 4.798071428571428626e-02 -3.899357142857142605e-02 2.340014285714285269e-01 5.249714285714286027e-02 2.996428571428570459e-03 3.280150000000000565e-01 -3.061538461538491711e-04 8.713538461538461455e-02 7.968307692307691203e-02 2.660538461538461408e-01 -1.319153846153846461e-02 -1.425230769230769259e-02 5.431538461538460739e-03 7.767785714285714571e-02 3.260164285714285404e-01 9.268357142857143460e-02 3.018557142857142828e-01 3.250064285714285850e-01 -7.962499999999998745e-02 1.105571428571428851e-02 3.830200000000000271e-01 3.045276923076922770e-01 2.505492307692308018e-01 1.930769230769230696e-02 2.495107692307692304e-01 3.058546153846153914e-01 1.079561538461538267e-01 6.496000000000000385e-02 1.586976923076922896e-01 -6.392384615384615054e-02 2.655861538461538607e-01 -1.342615384615384808e-02 2.484184615384615324e-01 3.314166666666668818e-03 3.516583333333333367e-02 -2.647818181818182431e-02 2.789030000000000120e-01
1.349307692307692187e-02 -1.615928571428571631e-02 0.000000000000000000e+00 -1.457823529411764706e-02 3.152941176470594464e-04 -2.782352941176470876e-02 2.573941176470587872e-02 1.834058823529411894e-02 5.542294117647059148e-02 1.062976470588235384e-01 -2.227588235294117314e-02 -2.952647058823529291e-02 -1.644823529411764546e-02 -7.322352941176467345e-03 7.756176470588235783e-02 6.181882352941176634e-02 1.598117647058824170e-02 -1.073882352941176940e-02 4.455058823529411960e-02 -6.635294117647059543e-03 -1.171235294117647235e-02 -2.524176470588235244e-02 -8.285294117647057366e-03 -2.343529411764707412e-03 8.326470588235292819e-03 -2.014705882352941374e-02 -9.519411764705883877e-03 1.403294117647059178e-02 3.066882352941177614e-02 -1.854529411764705912e-02 3.740176470588235658e-02 1.070235294117647361e-02 -4.691058823529411365e-02 3.258235294117646421e-03 4.733941176470587292e-02 2.592941176470588659e-03 -3.722411764705883114e-02 -1.830588235294116619e-03 -1.757058823529410608e-03 2.585294117647056727e-03 -7.711764705882352862e-03 4.594117647058824916e-03 6.853176470588236147e-02 8.688235294117682347e-04 -2.561294117647058485e-02 9.629411764705879612e-04 2.411235294117647365e-02 4.681764705882353154e-03 -9.368823529411764509e-03 1.551764705882352838e-02 1.701529411764705554e-02 7.493882352941176606e-02 -9.937647058823531956e-03 8.326470588235292819e-03 2.192058823529412573e-02 -2.648647058823528841e-02 -1.789470588235294105e-02 -3.156058823529411805e-02 -3.423117647058823709e-02 -2.104764705882353204e-02 3.097823529411765711e-02 3.450882352941176540e-02 1.352941176470588355e-02 5.171749999999999958e-02 9.665499999999999092e-02 -1.132647058823529201e-02 7.964705882352940414e-02 5.645294117647057380e-03 -1.460999999999999972e-02 8.593777777777777960e-02 -2.258176470588235327e-02 -1.379647058823529372e-02 1.067647058823529248e-02 -3.416117647058823648e-02 -3.168058823529412010e-02 -2.999588235294117777e-02 3.682352941176469940e-02 -2.998058823529411998e-02 -1.087117647058823480e-02 4.764529411764706346e-02 3.238588235294117407e-02 -4.970588235294129409e-04 2.463411764705882370e-02 4.545882352941175986e-02 -1.348000000000000587e-02 -7.572352941176471036e-03 5.453941176470587099e-02 3.991437499999999500e-02 3.785625000000000795e-02 1.541000000000000009e-02 7.988062499999999677e-02 4.191875000000002023e-03 1.348125000000000018e-02 -2.356562499999999977e-02 4.036176470588234699e-02 -5.000000000000000104e-03 -6.279999999999999992e-03 9.131647058823529062e-02 9.229882352941176649e-02 -8.994117647058824314e-03 -8.955882352941174629e-03 1.279318750000000005e-01 -4.900000000000043210e-04 3.279624999999999901e-02 -1.204937499999999932e-02 7.224999999999998784e-03 2.009124999999999800e-02 5.011374999999999857e-02 7.419999999999999513e-03 -3.104500000000000315e-02 -2.496000000000000302e-02 -3.546500000000001041e-02 -3.698250000000000148e-02 4.574437499999998991e-02 1.042766666666666703e-01 3.818461538461536200e-03 3.250727272727273187e-02 2.688300000000000065e-02
3.894769230769231511e-02 3.100457142857142578e-01 -1.457823529411764706e-02 0.000000000000000000e+00 1.678942857142856973e-02 -4.157428571428573201e-03 6.931314285714286483e-02 4.164894285714285660e-01 1.311574285714285637e-01 2.822385714285713942e-01 -3.774657142857144182e-02 -5.336799999999999877e-02 -1.085771428571428304e-02 4.914954285714286386e-01 2.828400000000000358e-02 3.595871428571428274e-01 1.869111428571428313e-01 2.815697142857143120e-01 -5.070342857142856596e-02 2.231200000000000891e-02 5.824377142857143363e-01 -1.267134285714285880e-01 -4.065142857142857447e-02 -6.269057142857142884e-02 1.420742857142857050e-02 1.818228571428571333e-02 9.542857142857143204e-02 5.705985714285713994e-01 5.550177142857144474e-01 -8.924314285714284034e-02 1.659188571428571457e-01 5.112634285714285909e-01 1.669557142857142906e-01 -1.269399999999999869e-02 3.452457142857143224e-01 2.270594285714285510e-01 3.655428571428569022e-03 5.325800000000001366e-02 -1.016028571428571024e-02 7.578342857142857103e-02 6.056085714285713850e-02 2.423514285714286134e-02 2.871340000000000003e-01 5.138791428571428677e-01 -1.548285714285706910e-03 2.094400000000000428e-02 5.395720000000000516e-01 2.622531428571428513e-01 -5.917971428571427994e-02 3.052888571428570841e-01 2.667159999999999531e-01 1.968048571428571425e-01 8.745171428571428540e-02 1.420742857142857050e-02 5.967888571428572320e-01 5.058085714285715656e-02 3.871971428571429480e-02 -9.450114285714288076e-02 -9.153257142857144923e-02 1.996228571428571713e-02 3.651314285714286068e-01 4.327525714285714309e-01 -7.339428571428571399e-03 7.351764705882356254e-03 1.674376000000000475e-01 -1.946399999999999519e-02 2.819865714285714198e-01 3.292363636363636326e-02 -7.687181818181819393e-02 2.836592592592592776e-01 -2.790199999999999625e-02 -1.397228571428571313e-02 1.458628571428571656e-02 4.314685714285715346e-02 -1.495999999999998850e-03 1.777851428571428638e-01 2.312914285714285853e-02 -6.668628571428572571e-02 -2.854971428571427897e-02 5.017642857142856627e-01 3.595574285714285279e-01 -1.355228571428571289e-02 4.861828571428571805e-02 5.005462857142857214e-01 9.865457142857143868e-02 -3.316371428571428942e-02 3.883154285714285336e-01 3.344235294117647861e-02 6.549911764705881878e-02 9.895000000000001017e-03 4.136355882352941160e-01 4.970441176470588585e-02 -1.415911764705882724e-02 -5.385029411764705870e-02 1.669842857142857517e-01 4.586651428571427713e-01 -2.818171428571429604e-02 3.628442857142856748e-01 3.695417142857142512e-01 5.181228571428572044e-02 -4.501571428571429084e-02 2.825026470588234973e-01 5.534005882352941441e-01 3.120711764705882407e-01 -6.369176470588236438e-02 1.473382352941176796e-02 5.508626470588235957e-01 2.228555882352941109e-01 7.886941176470586845e-02 5.223823529411765476e-02 -1.211538235294117583e-01 2.085912500000000058e-01 -3.301633333333334197e-02 3.003836666666666599e-01 8.804172413793102947e-02 -4.441111111111110954e-02 6.888416666666667687e-02 7.286709090909091469e-01
2.649615384615384289e-02 1.758642857142857577e-02 3.152941176470594464e-04 1.678942857142856973e-02 0.000000000000000000e+00 -8.634805194805198619e-03 2.531428571428571625e-02 7.642421052631580281e-02 -7.549870129870129599e-03 1.783271428571428785e-01 -1.117129870129869758e-02 -2.371259740259740526e-02 -3.629090909090908635e-03 5.959961038961038293e-02 -6.463636363636366712e-03 4.368675324675324462e-02 -3.967012987012986762e-03 3.858324675324676517e-02 -1.726688311688311106e-02 4.085519480519481106e-02 8.019779220779220397e-02 -4.622350649350649016e-02 -7.697662337662338275e-03 -3.069376623376623980e-02 3.560441558441557880e-02 -5.319090909090910466e-03 3.463298701298701820e-02 6.360428571428572431e-02 7.204246753246752732e-02 -3.111194805194804694e-02 7.599402597402597770e-02 6.330233766233765713e-02 -3.847454545454544877e-02 -1.626263157894737230e-02 4.893789473684210384e-02 1.885263157894737085e-02 -1.005710526315789499e-02 -1.456883116883115996e-03 -5.058701298701296853e-03 3.911246753246753333e-02 1.949552631578947356e-02 3.468000000000000943e-02 8.144896103896104300e-02 9.417103896103895533e-02 6.329870129870139193e-04 -7.195454545454544812e-03 8.105870129870131058e-02 2.664441558441558305e-02 -3.105181818181817696e-02 4.570246753246753890e-02 4.263831168831169749e-02 7.619818181818180380e-02 5.206129870129869164e-02 2.766246753246753148e-02 8.391818181818180844e-02 -2.746233766233763338e-03 -4.889610389610387318e-03 -5.797194805194803152e-02 -5.337961038961038657e-02 -1.440948051948051818e-02 4.279142857142857054e-02 7.270415584415584886e-02 3.183636363636367216e-03 -8.308947368421049431e-03 9.611000000000000099e-02 1.055220779220778990e-02 6.286129870129870956e-02 4.693513513513516283e-03 -1.737919999999999743e-02 5.866869565217391197e-02 -1.000844155844155502e-02 -3.291428571428572317e-03 3.434246753246752992e-02 3.051064935064935757e-02 -1.529649350649350294e-02 -1.218857142857142535e-02 2.874896103896103228e-02 5.693506493506465382e-04 -1.818766233766233587e-02 6.556636363636363096e-02 -1.252922077922077708e-02 1.696740259740259910e-02 -1.547519480519480434e-02 6.571116883116882856e-02 6.830688311688311309e-02 -6.524545454545455613e-03 1.025038961038961249e-01 8.208421052631580117e-03 4.145131578947370762e-03 -1.059184210526316339e-02 3.901302631578947716e-02 -2.726973684210526067e-03 1.829539682539682230e-02 1.998684210526293313e-04 7.460948051948050608e-02 8.416376623376624344e-02 -2.159597402597402543e-02 1.272477922077922263e-01 1.163225974025974274e-01 -3.227909090909090312e-02 -1.956909090909091098e-02 2.038678947368421090e-01 8.289907894736843474e-02 4.829249999999999515e-02 -1.198249999999999836e-02 3.472657894736841389e-02 9.406460526315787996e-02 6.903986842105262756e-02 -1.167197368421052893e-02 1.895592105263158023e-02 -4.666092105263158069e-02 -2.783643835616438425e-02 -6.890624999999997446e-03 8.545656249999999954e-02 4.656170212765956690e-02 -1.961250000000001621e-03 2.931666666666666796e-02 -7.601090909090910119e-02
1.178769230769230805e-02 -1.207071428571428531e-02 -2.782352941176470876e-02 -4.157428571428573201e-03 -8.634805194805198619e-03 0.000000000000000000e+00 2.624937931034482946e-02 6.563474048442906328e-02 -4.127103448275860030e-03 1.311719655172413901e-01 -2.012771626297577693e-02 -3.345217993079584867e-02 -2.460161764705882242e-02 7.157318339100345039e-02 -2.656712802768165186e-03 6.486491349480968949e-02 1.523356401384082758e-02 5.250910034602075671e-02 -8.548892733564015731e-03 2.408269896193772613e-03 8.603975778546713027e-02 -4.402581314878892260e-02 -1.141906574394463761e-02 -3.506944636678200472e-02 1.102176470588235591e-02 -2.524899653979238712e-02 -1.328214532871972373e-02 4.531861591695501845e-02 9.015544827586208232e-02 -1.452602112676056219e-02 2.474498269896191656e-03 6.258689655172414157e-02 1.262633217993079822e-02 -7.757430555555555607e-03 3.515816608996540082e-02 6.763986159169552148e-02 -4.498645833333335398e-03 -1.458052816901408283e-02 1.459334558823529443e-02 1.148018939393939501e-02 8.365763888888889596e-03 -1.362941379310344571e-02 6.129448275862069140e-02 6.270265517241380149e-02 -1.404468965517241368e-02 2.539555172413793249e-02 5.721458620689655328e-02 2.607844827586206643e-02 -2.124089655172413382e-02 6.814406896551725157e-02 5.759841379310345205e-02 1.223051724137931041e-02 3.198524137931034461e-02 9.166172413793104157e-03 9.769596551724139821e-02 8.218758620689655542e-03 6.690207612456748609e-03 -5.522930795847751095e-02 -5.367148275862069357e-02 -1.077875862068965185e-02 4.585296551724137720e-02 4.260344827586207833e-02 -1.241644827586206763e-02 -1.518512110726643466e-02 5.050347670250895926e-02 -4.505413793103449013e-03 6.708244827586207215e-02 -1.296503496503496715e-02 -6.153125000000001475e-03 6.522177304964539568e-02 -2.200358620689654710e-02 8.183310344827587554e-03 6.333702422145330059e-03 -8.259688581314877584e-03 6.116539792387543431e-03 -6.999448275862069427e-03 1.196531034482758646e-02 -1.497782758620689637e-02 6.907724137931036887e-03 8.278820689655172482e-02 1.779344827586207267e-02 -1.291503448275862012e-02 -1.642899999999999916e-02 8.031403448275863111e-02 5.157620689655171425e-03 -2.192131034482758603e-02 6.953386206896552957e-02 3.480868055555555191e-03 -9.321118881118880747e-03 -4.898571428571429215e-03 6.473759717314488127e-02 4.505750915750917143e-03 1.696174545454545712e-02 -3.098794425087108076e-02 2.173927335640138403e-02 2.000771126760563651e-02 6.183485915492956467e-03 7.192628975265016877e-02 5.044693103448276428e-02 5.732172413793104604e-03 -2.604755172413792882e-02 1.264292041522491750e-01 5.941673611111111808e-02 5.501705882352941196e-02 -1.307128027681660892e-02 1.227515570934255978e-02 7.982096885813150244e-02 7.013702422145330975e-03 5.992456747404843916e-03 1.068225694444444734e-02 -4.441152249134948382e-02 2.162816901408453653e-03 -1.766835164835164895e-02 9.864852459016396069e-02 2.373747706422018461e-02 -2.454385964912279752e-03 -2.695999999999999786e-02 -1.136208333333333376e-01
2.397461538461537894e-02 1.879928571428571976e-02 2.573941176470587872e-02 6.931314285714286483e-02 2.531428571428571625e-02 2.624937931034482946e-02 0.000000000000000000e+00 3.096078275862069185e-01 2.828585197934595230e-02 2.528127194492254537e-01 -2.808412068965517039e-02 -5.850624137931034058e-02 -1.792896130346232145e-02 2.620131034482758858e-01 2.614224137931034711e-02 2.415731551724137616e-01 -3.513275862068980927e-04 2.520985517241379203e-01 -2.530124137931034217e-02 4.623234482758620950e-02 3.461631896551724541e-01 -8.551393103448275135e-02 -6.602896551724137322e-03 -4.973141379310344612e-02 6.164286206896551351e-02 -2.161148275862068840e-02 2.839922413793103534e-02 3.466153965517241864e-01 3.336291049913941431e-01 -2.433693520140104913e-02 1.927646273830155854e-01 3.297399483648881247e-01 2.555801393728223195e-02 -1.759442906574394325e-02 1.684127335640138168e-01 2.080347841105353868e-01 5.130544014084506554e-02 5.650480633802816566e-02 5.793292051756007699e-02 7.187702752293578801e-02 4.864440707964601956e-02 -1.075121107266435901e-02 2.437296034482759055e-01 3.270871772805508115e-01 -1.582192771084337674e-02 2.499982788296041536e-02 3.483651635111876255e-01 1.742719621342513070e-01 -2.119705679862306583e-02 1.533854905335628183e-01 1.370776592082616208e-01 5.655032702237521025e-02 8.062332185886401936e-02 5.978698795180723002e-02 3.560504302925989739e-01 2.691480206540447506e-02 4.580674137931034506e-02 -9.554996551724137532e-02 -8.253487091222030947e-02 1.081010327022375109e-02 2.936527710843374050e-01 2.896061617900171914e-01 -2.508227194492250022e-03 -9.025586206896555816e-03 1.666058450704225313e-01 -1.515922279792746193e-02 1.949678141135972598e-01 -3.777322357019063936e-02 1.095527410207939797e-02 2.466841373239436752e-01 6.907951807228916372e-03 1.488409638554217228e-02 4.882446551724137912e-02 6.454967241379311327e-02 3.822105172413793606e-02 6.316185886402754524e-02 6.189547332185887235e-02 -1.564855421686747045e-02 2.529729776247848644e-02 3.324259208261617915e-01 1.991828743545610847e-01 -1.581060240963855223e-02 -8.578037865748707261e-03 3.026709294320137911e-01 7.404896729776246078e-02 -2.032478485370053933e-03 2.956888984509466467e-01 8.208196891191711642e-02 1.912246527777777816e-02 -1.328048780487802935e-03 2.498509397163120593e-01 4.583833333333333510e-02 9.819623400365630472e-02 -3.818438045375218554e-02 2.974487716262975701e-01 2.337515706806282678e-01 1.150073170731707138e-02 2.860258362369337837e-01 3.402459896729776445e-01 4.579008605851980079e-02 -2.890293103448276016e-02 2.490511379310344775e-01 3.256752595155709140e-01 1.930537823834196920e-01 -1.603108808290155951e-03 6.331578583765112844e-02 3.576285000000000713e-01 1.721619310344827403e-01 4.617953287197231610e-02 5.586323529411764410e-02 -8.215766839378238484e-02 5.483942508710801939e-02 -2.138674955595026503e-02 2.281435361216730129e-01 8.947731557377050504e-02 -5.933966480446925887e-03 1.608112676056337731e-01 1.253775000000000028e-01
1.200438461538461538e-01 2.596835714285714025e-01 1.834058823529411894e-02 4.164894285714285660e-01 7.642421052631580281e-02 6.563474048442906328e-02 3.096078275862069185e-01 0.000000000000000000e+00 1.078517593643586875e-01 4.145361634506243287e-01 -4.624242045454545619e-02 -9.939048919226392553e-02 -2.789492993630573320e-02 5.487453749999999797e-01 5.662459090909091608e-02 4.943008749999999729e-01 -5.921829545454546095e-03 4.871489090909090769e-01 -3.800222727272726392e-02 1.464040227272727646e-01 7.420071249999998786e-01 -1.559709318181818072e-01 -3.822874999999998150e-03 -6.799102272727272633e-02 9.664322727272728342e-02 -3.798576136363636391e-02 7.504635227272726805e-02 7.307053181818181642e-01 6.955985244040863158e-01 -3.844761194029850532e-02 3.965615304948216235e-01 6.547018161180477858e-01 1.366711784897025050e-01 2.515697940503436314e-03 3.509254931192660187e-01 4.475548906789413306e-01 7.488674796747965545e-02 5.992984953703703321e-02 7.260070658682633848e-02 1.803603947368421223e-01 1.135186674391657075e-01 1.091637714285714593e-02 4.376525597269624313e-01 7.035341316685584934e-01 1.251543700340522133e-02 1.017066855845629864e-01 7.160517593643586087e-01 2.991049375709420866e-01 -1.828845629965947586e-02 2.915698524404086167e-01 2.766389443813848104e-01 1.529382746878547306e-01 1.917748013620885483e-01 1.011112145289443792e-01 7.432691827468785872e-01 5.537611804767311047e-02 1.114295113636363799e-01 -1.438107840909090829e-01 -1.312808626560726388e-01 3.172885357548240609e-02 5.919773666288308256e-01 5.694372417707150857e-01 5.655286038592508696e-02 9.094516496018204346e-03 3.244477020785219157e-01 -1.842124004550625693e-02 3.703236477272727201e-01 -6.621611174458380544e-02 3.510966060606061229e-02 4.828713824884793282e-01 2.195503972758229561e-02 4.427291713961407915e-02 8.368486363636364056e-02 1.218992727272727311e-01 6.053396590909091574e-02 1.401518501702610497e-01 9.716469920544835992e-02 8.130090805902386031e-03 6.726111237230419926e-02 7.102453688989784908e-01 4.353627241770715028e-01 3.191940976163487815e-04 -5.895573212258793314e-03 6.298900454029512375e-01 1.169942338251986486e-01 -1.020590909090908710e-03 6.069294880546074467e-01 1.561765108323831253e-01 6.966942660550458355e-02 1.952639494833525308e-02 4.853655697674418845e-01 1.295286794717887269e-01 1.354729625151148698e-01 -2.693206659012628915e-02 5.073109236031927427e-01 4.087460665137614968e-01 5.197386727688786678e-02 5.644400114416476821e-01 6.984316458569806985e-01 1.315070374574347500e-01 -3.299228409090908948e-02 4.016335227272727071e-01 6.965563097949886151e-01 4.330412400455062039e-01 -1.345613196814562061e-02 9.689185437997724359e-02 7.146948522727272213e-01 3.626579204545454793e-01 6.530268792710706982e-02 1.362055580865603466e-01 -1.536252673492605192e-01 1.511071739130434577e-01 -9.640861244019137063e-03 5.226205703422053261e-01 1.707295614035087838e-01 -2.560795744680851097e-02 3.105307407407407738e-01 6.395253846153845512e-01
4.097076923076922728e-02 1.977242857142857135e-01 5.542294117647059148e-02 1.311574285714285637e-01 -7.549870129870129599e-03 -4.127103448275860030e-03 2.828585197934595230e-02 1.078517593643586875e-01 0.000000000000000000e+00 9.525203319502073551e-02 -2.669170301142263779e-02 -3.555936590436589717e-02 -1.386957373271889213e-02 7.196816199376947221e-02 3.573676012461060852e-03 7.571850467289720221e-02 2.694340602284527302e-03 8.124694704049845173e-02 -1.465779854620975937e-02 1.895448598130841655e-02 1.106543094496365565e-01 -5.087762993762993957e-02 -1.407747401247400922e-02 -2.472598130841121428e-02 1.061754932502596014e-03 -2.282149532710280385e-02 -1.236448598130840230e-03 8.313491173416406865e-02 1.153028941908713634e-01 -1.742052742616033781e-02 5.376800212539852020e-02 1.069007620041753787e-01 1.826005268703899051e-02 -1.371738766980146185e-02 5.208341361256544483e-02 7.430360294117648035e-02 -3.045227995758216510e-03 -3.314086589229143284e-03 -3.244972677595627224e-03 1.664933478735005148e-02 1.954142857142857417e-02 -8.918945720250523457e-03 6.448506237006236541e-02 9.808126556016598385e-02 -1.455951244813278103e-02 1.240988589211618198e-02 7.996698132780083457e-02 4.841526970954356662e-02 -1.664262448132780223e-02 5.553181535269709201e-02 5.438155601659751953e-02 1.002970954356846404e-02 3.120236514522821761e-02 -6.231846473029042455e-04 1.400981016597510620e-01 2.104356846473029626e-03 1.364304257528556504e-02 -4.952437175493250299e-02 -4.502928423236514377e-02 -3.947499999999998753e-03 8.400785269709541703e-02 4.986871369294606365e-02 1.583288381742738084e-03 -1.244170655567117777e-02 5.954667721518987211e-02 -1.345619146722164608e-02 8.051787721123829233e-02 -1.534360125260960175e-02 -9.080375275938190605e-03 6.937883157894736419e-02 -4.030498442367599563e-03 3.231464174454829245e-04 -1.101465696465697003e-03 7.689521829521830942e-03 2.573284823284846339e-04 1.345696780893042462e-02 5.468120456905504459e-04 -1.074245067497403908e-02 4.262710280373832941e-03 1.114096261682242933e-01 6.122983385254412991e-02 -9.769055036344755777e-03 -1.635058151609553381e-02 1.001933956386292929e-01 -2.076157840083073334e-03 -7.413149688149686493e-03 8.274090530697190971e-02 2.238349322210636191e-02 -5.547639034627493623e-03 -1.705637223974763514e-02 7.536012765957444959e-02 2.006578774617067892e-02 6.563506637168143101e-03 -1.709422712933753724e-02 6.689948851774529803e-02 5.321799580272822822e-02 3.649151832460732943e-03 9.409736125654449834e-02 8.765669781931463567e-02 1.253802699896158085e-02 -1.795878378378378340e-02 9.582860706860706068e-02 8.906548958333333765e-02 7.153457768508864056e-02 -1.552235662148070648e-02 9.968404588112616919e-04 1.119817916666666774e-01 3.999157291666666225e-02 -5.789801670146137169e-03 1.548493736951983557e-02 -4.945686131386861639e-02 3.970670859538787296e-03 -1.878349397590361319e-02 8.276394431554524866e-02 3.655820995962314607e-02 -1.493239766081871402e-02 2.350030303030303108e-02 1.213057142857142667e-01
7.990153846153846828e-02 3.659621428571428470e-01 1.062976470588235384e-01 2.822385714285713942e-01 1.783271428571428785e-01 1.311719655172413901e-01 2.528127194492254537e-01 4.145361634506243287e-01 9.525203319502073551e-02 0.000000000000000000e+00 7.922597938144331289e-03 4.232445820433436076e-03 9.459542857142874510e-04 3.722730618556701065e-01 9.870058762886596559e-02 3.343937216494845543e-01 -4.891989690721645044e-03 3.243843298969072420e-01 7.956377319587629171e-02 1.234677216494845520e-01 3.986313092783504985e-01 -1.237464912280701740e-01 2.180557275541795612e-02 -2.991421649484535955e-02 4.325444845360824631e-01 -1.017516907216494820e-01 5.401377319587628845e-02 4.144289566115703094e-01 4.848258101135191067e-01 -5.618971668415529905e-03 2.134863742071881343e-01 3.749846321243523461e-01 1.615704811715481248e-01 1.805566390041494010e-02 2.320566839916839985e-01 2.931759332638164683e-01 5.320962105263157133e-02 6.102524109014675208e-02 6.813646420824295835e-02 1.354140043290043560e-01 9.406303571428571708e-02 4.775798963730570196e-02 2.581573374613003180e-01 4.183629969104017410e-01 2.525736354273944162e-02 9.825325437693099850e-02 4.152690628218331792e-01 1.884228733264675659e-01 5.336220391349124140e-03 1.990322142121524474e-01 2.242391143151390154e-01 9.195299691040165202e-02 1.527946035015448067e-01 4.335179505664263355e-01 6.290285787847579302e-01 3.401556127703398574e-02 1.035848453608247538e-01 -1.369271134020618071e-02 -1.125294541709577489e-02 1.283934088568495829e-04 3.774798352214212560e-01 4.484650875386201330e-01 7.378146240988670349e-03 -1.480238636363636479e-02 2.616845549738219812e-01 1.645168388429752229e-02 2.629649690082644931e-01 2.601703937823834911e-01 4.293291347207008751e-02 3.018165935214210949e-01 5.233187628865979685e-02 5.859908247422680738e-02 4.000414344685241930e-01 1.316415892672858322e-02 1.486302373581011374e-02 1.011953092783505065e-01 4.372964226804123000e-01 -1.422879381443298979e-02 5.495143298969072665e-02 5.188712164948453553e-01 2.440488041237113548e-01 6.675257731958863345e-05 -1.480224742268041252e-02 3.934735257731958868e-01 8.556263917525773477e-02 8.532528379772962371e-03 3.960075103305785715e-01 8.696972049689441486e-02 5.115832291666665838e-02 3.398310020876826876e-02 3.263352164730728422e-01 1.093190119435396152e-01 1.110344895718990144e-01 8.372682672233823509e-03 3.135112953367875654e-01 2.730639062499999881e-01 5.625297297297297827e-02 4.288256340956341783e-01 3.970440309278350788e-01 7.636527835051545865e-02 1.259578947368421124e-02 4.099833952528380010e-01 4.213617993795243932e-01 2.748268426501035977e-01 4.650933747412008823e-02 4.358619979296066149e-01 3.762258531540847439e-01 2.085831230610134535e-01 4.445946113989637793e-02 1.459645595854922040e-01 -1.180384886128364452e-01 7.875312174817897248e-02 -2.703605005440696402e-02 3.328038248847927094e-01 8.016182910547398066e-02 8.882649903288200588e-02 2.828463999999999423e-01 3.693340000000000511e-01
-7.072307692307692843e-03 -1.816071428571428351e-02 -2.227588235294117314e-02 -3.774657142857144182e-02 -1.117129870129869758e-02 -2.012771626297577693e-02 -2.808412068965517039e-02 -4.624242045454545619e-02 -2.669170301142263779e-02 7.922597938144331289e-03 0.000000000000000000e+00 -1.510961855670103077e-02 -1.216439497716895017e-02 -3.378234809474768563e-02 -1.166748712667353520e-02 -3.603513903192585160e-02 3.369897013388258988e-03 -3.636346035015448203e-02 -1.004506694129763192e-02 -1.710903192584964025e-02 -3.576690721649484345e-02 -1.373073271413828740e-02 -1.438745098039215763e-02 -2.388329896907216698e-02 1.895690721649485617e-03 -2.844805154639175673e-02 -2.223950515463917615e-02 -4.648754132231404379e-02 -3.046627450980391588e-02 -1.584776495278069491e-02 -3.957011627906976275e-02 -3.576224870466320621e-02 -1.848982217573221648e-02 -1.385317427385892100e-02 -2.152713097713097271e-03 -1.602083420229405766e-02 -2.366006315789473749e-02 -1.330268343815513982e-02 -1.495916576381365291e-02 -2.355027027027026959e-02 -1.577938025210084277e-02 -1.432068393782383320e-02 -2.701719298245613965e-02 -3.908296601441811624e-02 -1.571463439752832092e-02 -2.204742533470649066e-02 -4.981280123583933794e-02 -1.519201853759011463e-02 -1.715269824922760131e-02 6.419773429454147520e-04 -9.070813594232750299e-03 -2.236870236869207065e-02 -2.071929969104016611e-02 3.384387229660145921e-03 -2.798393408856848785e-02 -1.297928939237899364e-02 -7.750432989690721544e-03 -2.887874226804123742e-02 -2.886009268795056842e-02 -1.668483007209062979e-02 -2.960369721936148557e-02 -2.857834191555097547e-02 -2.144681771369721934e-02 -2.128752066115702571e-02 -6.916094240837698109e-03 -5.468491735537189986e-03 6.188119834710742104e-03 -8.757160621761657729e-03 -1.302791894852135986e-02 -2.772496342737721872e-02 -1.749080412371133847e-02 -9.061164948453607343e-03 2.221578947368421653e-03 -2.315959752321981174e-02 -1.950504643962848103e-02 -2.702664948453607774e-02 1.489329896907217723e-03 -1.632489690721649483e-02 -1.713879381443299266e-02 -4.161503092783504915e-02 -3.010975257731958801e-02 -1.538078350515464064e-02 -2.404555670103093040e-02 -3.717679381443297904e-02 -1.460090721649484613e-02 -1.787189886480907916e-02 -2.966890495867768179e-02 -2.521674948240165692e-02 -1.444746874999999937e-02 -2.040733820459290221e-02 -2.264443505807814047e-02 -2.014118221258134542e-02 -1.640339187705817936e-02 -1.690469728601252594e-02 -4.301830051813471112e-02 -2.938376041666666827e-02 -2.133470893970893650e-02 -2.464231808731808318e-02 -4.986983505154637952e-02 -2.173088659793814825e-02 -1.878430340557275813e-02 1.073582043343653328e-02 -4.422331954498448514e-02 -2.460789855072463908e-02 -1.497454451345755708e-02 1.181252587991719373e-03 -3.628356773526370677e-02 -2.398870734229575918e-02 -1.381835233160621894e-02 -2.071904663212435424e-02 -1.352344720496894380e-02 -2.603359001040583126e-02 -2.574453754080522488e-02 -1.673866359447004695e-02 -8.067503337783710898e-03 -1.327228682170542712e-02 1.885999999999990006e-04 -1.426340000000000108e-01
-1.707307692307691999e-02 5.059142857142857191e-02 -2.952647058823529291e-02 -5.336799999999999877e-02 -2.371259740259740526e-02 -3.345217993079584867e-02 -5.850624137931034058e-02 -9.939048919226392553e-02 -3.555936590436589717e-02 4.232445820433436076e-03 -1.510961855670103077e-02 0.000000000000000000e+00 -1.797325342465753636e-02 -8.185503604531409183e-02 -2.726098867147270718e-02 -7.203618949536559624e-02 -3.860288362512874667e-03 -6.954671472708548463e-02 -1.580084449021627174e-02 -4.372729145211121798e-02 -1.041275463917525623e-01 -1.548145510835913230e-02 -2.182820433436532745e-02 -2.301688659793814373e-02 -7.130711340206186653e-03 -2.612570103092783785e-02 -3.169772164948453375e-02 -1.264530475206611659e-01 -9.448541795665635346e-02 -1.833523609653725170e-02 -6.372576719576719673e-02 -9.958454922279792731e-02 -3.733298117154811024e-02 -2.544587136929460716e-02 -4.038405405405405546e-02 -6.513192909280500487e-02 -3.130422712933753765e-02 -2.129906806282722345e-02 -2.219885281385281309e-02 -4.260500540540540504e-02 -2.607048319327730929e-02 -2.349813471502590692e-02 -6.032287925696594444e-02 -1.116409989701338951e-01 -2.314240988671472862e-02 -4.272780638516993079e-02 -1.287829557157569582e-01 -5.159328527291452693e-02 -2.237794026776519091e-02 -1.794119464469619285e-02 -2.601974253347065502e-02 -3.744509783728115077e-02 -3.899330587023686762e-02 -7.391750772399587749e-03 -1.050048300720906186e-01 -1.415186405767250230e-02 -1.689880412371134316e-02 -3.264976288659793974e-02 -3.260685890834191109e-02 -2.258343975283213026e-02 -8.663731204943357633e-02 -1.011476107106076411e-01 -3.469757981462409657e-02 -2.122839876033057877e-02 -3.041019895287958366e-02 -1.210487603305785212e-02 -2.105119834710744015e-02 -1.601366839378238344e-02 -2.480257393209200217e-02 -7.213388714733541540e-02 -2.660468041237113584e-02 -2.209209278350515379e-02 -8.208101135190918121e-03 -3.860530443756449853e-02 -2.317970072239422183e-02 -3.648214432989690253e-02 -6.905742268041237079e-03 -2.235191752577319474e-02 -2.648997938144330086e-02 -1.071981443298968967e-01 -7.174079381443299042e-02 -2.224385567010309442e-02 -2.752825773195876485e-02 -8.824167010309277859e-02 -3.228928865979381613e-02 -2.249675954592363428e-02 -9.389130165289255592e-02 -3.865685300207039043e-02 -2.536462499999999828e-02 -2.635534446764091834e-02 -7.254488912354803420e-02 -3.728802603036875801e-02 -3.271403951701427198e-02 -2.399882045929018978e-02 -8.133744041450777229e-02 -6.637759374999999129e-02 -2.728593555093555487e-02 -8.101993762993761616e-02 -1.158663195876288715e-01 -3.232118556701031598e-02 -1.914036119711042330e-02 1.623169246646026520e-02 -1.111237435367114779e-01 -6.079052795031054945e-02 -2.206868530020704086e-02 -7.381035196687369716e-03 -9.349517063081695667e-02 -6.125593588417786034e-02 -2.543318134715026255e-02 -3.211951295336787360e-02 -1.549050724637681016e-02 -4.266847034339230071e-02 -2.322560391730141283e-02 -6.979971198156682821e-02 -1.679515353805073261e-02 -2.030192233009708858e-02 -2.745739999999999639e-02 -1.270793333333333497e-01
-1.128000000000000010e-02 3.318071428571428561e-02 -1.644823529411764546e-02 -1.085771428571428304e-02 -3.629090909090908635e-03 -2.460161764705882242e-02 -1.792896130346232145e-02 -2.789492993630573320e-02 -1.386957373271889213e-02 9.459542857142874510e-04 -1.216439497716895017e-02 -1.797325342465753636e-02 0.000000000000000000e+00 -4.136726447219069708e-02 -8.382883087400679403e-03 -1.240295119182746424e-02 2.633632236095345865e-03 -1.975793416572077174e-02 -1.384128263337116964e-02 -1.757148694665153221e-02 -2.299554545454544907e-02 -2.037914675767917710e-02 -1.549502844141069542e-02 -2.460773863636363940e-02 -9.270454545454543478e-05 -2.659950000000000508e-02 -1.830995454545454593e-02 -6.129256264236902091e-02 -2.225674630261660625e-02 -1.157865740740740904e-02 -2.678001168224299067e-02 -1.952626285714285231e-02 -1.557822376009227079e-02 -1.049608000000000138e-02 -1.635338302752293443e-02 -1.592609896432681249e-02 -1.633089534883721064e-02 -1.230906682027649475e-02 -1.795903755868544921e-02 -1.478405561993047061e-02 -1.618909512761020769e-02 -1.408251428571428640e-02 -2.001216154721274440e-02 -4.452047673098750991e-02 -9.863847900113506539e-03 -1.569894438138478773e-02 -6.356708286038591227e-02 -1.116918274687854658e-02 -1.450872871736662816e-02 3.922349602724173843e-03 2.931918274687854431e-03 -9.736015891032914760e-03 -1.681532349602724366e-02 -1.081997729852439676e-03 -1.063761634506242386e-02 -6.559421112372304345e-03 -9.973193181818182027e-03 -2.933998863636363627e-02 -2.867788876276957874e-02 -1.232471055618615356e-02 -2.608718501702610507e-02 -3.732790011350738124e-02 -2.178227014755958896e-02 -2.020791571753986424e-02 4.378369942196532610e-03 -6.442961275626423248e-03 1.639430523917995153e-02 -7.285205479452053906e-03 -1.694045610034207450e-02 -2.587614763552480157e-02 -1.445867045454545495e-02 -8.360897727272725496e-03 -1.223295454545454339e-03 -1.874370454545454603e-02 -1.926270454545454466e-02 -1.631627272727272787e-02 -6.388636363636330791e-05 -1.707053409090909107e-02 -1.597348863636363983e-02 -3.450605681818182113e-02 -2.342546590909090967e-02 -1.357428409090909172e-02 -2.082713636363636364e-02 -3.062235227272726984e-02 -1.624631818181818121e-02 -1.295534698521046656e-02 -3.401506833712984040e-02 -1.182355758266818817e-02 -1.659222222222222001e-02 -1.423664753157290359e-02 -1.459704861111110925e-02 -2.080125000000000030e-02 -8.387831912302070800e-03 -1.842830840046030122e-02 -3.417980593607305301e-02 -1.562694063926940713e-02 -1.134758542141229946e-02 -1.970399317406143144e-02 -4.851060227272727121e-02 -1.604161363636363857e-02 -1.511724687144482340e-02 1.124716723549488116e-02 -5.277784738041001872e-02 -1.874183789954338153e-02 -1.560358447488584439e-02 -7.765981735159816195e-04 -2.166820980615734998e-02 -2.143641961231470758e-02 -1.117594285714285443e-02 -7.322945205479450270e-03 -1.976127853881278623e-02 -2.466366245694603943e-02 -1.777363636363636645e-02 -2.111385012919896748e-02 -3.714061068702289789e-03 -9.585534441805225805e-03 -1.139569999999999472e-02 -6.489799999999999736e-02
