0.000000000000000000e+00 7.743615384615386288e-02 1.805646153846153790e-01 2.360899999999999666e-01 3.093353846153846787e-01 1.336930769230769145e-01 3.309769230769231130e-01 6.583230769230767609e-02 1.702184615384615407e-01 -4.682846153846154796e-02 1.690238461538461356e-01 1.702661538461538449e-01 1.979146153846154388e-01 1.643876923076922902e-01 2.007046153846153980e-01 1.886023076923077080e-01 1.721007692307692238e-01 -2.125153846153845366e-02 1.417853846153845909e-01 2.072123076923076956e-01 2.246415384615384203e-01 1.624961538461538457e-01 1.510899999999999743e-01 1.718607692307692336e-01 1.924438461538461598e-01 2.639076923076922876e-01 1.508392307692307532e-01 2.281907692307691415e-01 2.330630769230769284e-01 1.869807692307692004e-01 8.457923076923078154e-02 1.908969230769230474e-01 1.715315384615384020e-01 1.178046153846153826e-01 1.995815384615384214e-01 1.213538461538461455e-01 1.950338461538461410e-01 1.791230769230769404e-01 2.498223076923077324e-01 2.042123076923076930e-01 1.955053846153846364e-01 1.717561538461538362e-01 1.481884615384615467e-01 2.456676923076922536e-01 1.698661538461538612e-01 1.408823076923076678e-01 1.791207692307691945e-01 1.691330769230769138e-01 2.499030769230769500e-01 9.615384615384615918e-02 1.624230769230769478e-01 1.530715384615384256e-01 7.519769230769229873e-02 1.924438461538461598e-01 2.330630769230769284e-01 2.221430769230769431e-01 7.734230769230768243e-02 1.312538461538461376e-01 1.190199999999999869e-01 1.341684615384615420e-01 1.318992307692307686e-01 -2.876923076923055904e-04 2.152146153846153931e-01 1.244391666666666563e-01 3.641999999999999404e-02 1.442769230769230804e-01 -7.232769230769230118e-02 1.544007692307692026e-01 9.698090909090910372e-02 4.751600000000000268e-02 1.597699999999999954e-01 1.729046153846153788e-01 1.924438461538461598e-01 3.136061538461538678e-01 1.907884615384615179e-01 1.857007692307692248e-01 1.641623076923076630e-01 1.415707692307692223e-01 1.708538461538461894e-01 2.407861538461538442e-01 1.855215384615384600e-01 1.610853846153846303e-01 1.597376923076923028e-01 1.741776923076923111e-01 1.820192307692307387e-01 1.661400000000000099e-01 9.197538461538459775e-02 2.250933333333333397e-01 8.939500000000000224e-02 2.692408333333333181e-01 2.072524999999999784e-01 2.349033333333333251e-01 1.081216666666666715e-01 1.745966666666667055e-01 1.775784615384615461e-01 2.033838461538461373e-01 2.010100000000000220e-01 4.945384615384616246e-03 9.737538461538461365e-02 1.675561538461538269e-01 1.811053846153846403e-01 -6.988916666666668276e-02 2.345891666666665987e-01 1.543566666666666698e-01 1.542099999999999860e-01 1.847258333333333391e-01 2.755433333333333068e-01 2.063683333333333481e-01 1.399499999999999911e-01 1.762808333333333310e-01 1.499141666666666539e-01 2.038783333333333558e-01 2.394699999999999884e-01 -4.679833333333333067e-02 2.727716666666666900e-01 1.008150000000000018e-01 2.254190909090909301e-01 2.501079999999999970e-01
7.743615384615386288e-02 0.000000000000000000e+00 8.497857142857154211e-03 3.649357142857142522e-01 5.031571428571429000e-02 3.512500000000000344e-02 3.235714285714286903e-02 -2.254435714285713821e-01 2.436214285714285999e-01 -3.337242857142857511e-01 1.515978571428571453e-01 -2.720357142857141725e-02 1.571528571428571219e-01 -1.034214285714285357e-02 1.766742857142857004e-01 3.114228571428571124e-01 1.022507142857142781e-01 -2.649185714285713922e-01 3.157571428571427641e-02 9.793571428571427873e-02 3.245821428571428746e-01 7.973214285714283478e-02 3.140857142857143153e-02 -3.712857142857148816e-03 1.028821428571427971e-01 -2.066785714285713019e-02 -3.112214285714286557e-02 2.900185714285714589e-01 2.160021428571428370e-01 3.915214285714285758e-02 1.342457142857143015e-01 2.459592857142856859e-01 1.690907142857142886e-01 1.310292857142857093e-01 2.617292857142857199e-01 2.935985714285714310e-01 4.537142857142859378e-03 1.070714285714286299e-02 1.377714285714284545e-02 2.002071428571428613e-01 -6.444714285714286950e-02 2.393142857142856877e-02 1.539399999999999935e-01 3.808785714285714552e-01 1.084271428571428608e-01 3.186357142857144248e-02 3.369278571428571678e-01 2.514135714285714029e-01 5.207999999999997354e-02 2.637757142857142800e-01 1.495999999999999830e-01 1.729557142857142960e-01 9.495285714285715828e-02 1.028821428571427971e-01 2.160021428571428370e-01 -9.572571428571426122e-02 6.001214285714286112e-02 -7.064285714285715653e-03 -2.547642857142856654e-02 -4.610500000000000709e-02 3.022785714285715700e-02 -2.559928571428573066e-02 1.657485714285713563e-01 1.227553846153846273e-01 1.420260000000000133e-01 3.748785714285713527e-02 -1.473507142857143071e-01 1.091914285714285782e-01 -1.804166666666664641e-03 3.137066666666667447e-01 1.486664285714285605e-01 -7.910714285714286545e-03 1.028821428571427971e-01 1.506714285714284667e-02 8.254499999999999338e-02 1.059742857142857014e-01 1.951421428571427918e-01 -2.264642857142857776e-02 1.388714285714287913e-02 2.231735714285714156e-01 3.397350000000000092e-01 1.879785714285714046e-02 -1.097278571428571686e-01 2.461199999999999499e-01 1.390928571428571084e-02 1.270171428571428562e-01 1.181935714285714256e-01 8.767846153846152457e-02 7.622000000000000997e-02 1.153923076923077558e-02 2.961453846153846436e-01 1.052223076923076983e-01 1.032538461538461960e-01 5.358538461538459724e-02 -1.720000000000007330e-03 3.442857142857142505e-01 1.487207142857142894e-01 -8.206571428571429738e-02 3.705335714285714066e-01 -1.593585714285714328e-01 -5.133642857142856758e-02 -3.211461538461539145e-01 3.433469230769230496e-01 3.426299999999999901e-01 -8.346153846153930595e-04 5.203923076923076818e-02 4.166046153846154065e-01 1.412076923076922667e-02 1.110961538461538306e-01 1.677815384615384819e-01 5.656538461538461460e-02 1.636576923076922818e-01 -9.092307692307735004e-04 -3.314400000000000124e-01 -6.215000000000007845e-03 1.153741666666666665e-01 -5.305727272727272376e-02 2.995480000000000365e-01
1.805646153846153790e-01 8.497857142857154211e-03 0.000000000000000000e+00 1.987223529411764611e-01 2.872123529411764742e-01 2.467594117647058938e-01 2.613588235294117545e-01 -5.712235294117645745e-02 3.039858823529412168e-01 -2.416564705882352782e-01 1.718435294117647005e-01 2.036729411764706121e-01 2.761847058823529433e-01 1.077835294117647086e-01 3.484135294117646220e-01 1.616817647058823582e-01 1.998835294117647099e-01 -8.376882352941177057e-02 3.248858823529411355e-01 2.794699999999999962e-01 2.162929411764705490e-01 2.999935294117647144e-01 2.789329411764706057e-01 3.101170588235294123e-01 2.502917647058823802e-01 2.734764705882352653e-01 1.819170588235294039e-01 1.738847058823529412e-01 9.422294117647059264e-02 2.855188235294117693e-01 1.090388235294117575e-01 2.176952941176470424e-01 1.243341176470588449e-01 1.858452941176470807e-01 1.311382352941176666e-01 2.316270588235294081e-01 3.075829411764705590e-01 1.784694117647058764e-01 2.335082352941176553e-01 1.533994117647058952e-01 2.144664705882352862e-01 3.021023529411764330e-01 1.737958823529411889e-01 1.587141176470588388e-01 2.467641176470588005e-01 2.012388235294117478e-01 1.838605882352941367e-01 1.574117647058823621e-01 3.789329411764705835e-01 9.450823529411765678e-02 6.689117647058824556e-02 2.325352941176470623e-01 1.641411764705882348e-01 2.502917647058823802e-01 1.095258823529411674e-01 1.885464705882353154e-01 2.567111764705881649e-01 3.201600000000000001e-01 2.846658823529411575e-01 1.985494117647058909e-01 2.605917647058823561e-01 1.070088235294117673e-01 1.947535294117647142e-01 1.942112500000000019e-01 8.469874999999998932e-02 2.441935294117646704e-01 -1.476605882352940990e-01 1.876688235294118046e-01 2.540700000000000736e-01 3.889977777777777757e-01 3.136294117647059343e-01 1.951864705882352946e-01 2.402076470588235535e-01 3.342864705882352960e-01 2.532341176470588318e-01 1.089335294117647068e-01 2.580794117647058905e-01 3.788776470588235412e-01 2.929352941176470715e-01 8.915235294117647424e-02 2.137411764705882400e-01 2.484699999999999687e-01 2.528099999999999792e-01 1.550147058823529433e-01 2.473864705882352910e-01 2.138894117647058835e-01 3.320882352941175591e-02 2.326599999999999779e-01 2.568812500000000262e-02 1.943031250000000210e-01 2.624481250000000321e-01 1.865293749999999973e-01 2.274637500000000201e-01 2.780212499999999975e-01 2.065635294117647291e-01 1.539794117647058647e-01 2.303364705882352537e-01 -3.494117647058821597e-03 1.211082352941176415e-01 3.523670588235294221e-01 3.111888235294117955e-01 -2.954118749999999904e-01 1.616156250000000127e-01 2.262962500000000043e-01 3.164893749999999617e-01 2.760500000000000176e-01 2.235206250000000006e-01 3.067406249999999890e-01 1.836393749999999936e-01 2.508987500000000037e-01 3.144906250000000236e-01 6.572125000000000883e-02 2.722287499999999638e-01 -1.815668749999999887e-01 4.336653333333334026e-01 2.185923076923077246e-01 4.327954545454545388e-01 1.922059999999999602e-01
2.360899999999999666e-01 3.649357142857142522e-01 1.987223529411764611e-01 0.000000000000000000e+00 2.340131428571428640e-01 2.227885714285714192e-01 2.383788571428571701e-01 3.607408571428571964e-01 2.890962857142857501e-01 2.022897142857142949e-01 2.157574285714285445e-01 2.594140000000000335e-01 2.092751428571428263e-01 2.012920000000000265e-01 1.701554285714285963e-01 4.686862857142856664e-01 2.031080000000000108e-01 3.543617142857143354e-01 2.423119999999999719e-01 2.831962857142857337e-01 4.689168571428571353e-01 2.219554285714285813e-01 1.940934285714285557e-01 1.919571428571428540e-01 2.791665714285714861e-01 2.059888571428571402e-01 1.762731428571428782e-01 3.458082857142857347e-01 3.741082857142857820e-01 2.324357142857142733e-01 2.405342857142857560e-01 5.242362857142855992e-01 2.451905714285714522e-01 1.604457142857142748e-01 3.287554285714285318e-01 3.339500000000000246e-01 2.036214285714285643e-01 2.612019999999999897e-01 2.321605714285714106e-01 2.706857142857143073e-01 2.068585714285714194e-01 2.114537142857143004e-01 3.206671428571429283e-01 2.863674285714285506e-01 2.242325714285714200e-01 1.777434285714286077e-01 3.455697142857143134e-01 2.910534285714285740e-01 1.937500000000000056e-01 2.344457142857142851e-01 2.894665714285714619e-01 3.230874285714285810e-01 1.779785714285714304e-01 2.791665714285714861e-01 2.497380000000000710e-01 1.568574285714285366e-01 2.166360000000000230e-01 2.346185714285714541e-01 2.106385714285714250e-01 2.323571428571428732e-01 2.943837142857143596e-01 2.878274285714286229e-01 1.826668571428571586e-01 2.062232352941176516e-01 2.232787999999999995e-01 1.444739999999999636e-01 1.222942857142857304e-01 2.570445454545454145e-01 1.858739393939393691e-01 2.375503703703703839e-01 1.960522857142857067e-01 2.012768571428571185e-01 2.847508571428571389e-01 2.358174285714285667e-01 2.283308571428571410e-01 3.972380000000000355e-01 2.863565714285714603e-01 1.756479999999999986e-01 2.499354285714285306e-01 2.220468571428571569e-01 3.520317142857143367e-01 1.964962857142856512e-01 2.408288571428571501e-01 4.238825714285714419e-01 1.906882857142857268e-01 1.973114285714285820e-01 2.865765714285714583e-01 2.193173529411764910e-01 2.451358823529411479e-01 2.634394117647059219e-01 4.140644117647059308e-01 2.209917647058823598e-01 2.010902941176470615e-01 1.970038235294117868e-01 2.700391428571428665e-01 4.609582857142857093e-01 1.980105714285714247e-01 2.853988571428571763e-01 3.124994285714285946e-01 2.696859999999999813e-01 1.922968571428571583e-01 2.072758823529411987e-01 3.133002941176470935e-01 4.034947058823529775e-01 2.048408823529411504e-01 2.763673529411764807e-01 5.943655882352940623e-01 3.343338235294117666e-01 2.840429411764706646e-01 2.884623529411764475e-01 2.251658823529411879e-01 2.758631249999999868e-01 1.347116666666666740e-01 1.955376666666666652e-01 2.639468965517241528e-01 1.930883333333333896e-01 1.945000000000000340e-01 5.541781818181819030e-01
3.093353846153846787e-01 5.031571428571429000e-02 2.872123529411764742e-01 2.340131428571428640e-01 0.000000000000000000e+00 2.457637662337661955e-01 1.984625974025974182e-01 1.721478947368421109e-01 1.935187012987013011e-01 -1.910527272727272907e-01 2.961761038961039372e-01 2.815925974025973999e-01 2.494590909090909359e-01 6.867467532467534663e-02 2.476415584415584403e-01 2.069529870129870053e-01 1.869811688311688591e-01 1.614092207792207634e-01 2.783998701298702194e-01 2.963600000000000123e-01 2.419311688311688024e-01 2.637916883116883104e-01 2.516638961038960565e-01 2.456767532467533099e-01 3.028327272727272534e-01 3.409776623376623017e-01 2.104775324675325077e-01 2.165794805194805051e-01 2.277151948051948094e-01 2.332293506493506863e-01 1.764914285714285214e-01 2.316154545454544855e-01 2.053650649350649005e-01 2.053567105263157666e-01 1.508155263157894832e-01 2.164643421052631633e-01 2.631568421052631335e-01 2.468592207792207338e-01 2.546463636363637262e-01 2.051359740259739994e-01 1.712735526315789514e-01 2.819106493506493560e-01 1.977648051948051877e-01 2.056659740259740576e-01 2.389079220779220802e-01 2.094311688311688291e-01 2.050772727272727192e-01 1.862371428571428511e-01 2.937470129870130009e-01 -2.137857142857142387e-02 1.697076623376623516e-01 2.643312987012986781e-01 2.520089610389610324e-01 2.769812987012987282e-01 1.585632467532467338e-01 2.248080519480520068e-01 2.293296103896104166e-01 3.029032467532468131e-01 3.034698701298701451e-01 2.688362337662337787e-01 1.691585714285714082e-01 1.525662337662336832e-02 2.848961038961038694e-01 3.036110526315789482e-01 1.690388059701492529e-01 2.335909090909091268e-01 -1.799357142857142544e-01 3.103628378378378572e-01 2.559401333333333750e-01 9.801304347826088337e-02 2.418463636363636371e-01 2.120510389610389401e-01 2.818236363636363317e-01 3.068184415584415681e-01 2.200511688311688474e-01 1.976499999999999924e-01 2.967166233766234118e-01 2.851750649350650035e-01 3.241793506493507171e-01 1.541096103896103797e-01 1.765142857142857069e-01 2.517840259740260489e-01 2.312023376623376925e-01 1.906199999999999839e-01 2.220503896103896146e-01 2.821427272727273228e-01 1.633523376623376433e-01 2.736621052631578732e-01 1.973042105263157764e-01 2.257621052631579028e-01 1.913172368421052760e-01 2.243476315789474096e-01 2.495028571428571373e-01 2.520227631578947358e-01 2.331718181818181745e-01 2.776175324675325129e-01 2.601150649350649768e-01 1.310479220779220966e-01 1.953329870129870138e-01 2.164935064935064601e-01 2.154954545454545733e-01 -2.409843421052631773e-01 1.917426315789473590e-01 2.155128947368420977e-01 2.707151315789473323e-01 2.942650000000000543e-01 2.670114473684210843e-01 1.866099999999999981e-01 2.768494736842105342e-01 2.005760526315789050e-01 2.566748684210526377e-01 2.504313698630136753e-01 2.981317187499999966e-01 -3.102640625000000624e-02 3.127882978723404150e-01 3.010729166666666345e-01 4.633183333333333320e-01 2.266109090909090851e-01
1.336930769230769145e-01 3.512500000000000344e-02 2.467594117647058938e-01 2.227885714285714192e-01 2.457637662337661955e-01 0.000000000000000000e+00 2.462681724137931183e-01 1.605539100346020931e-01 2.579466206896551816e-01 -1.568726206896551845e-01 2.609741868512110985e-01 2.705436678200691669e-01 2.868055882352941177e-01 7.052384083044982432e-02 2.127006920415225044e-01 2.216892387543252518e-01 1.685211072664359877e-01 2.328720415224913576e-01 2.611719377162629585e-01 2.612192733564013825e-01 2.519232871972318377e-01 2.571420069204152226e-01 2.396593079584775077e-01 2.714734602076124270e-01 2.793732179930795700e-01 3.911418339100346531e-01 2.823776470588235110e-01 1.882939792387543221e-01 1.989236896551724310e-01 2.772778169014085137e-01 1.947236332179931029e-01 1.992237586206896394e-01 1.582104152249134699e-01 2.636982638888888952e-01 1.462003114186851416e-01 1.733959515570934196e-01 2.542469444444444004e-01 2.374181690140845236e-01 2.507625735294118363e-01 2.403060606060605786e-01 2.211753124999999986e-01 2.476048965517241296e-01 1.909245172413793212e-01 1.840196551724138097e-01 2.514617241379310530e-01 2.764743448275862048e-01 1.799185517241379262e-01 2.055457586206896337e-01 2.334181034482758488e-01 -1.083946551724137841e-01 1.476029999999999842e-01 2.683743793103448017e-01 1.662134827586206898e-01 2.731896551724137812e-01 1.097648620689655186e-01 2.046573103448275643e-01 2.294524913494809526e-01 3.087938062283737128e-01 3.056272758620690033e-01 2.346738275862068901e-01 1.265536206896551996e-01 5.082910344827586135e-02 2.868422413793103032e-01 2.824181314878893012e-01 1.363501433691756415e-01 2.314208275862069120e-01 -1.179343448275862183e-01 2.836876223776223505e-01 2.342999166666666633e-01 1.256896453900709087e-01 2.328566206896551527e-01 2.110811379310344738e-01 2.816903460207612619e-01 3.491334948096886381e-01 2.806817647058823528e-01 2.512496206896551731e-01 2.799351379310344168e-01 2.864340344827586149e-01 2.470539310344828099e-01 1.243106551724137837e-01 2.178836551724137593e-01 2.653870344827586325e-01 3.055798965517241839e-01 1.756153448275862006e-01 2.285148275862068645e-01 2.567988275862069236e-01 1.497360689655172494e-01 2.284997916666666740e-01 2.272003846153846096e-01 2.548832055749128411e-01 1.653975618374558254e-01 2.300169597069597061e-01 2.332964727272727468e-01 2.449956097560975488e-01 2.143165397923875448e-01 1.540580985915492862e-01 2.378043661971830924e-01 7.529915194346289975e-02 1.847366206896551843e-01 3.130661379310344938e-01 2.445374137931034253e-01 -1.827990311418684899e-01 1.526790277777777538e-01 2.076882352941176180e-01 2.072692387543252912e-01 2.823110726643598967e-01 2.825834256055363425e-01 2.044119723183390747e-01 2.538330103806228366e-01 1.963277083333333506e-01 2.518235294117647238e-01 2.889896126760563289e-01 3.371712454212454357e-01 -3.193172131147540421e-02 1.802925229357798254e-01 2.666909941520468341e-01 5.137269230769230255e-01 1.658775000000000110e-01
3.309769230769231130e-01 3.235714285714286903e-02 2.613588235294117545e-01 2.383788571428571701e-01 1.984625974025974182e-01 2.462681724137931183e-01 0.000000000000000000e+00 2.399418448275862092e-01 2.182882788296041654e-01 2.106275387263338225e-02 2.154081034482758783e-01 2.276270344827586445e-01 2.017498574338085771e-01 1.150096551724137939e-01 2.095279827586206955e-01 2.750611551724138071e-01 1.774006206896551752e-01 2.880553793103448057e-01 2.015163103448276150e-01 2.250387758620689682e-01 3.154692931034482895e-01 2.477527241379310075e-01 2.044310344827586223e-01 1.753405862068965482e-01 1.798711206896551895e-01 1.910277068965517133e-01 1.959244655172413807e-01 2.403342758620689579e-01 2.683443029259895973e-01 2.137035901926445103e-01 1.957042634315424579e-01 2.634767986230636683e-01 1.611115679442508553e-01 2.155356401384083131e-01 1.917548615916954691e-01 2.244490500863558224e-01 2.130653697183098605e-01 2.022579401408450550e-01 2.057846210720887248e-01 2.329019816513761276e-01 1.953838230088495720e-01 2.063702422145328730e-01 2.500377931034482581e-01 2.406854733218588560e-01 1.952799655765920794e-01 1.999198450946643724e-01 2.363791394148020975e-01 2.410468158347676693e-01 2.001181411359724827e-01 -2.128814113597245553e-02 1.966588640275387379e-01 2.162421514629948582e-01 1.600633562822719735e-01 1.730095524956970776e-01 1.946144061962133964e-01 1.761583304647159898e-01 1.703819310344827365e-01 2.475135689655172666e-01 2.425543545611015539e-01 1.972288640275387250e-01 1.913281239242685117e-01 1.331078657487091144e-01 1.905867814113597070e-01 1.877946034482758375e-01 1.514916197183098778e-01 1.869168739205526730e-01 -3.466901893287434311e-02 2.238611611785095434e-01 1.995305671077504672e-01 1.734509507042253373e-01 2.061775043029260013e-01 1.864200000000000024e-01 1.827272413793103456e-01 2.144590862068965487e-01 2.033870172413793087e-01 1.996691049913941196e-01 1.828690189328743554e-01 1.963483476764199542e-01 1.810847676419965746e-01 1.898041135972461380e-01 2.474719965576591962e-01 1.887638209982788473e-01 1.951024440619621436e-01 2.488703614457831448e-01 1.987477624784853847e-01 2.124215662650602299e-01 1.867824440619621496e-01 2.100632124352331542e-01 1.999078124999999762e-01 1.845706271777003693e-01 2.109541312056737450e-01 1.942180978260869828e-01 2.118268921389396819e-01 2.111703141361256364e-01 2.470865051903113618e-01 2.231556544502617534e-01 2.052739198606271798e-01 1.681471428571428561e-01 2.415660757314974094e-01 2.002985025817556053e-01 2.128871034482758828e-01 1.070968965517240558e-02 2.156458304498269918e-01 2.414787219343696167e-01 2.095136269430051823e-01 1.812590673575129596e-01 3.362224310344827383e-01 2.023945689655172464e-01 2.149976816608996366e-01 2.329095674740484789e-01 2.464361485319516432e-01 1.488881358885017214e-01 1.899176376554173873e-01 8.063058935361216983e-02 2.047317008196721244e-01 2.201957541899441650e-01 2.217976056338027691e-01 2.221225000000000005e-01
6.583230769230767609e-02 -2.254435714285713821e-01 -5.712235294117645745e-02 3.607408571428571964e-01 1.721478947368421109e-01 1.605539100346020931e-01 2.399418448275862092e-01 0.000000000000000000e+00 1.917924404086265855e-01 3.387054370034051631e-01 1.299419431818181758e-01 1.371455631399317310e-01 1.472318343949044483e-01 2.608592613636363522e-01 1.869373749999999890e-01 4.128624999999999656e-01 1.636590568181818250e-01 4.143730454545454522e-01 1.607307386363636403e-01 2.176214318181818319e-01 5.075474318181818489e-01 1.478370340909090919e-01 1.429389318181818191e-01 6.111637500000000056e-02 9.289682954545455673e-02 5.732007954545454559e-02 1.552708636363636374e-01 3.492219545454545715e-01 4.258468217934165967e-01 1.397488404133180318e-01 2.705462830840046351e-01 4.148284108967082995e-01 1.869516247139588194e-01 1.599665789473684041e-01 2.660646903669725005e-01 3.158941311852704326e-01 1.566899883855981390e-01 1.626470023148148258e-01 1.606413652694610728e-01 2.289333612440191124e-01 1.759772190034762374e-01 1.543571657142857323e-01 3.423749829351535046e-01 3.870055845629966074e-01 1.506887173666288382e-01 1.547480249716231548e-01 3.506356980703745907e-01 2.935529398410896551e-01 1.520082973893303047e-01 1.509735868331441577e-01 2.829293303064699394e-01 2.080448581157775256e-01 1.986295686719637132e-01 9.582364358683313765e-02 3.040719523269013180e-01 1.661392849035187302e-01 1.653466818181818510e-01 1.172076931818182011e-01 1.185665947786606195e-01 1.449163223609534479e-01 3.276363904653802339e-01 2.706394778660612954e-01 1.542798637911464155e-01 1.257295790671217328e-01 2.766796073903002307e-01 1.426250056882821249e-01 1.821893409090909188e-01 1.710684606613454839e-01 1.638748121212121323e-01 2.825953917050691433e-01 1.656542905788876696e-01 1.626861748013621045e-01 9.229130681818183135e-02 1.596468295454545605e-01 1.266498749999999951e-01 1.934354143019296479e-01 9.374036322360954077e-02 1.237269920544835367e-01 1.582870488081725424e-01 3.096267082860386100e-01 3.313337230419977075e-01 1.335059477866061273e-01 1.053650056753688974e-01 4.128595346197502791e-01 1.733475595913734346e-01 1.399239659090908972e-01 3.300531854379977759e-01 1.922556898517673862e-01 1.596307224770642241e-01 1.375865901262916247e-01 3.203635813953488176e-01 1.943510804321728902e-01 1.951421644498186059e-01 1.406598622273249055e-01 3.395118814139109764e-01 2.761281766055045939e-01 1.674484782608695599e-01 2.820763501144164520e-01 3.679305334846764697e-01 1.872357321225879556e-01 1.428933409090908935e-01 3.200152499999999733e-01 3.445888838268792442e-01 3.542442434584755495e-01 1.379452218430034238e-01 9.277604095563139752e-02 5.512376022727273339e-01 2.503420340909091046e-01 1.822179498861047908e-01 2.198652961275626427e-01 1.481872468714448554e-01 1.485464759725400319e-01 1.075456220095693805e-01 2.650668821292775368e-01 2.250109795321637574e-01 1.505743191489361810e-01 1.910287654320987627e-01 3.643899999999999917e-01
1.702184615384615407e-01 2.436214285714285999e-01 3.039858823529412168e-01 2.890962857142857501e-01 1.935187012987013011e-01 2.579466206896551816e-01 2.182882788296041654e-01 1.917924404086265855e-01 0.000000000000000000e+00 -4.585739626556016579e-02 2.848491381100727304e-01 2.994706756756756461e-01 2.843895391705069109e-01 2.877117341640706566e-02 2.413226998961578440e-01 2.400639771547248280e-01 1.832164693665628008e-01 2.631377881619937908e-01 2.914634890965732139e-01 2.656985669781931625e-01 2.745477881619937666e-01 2.950767983367983405e-01 2.636405717255717041e-01 3.091347248182761964e-01 3.337668016614745436e-01 4.054247040498442645e-01 3.035277881619937723e-01 1.930733437175493339e-01 1.753756120331950441e-01 2.919112130801687632e-01 2.499881083953241212e-01 2.153665135699373845e-01 2.113557955742887129e-01 2.942426227795193472e-01 1.657185549738219854e-01 2.065748949579832017e-01 2.892297030752916109e-01 2.457936219640971809e-01 2.464425136612021505e-01 2.447244820065430926e-01 2.607931216931216878e-01 2.823439457202505110e-01 2.357065280665280871e-01 2.094501763485477341e-01 2.711247614107883397e-01 2.564458298755186716e-01 1.945654668049792424e-01 2.375852697095435506e-01 2.671697925311203869e-01 -1.355447406639004038e-01 1.828466804979253235e-01 2.873688174273859031e-01 1.713634336099585098e-01 3.270454460580912714e-01 6.402531120331950154e-02 2.418792219917012543e-01 2.330384839044652157e-01 3.602013499480789527e-01 3.591923962655601543e-01 2.985458817427386058e-01 1.286563692946058046e-01 1.590040871369294284e-01 3.202446887966804434e-01 3.097199895941726844e-01 1.364405696202531659e-01 2.324828095733610656e-01 -1.485588761706555794e-01 3.234836951983298681e-01 2.401443046357615851e-01 1.273566631578947339e-01 2.535205295950155868e-01 2.580352024922118459e-01 3.271197401247400438e-01 3.680667463617462998e-01 2.910658731808732358e-01 2.685799480789200500e-01 3.330174974039459279e-01 3.150690861889927641e-01 2.783888265835929299e-01 1.008415991692627051e-01 2.611191484942886887e-01 2.862287435098649913e-01 3.289157943925233307e-01 1.997686292834890687e-01 2.654887435098650106e-01 2.863530457380457639e-01 1.655126951092611709e-01 2.819764442127215553e-01 2.679297166841553279e-01 2.898025446898002122e-01 1.544322553191489200e-01 2.642122210065645516e-01 2.423324557522124056e-01 2.968077287066245851e-01 2.240433298538622164e-01 2.259940083945435607e-01 2.944165863874345646e-01 1.056967015706806179e-01 2.082269989615784245e-01 2.956204465212876609e-01 2.761138773388773782e-01 -5.831143451143451506e-02 1.813393749999999971e-01 2.459208342022940752e-01 2.755008446298227165e-01 3.338668196037538616e-01 2.964385833333333387e-01 2.423265104166666406e-01 2.748709498956158903e-01 2.584367640918580622e-01 2.942110948905109491e-01 3.207216352201257559e-01 3.381390470974808271e-01 -2.234720417633410255e-02 2.358317631224764732e-01 3.012728654970759923e-01 5.750545454545454710e-02 1.936857142857142666e-01
-4.682846153846154796e-02 -3.337242857142857511e-01 -2.416564705882352782e-01 2.022897142857142949e-01 -1.910527272727272907e-01 -1.568726206896551845e-01 2.106275387263338225e-02 3.387054370034051631e-01 -4.585739626556016579e-02 0.000000000000000000e+00 -1.257034639175257928e-01 -1.925891847265222279e-01 -1.221597714285714426e-01 7.682247422680410325e-03 -9.014742268041221231e-04 5.118692989690720729e-01 7.562555670103091043e-02 3.393353711340206247e-01 -1.909216907216495229e-01 1.743495876288659804e-02 4.110527938144329374e-01 -1.008405159958720571e-01 -1.099819298245614252e-01 -2.012261752577319818e-01 -2.529877216494845760e-01 -2.730440309278350797e-01 -1.218606701030928025e-01 5.387828822314049138e-01 5.435763261093909948e-01 -1.217967156348373770e-01 1.267648731501057058e-01 4.372565595854921439e-01 -8.006383891213389448e-02 -8.408106846473029083e-02 2.129148128898128989e-01 1.704425651720542223e-01 -5.829257894736841750e-02 -5.500171907756814388e-02 -3.470958785249458195e-02 7.002968614718614593e-02 -2.175477941176471100e-02 -1.266029119170984651e-01 2.692271001031991684e-01 5.249417095777548781e-01 -1.046464469618949567e-01 -2.244339855818745441e-02 5.753072708547887215e-01 1.492755097837281109e-01 -9.770894953656025783e-02 -5.992644181256435720e-01 1.640435839340885493e-01 5.060410916580843077e-02 -1.208493923789907415e-01 -2.476646549948507414e-01 5.031306076210091405e-01 -7.560277033985582373e-02 -7.431087628865980232e-02 -2.419138969072164858e-01 -2.338600102986611584e-01 -1.299988671472708524e-01 2.647598661174047074e-01 -3.527209886714727793e-01 -8.559323377960864621e-02 -1.657475413223140626e-01 2.956647120418847557e-02 -6.252714876033058089e-02 -4.758981301652892570e-01 -3.201740932642487270e-01 -6.447463307776561681e-02 1.795023928944618763e-01 -1.087443505154639251e-01 -9.871204123711339873e-02 -2.508391434468524861e-01 -1.162322394220846322e-01 -1.358290299277605806e-01 -3.858851546391751930e-02 -2.544583608247423245e-01 -1.129591443298969128e-01 -1.162336701030927816e-01 4.491059175257731129e-01 2.757914948453608073e-01 -1.393046288659793852e-01 -2.072551340206185699e-01 5.016144329896906617e-01 -5.273658762886598850e-02 -1.211249122807017686e-01 3.246718078512396133e-01 -4.699606625258799519e-02 -7.226819791666667936e-02 -1.163945302713987467e-01 2.605480887011615287e-01 -7.690608034744852647e-03 -2.247883644346871518e-02 -1.459212526096033413e-01 3.524931813471502418e-01 2.094018541666666511e-01 -5.911658004158005381e-02 2.216642307692307245e-01 5.543295257731958303e-01 -4.268977319587629465e-02 -1.252022703818369553e-01 -7.968706811145510605e-01 4.914852637021715487e-01 3.054567287784679119e-01 -1.496234575569358460e-01 -2.495298136645963671e-01 3.931124198552223281e-01 1.845033712512926527e-01 -5.388547150259068858e-02 -5.169108808290164350e-03 -1.001670910973084944e-01 -1.988638709677419403e-01 -2.235314798694232885e-01 -1.655717396313363954e-01 6.748719626168223074e-02 -1.929976402321083306e-01 -1.219749999999999862e-01 6.680773333333333008e-01
1.690238461538461356e-01 1.515978571428571453e-01 1.718435294117647005e-01 2.157574285714285445e-01 2.961761038961039372e-01 2.609741868512110985e-01 2.154081034482758783e-01 1.299419431818181758e-01 2.848491381100727304e-01 -1.257034639175257928e-01 0.000000000000000000e+00 3.442245670103092903e-01 3.395779680365297315e-01 -1.207318228630278531e-02 2.464284757981462515e-01 1.887285787847580165e-01 2.073384449021627163e-01 2.224740473738414104e-01 3.043411122554067760e-01 2.813666632337795681e-01 2.014080515463917698e-01 3.325307017543859267e-01 2.900301651186790175e-01 3.459641340206185967e-01 3.541705979381443159e-01 4.349613608247422381e-01 3.109888659793814680e-01 1.721241632231405028e-01 1.254224871001032027e-01 3.039850682056662867e-01 2.235692389006342373e-01 1.746822901554404561e-01 2.433820815899581658e-01 2.983735373443983097e-01 1.521444698544698881e-01 1.711019499478623473e-01 2.975559684210526412e-01 2.621961215932914202e-01 2.632441928494041461e-01 2.484831891891892131e-01 2.451627941176471037e-01 3.068724455958549702e-01 2.020720227038183825e-01 1.671914727085479224e-01 2.929664984552007856e-01 2.665237590113285759e-01 1.777749330587023724e-01 2.310998661174047120e-01 2.968777445932028747e-01 -2.049016168898042944e-01 1.593654582904222294e-01 2.954709474768280053e-01 1.693524201853759403e-01 3.536383625128732833e-01 4.926188465499484886e-02 2.588785787847579511e-01 2.396535979381443637e-01 3.611754226804123613e-01 3.602836869207003412e-01 3.027354788877445468e-01 9.598226570545828618e-02 8.114929969104016372e-02 3.109577960865087531e-01 3.293214566115703068e-01 1.234748062827225185e-01 2.673348863636363371e-01 -2.110820041322314100e-01 3.493939274611398971e-01 2.588401423877327856e-01 1.085873458725182816e-01 2.808295360824742404e-01 2.774268144329897212e-01 3.545914138286893058e-01 3.767949948400413640e-01 3.011396388028895754e-01 2.714577422680412577e-01 3.561786597938144117e-01 3.264972680412371320e-01 2.731301134020618360e-01 8.516541237113402218e-02 2.302957113402061828e-01 3.099095257731959152e-01 3.507858247422680487e-01 1.418137319587629008e-01 2.785938453608247101e-01 3.015814241486067804e-01 1.229689049586776689e-01 2.930792857142857089e-01 2.935601666666666221e-01 3.226793215031314999e-01 1.381983632523759165e-01 2.675855748373102139e-01 2.464785290889132952e-01 3.038040918580375283e-01 1.935357616580311024e-01 2.012309270833333441e-01 2.856367671517671125e-01 7.066564449064449693e-02 1.768240103092783566e-01 3.082541958762886614e-01 3.131171207430340497e-01 -1.421209597523220014e-01 1.515299689762150959e-01 2.043675465838509231e-01 3.064950103519669677e-01 3.563441200828156297e-01 2.181992761116856305e-01 2.513614270941055273e-01 2.978966424870466145e-01 2.571866735751295319e-01 3.280812836438923297e-01 3.096706035379812039e-01 3.611002937976061089e-01 -7.659905529953915659e-02 2.106401735647530360e-01 3.219857170542635982e-01 9.010839999999997740e-02 2.118306666666666394e-01
1.702661538461538449e-01 -2.720357142857141725e-02 2.036729411764706121e-01 2.594140000000000335e-01 2.815925974025973999e-01 2.705436678200691669e-01 2.276270344827586445e-01 1.371455631399317310e-01 2.994706756756756461e-01 -1.925891847265222279e-01 3.442245670103092903e-01 0.000000000000000000e+00 3.181560616438355860e-01 -1.913423274974253643e-02 2.874904016477858315e-01 1.853853347064881585e-01 2.201723789907311934e-01 2.270339340885684787e-01 3.217335324407826769e-01 2.585096910401648018e-01 2.031529278350515666e-01 2.968743343653251210e-01 3.006869556243550456e-01 3.606988659793813889e-01 4.354186185567010536e-01 5.543716494845362108e-01 3.478316185567010277e-01 1.620320764462809537e-01 1.225911764705882451e-01 3.221491395592864793e-01 2.619898518518518626e-01 1.625204663212435341e-01 2.162427824267782184e-01 3.048876452282157645e-01 1.414264345114345234e-01 1.776825964546402681e-01 3.380041324921135848e-01 2.752763874345550144e-01 2.793489177489177355e-01 2.673485189189189759e-01 2.908438235294117935e-01 3.169699274611399442e-01 2.010005366357069112e-01 1.590777239958805489e-01 3.036910298661174012e-01 2.758223274974253569e-01 1.642468074150360280e-01 2.408009989701338782e-01 3.077879608650875842e-01 -2.254746035015447736e-01 1.331164984552008212e-01 3.372272811534500203e-01 1.510972605561277105e-01 4.307425334706487807e-01 3.465446961894953770e-02 2.855622863027806324e-01 2.571322371134020512e-01 3.522834742268041164e-01 3.526623069001029731e-01 3.313334294541709357e-01 8.259946446961893840e-02 1.077709577754891873e-01 3.793159011328527397e-01 3.774260847107437367e-01 1.260890157068063067e-01 2.944093904958677843e-01 -2.374288429752066110e-01 3.749341450777201601e-01 2.636383132530120688e-01 8.969992685475443317e-02 2.776651752577319332e-01 2.666936494845360550e-01 4.300965841073271512e-01 4.712470691434468284e-01 3.416919607843137419e-01 2.750012371134021305e-01 4.358820721649484531e-01 3.577411752577319692e-01 2.996842268041237656e-01 7.355994845360824819e-02 2.461161546391752719e-01 3.374058556701031164e-01 4.047463917525773724e-01 1.399118556701031135e-01 2.957856288659793664e-01 3.244025902992775934e-01 1.280361983471074439e-01 3.300332815734989822e-01 3.078828333333333278e-01 3.520075574112735417e-01 1.214813727560718065e-01 2.763915184381778856e-01 2.480261251372118392e-01 3.276961169102296512e-01 1.928620932642486907e-01 2.140928229166666752e-01 3.149166112266112427e-01 5.693755717255716969e-02 1.678556288659793505e-01 3.344761855670103090e-01 3.335067905056759985e-01 -2.158236326109391201e-01 1.297979317476732064e-01 2.246122774327122540e-01 2.988506418219462057e-01 4.348703726708074702e-01 2.267168148914167625e-01 2.606268252326783830e-01 3.230055025906735100e-01 2.490011295336787556e-01 2.975826190476190680e-01 3.861046826222684913e-01 4.240732208922742275e-01 -8.536627880184331774e-02 2.638100400534045820e-01 3.339931067961164901e-01 1.229310999999999876e-01 2.058159999999999712e-01
1.979146153846154388e-01 1.571528571428571219e-01 2.761847058823529433e-01 2.092751428571428263e-01 2.494590909090909359e-01 2.868055882352941177e-01 2.017498574338085771e-01 1.472318343949044483e-01 2.843895391705069109e-01 -1.221597714285714426e-01 3.395779680365297315e-01 3.181560616438355860e-01 0.000000000000000000e+00 -8.004710556186150905e-03 2.525170374574347565e-01 1.841883995459704937e-01 1.792290011350737566e-01 2.092932803632236161e-01 2.933805107832009318e-01 2.464793643586833394e-01 2.109612499999999891e-01 2.787866894197952305e-01 2.748005915813424571e-01 3.225362954545454852e-01 3.300858863636363383e-01 4.456099318181818147e-01 2.912691590909091133e-01 1.707964920273348508e-01 1.240204323094425409e-01 3.011733333333332929e-01 2.163643107476635741e-01 1.782431542857143003e-01 2.146821453287197090e-01 2.740924799999999717e-01 1.405102293577981665e-01 1.637370540851553757e-01 3.048009767441861029e-01 2.317070852534562353e-01 2.462374295774647781e-01 2.336144380069525017e-01 2.427509628770301575e-01 2.905624457142857442e-01 1.883699317406143381e-01 1.660828376844495080e-01 2.760818615209988947e-01 2.713150283768444582e-01 1.764043359818388279e-01 2.169727468785471181e-01 2.767072758229284779e-01 -1.813047105561861327e-01 1.566848354143019206e-01 3.036665039727582394e-01 1.395861180476730967e-01 3.252245516458569519e-01 4.848609534619749417e-02 2.516353121452894470e-01 2.304727613636363415e-01 3.402472727272727315e-01 3.336937457434733245e-01 3.047092281498297028e-01 9.918903518728718061e-02 1.009745629965947689e-01 3.284488535754823690e-01 3.189781435079726557e-01 1.154178381502890260e-01 2.607340091116173153e-01 -1.920553189066059319e-01 3.604312328767123597e-01 2.247659521094640955e-01 1.019768627450980403e-01 2.648575681818181593e-01 2.428548749999999978e-01 3.284347613636364183e-01 3.957760909090909385e-01 2.923341136363636905e-01 2.539522613636363557e-01 3.296479886363635758e-01 3.231210795454545481e-01 2.757470681818182112e-01 8.899969318181819022e-02 2.300052499999999944e-01 2.821590681818181845e-01 3.389032727272727197e-01 1.491696818181818540e-01 2.533952840909091120e-01 2.854232195676905115e-01 1.277576765375854073e-01 2.863649144811858394e-01 2.697857159221077050e-01 3.176174052812859028e-01 1.339135416666666634e-01 2.502611674528302244e-01 2.353310596833130541e-01 2.972280207134637697e-01 1.808741438356164521e-01 2.094573173515981435e-01 2.687305694760820374e-01 7.251706484641637362e-02 1.790040795454545253e-01 2.911485000000000323e-01 2.874454379977246510e-01 -1.304607281001137764e-01 1.517708200455580581e-01 2.039253995433789879e-01 2.663066894977169086e-01 3.308601826484018349e-01 2.221205245153933805e-01 2.398458494868871138e-01 3.007722514285714466e-01 2.382858105022831186e-01 2.787618949771689669e-01 3.371785304247990611e-01 3.535780242424242381e-01 -5.479762273901808700e-02 2.006859541984732653e-01 3.051200475059381856e-01 7.038869999999999849e-02 2.225913333333333077e-01
