0.000000000000000000e+00 -3.083026119402985099e-01 5.972250000000001169e-01 -2.308932089552238609e-01 -2.847117910447760636e-01 -3.043748507462686326e-01 2.739173134328358183e-01 -2.770947761194030301e-01 1.430649253731343384e-01 5.816435820895523578e-01 4.485604477611942337e-02 -2.409982089552239193e-01 -1.989754477611939687e-01 3.197910447761193597e-01 -3.117691791044776561e-01 3.040650000000000297e-01 4.840377611940299141e-01 -2.345985074626865188e-02 -3.842984328358209356e-01 7.921597014925374491e-02 -2.772832089552239032e-01 -2.437857462686566778e-01 1.911311194029851057e-01 -7.502559701492539368e-02 -2.080167164179104466e-01 4.265670895522388761e-01 -2.013273880597015175e-01 -1.248112686567164065e-01 2.463674626865671458e-01 5.982655223880598561e-01 -1.114408208955223883e-01 -2.141834328358208916e-01 2.901679104477611348e-01 -3.022454477611939971e-01 1.716077611940298731e-01 4.241565671641790991e-01 4.332104477611940507e-01 2.317473880597014924e-01 -3.134009701492537214e-01 3.541439552238806465e-01 -3.590374626865672214e-01 -3.274047761194029960e-01 -3.934253731343262395e-03 5.946671641791043822e-02 -4.214187969924813038e-01 -2.620759398496240178e-01 -3.732186466165414163e-01 4.623540601503758896e-01 -2.537979130434782626e-01 -2.158932727272727392e-01 -2.986814678899082920e-01 2.068175925925926084e-01 -1.026154054054053966e-01 -2.912594690265486452e-01 -2.346279545454545701e-01 -3.235842105263157797e-02 -2.840496212121212394e-01 3.990662121212121272e-01 -3.520775000000000432e-01 -2.341833333333333822e-01 1.281585606060606508e-01 -2.581767424242424336e-01 -9.136917293233081522e-03 -6.665796992481201610e-02 4.433127819548873250e-01 -3.315690977443609411e-01 8.927669172932311756e-03 5.973231578947367781e-01 5.235199248120301352e-01 8.038187969924810716e-02 -3.142513533834586092e-01 5.721865909090908531e-01 -3.309048484848484684e-01 -1.620068181818181963e-01 3.149812121212121063e-01 1.530353787878787619e-01 -4.831750000000000628e-02 5.302503030303030718e-01 4.612787121212121866e-01 -2.488003030303030105e-01 -6.999999999998757975e-05 -1.612821212121212100e-01 -4.247725757575757655e-01 5.711949242424242401e-01 -2.674240151515151487e-01 -3.075982575757575943e-01 4.485619696969697645e-01 -4.063146969696970201e-01 7.408795454545456793e-02 3.072363636363638698e-02 3.568303787878788214e-01 -2.839024242424242894e-01 -2.797161363636364029e-01 4.595072727272727642e-01 -3.933333333333196018e-04 -9.219878787878786619e-02 2.857817424242424242e-01 -2.734596212121212511e-01 -2.800797727272726911e-01 -7.958287878787877190e-02 -1.012045454545454637e-01 -1.823641666666666605e-01 -3.788298484848485748e-01 -2.996563636363636096e-01 1.700132824427481315e-01 -2.916045384615384983e-01
-3.083026119402985099e-01 0.000000000000000000e+00 -5.153344604316546507e-01 -4.789530935251798405e-01 -3.998737410071942500e-01 -3.614054676258992571e-01 -4.321022302158273320e-01 -4.179953237410072853e-01 -2.763151079136690336e-01 -5.241184892086330205e-01 -1.470869784172662287e-01 -3.723535971223021490e-01 -1.152188489208633010e-01 -5.033074100719424626e-01 -1.353153237410071597e-01 -3.420710791366906589e-01 -4.801874100719424332e-01 -3.843098561151078729e-01 -1.776876978417266384e-01 -1.669048920863309415e-01 -3.506410071942445694e-01 -2.427323741007194335e-01 -3.306802877697840870e-01 -3.571928776978417486e-01 -4.656025899280575864e-01 -4.426238129496402607e-01 -1.696358273381295134e-01 -3.327488489208633160e-01 -2.343666906474820288e-01 -5.311180575539569126e-01 -2.590356115107913526e-01 -1.929948201438848876e-01 -4.327784172661870432e-01 7.830791366906453277e-03 -2.826082733812949610e-01 -2.846566187050360019e-01 -2.706638129496403145e-01 -4.398349640287769202e-01 -3.954192086330935996e-01 -2.657016546762590026e-01 -2.995095683453237179e-01 -2.149720143884892021e-01 -2.698361151079137210e-01 -2.915550359712230089e-01 -6.316643478260868250e-01 -5.318790579710144240e-01 -8.737065217391304373e-02 -5.544911594202898142e-01 -5.253784999999999705e-01 -2.480705217391304118e-01 -2.244733333333333580e-01 -4.242802654867257051e-01 -4.511681896551723581e-01 -4.345713559322035291e-01 -1.276104379562043867e-01 -4.409128985507246301e-01 -5.441372262773721546e-01 -4.230646715328467700e-01 -2.136986861313868447e-01 -3.913608759124087566e-01 -4.928748175182481317e-01 -1.527437956204380498e-02 -1.691547101449275559e-01 -2.677228985507245640e-01 -5.019187681159419379e-01 -4.005583333333332940e-01 -2.929584782608695703e-01 -5.225130434782607747e-01 -4.681009420289854450e-01 -2.296049275362318787e-01 -3.873268840579709993e-01 -4.776946715328467263e-01 -4.454306569343065569e-01 -3.668491240875912385e-01 -2.472911678832116766e-01 -4.967523357664233585e-01 -1.734072262773722894e-01 -5.000853284671531451e-01 -3.102189781021897907e-01 -2.712011678832116912e-01 -4.037648905109488817e-01 -2.003104379562043735e-01 -1.521512408759123636e-01 -5.072941605839416113e-01 -2.619189781021897812e-01 -5.153481021897809988e-01 -2.738357664233576072e-01 -2.352664963503649509e-01 -2.783735036496350346e-01 -4.471844525547444826e-01 -2.848194160583941703e-01 -4.608056204379561982e-01 -4.012664233576642703e-01 -5.099075912408759237e-01 -2.052516788321167851e-01 -3.011953284671533004e-01 -2.730794160583941421e-01 4.053510948905108408e-02 -2.139889051094890637e-01 -3.912608759124087121e-01 -2.667441605839415697e-01 -1.590548175182481816e-01 -1.753718248175182293e-01 -1.240267883211678968e-01 -4.988894852941176961e-01 5.701303703703703568e-02
5.972250000000001169e-01 -5.153344604316546507e-01 0.000000000000000000e+00 -2.815509142857142710e-01 -3.090228000000000419e-01 -5.558395428571428765e-01 7.709238285714286043e-01 -3.145482857142856692e-01 2.856634857142857364e-01 8.998215428571428864e-01 1.224180000000000129e-01 -3.156634285714284838e-01 -3.763575428571429016e-01 7.763327999999999340e-01 -3.952250285714285494e-01 4.773613142857142666e-01 9.026720571428570317e-01 4.586954285714287677e-02 -4.836872000000000393e-01 3.704902857142857719e-01 -5.232072571428572072e-01 -4.879119428571427886e-01 5.019441714285713951e-01 -3.413257142857142878e-02 -2.811765142857142741e-01 8.732104571428570550e-01 -2.061305142857142725e-01 -1.535957714285714482e-01 5.020050857142857037e-01 9.367949714285714879e-01 -1.356820571428571931e-01 -3.300238857142856475e-01 8.023748000000000546e-01 -1.485541714285714132e-01 2.610686857142857087e-01 8.674677142857144529e-01 8.662658285714287532e-01 3.108916571428571585e-01 -5.272095999999999449e-01 7.162691999999999393e-01 -4.636899428571428228e-01 -2.742166285714285889e-01 1.222832748538011799e-01 1.362874853801169517e-01 -2.885653448275861677e-01 -2.753360919540229768e-01 -4.279181609195402691e-01 7.469360344827585818e-01 -3.294955844155844082e-01 -3.722375609756097825e-01 -3.427466942148760243e-01 4.220839166666666697e-01 -2.407121621621625268e-02 -6.535831168831169879e-01 -3.587900581395348509e-01 2.318820231213873373e-01 -4.062559883720930354e-01 7.865797687861272314e-01 -4.222290173410404579e-01 -3.799435838150288514e-01 5.624913294797687646e-01 -2.015607514450866999e-01 2.105507471264367603e-01 2.344074712643681030e-02 8.515831034482758133e-01 -5.966236206896551320e-01 -2.508936781609192798e-02 9.473144252873564319e-01 9.041152298850575475e-01 1.128078160919540190e-01 -1.637177586206896296e-01 9.439277456647400255e-01 -6.458831213872832100e-01 -2.639641040462427646e-01 6.029730635838150832e-01 1.414878612716763129e-01 2.763716763005781910e-02 8.326395375722545067e-01 9.251885549132947695e-01 -4.618271676300579331e-01 1.731655491329480157e-01 -2.346831213872832000e-01 -5.758275722543353403e-01 9.442180346820809866e-01 -3.359997109826589612e-01 -3.882623699421964836e-01 9.485739884393062926e-01 -5.639416763005781208e-01 3.006894797687860721e-01 2.276630057803468721e-01 6.942300000000000137e-01 -3.668370520231213350e-01 -4.341202312138728314e-01 8.775086705202311821e-01 1.854011560693643798e-02 -2.482560693641617383e-02 5.534934104046241865e-01 -2.817370520231213260e-01 -5.689136994219653465e-01 -8.003323699421965864e-02 1.356923699421965501e-01 7.442601156069365842e-02 -4.173663005780346436e-01 -2.558402312138727819e-01 7.305039520958085397e-01 -3.680861445783132346e-01
-2.308932089552238609e-01 -4.789530935251798405e-01 -2.815509142857142710e-01 0.000000000000000000e+00 -3.832210285714285347e-01 -4.346757142857143319e-01 -3.646433142857143372e-01 -3.987465142857143374e-01 -1.847905142857142469e-01 -2.817365142857142790e-01 -2.472989142857142386e-01 -3.659051999999999305e-01 -3.533049142857143110e-01 -2.652859999999999663e-01 -1.889794285714286037e-01 -2.148694857142856574e-01 -2.348414857142856749e-01 -3.109239428571428654e-01 -2.598987999999999854e-01 -1.020344571428571240e-01 -4.217618857142858002e-01 -3.530847428571427526e-01 -2.637844571428571427e-01 -3.315391428571428101e-01 -4.132942285714286124e-01 -2.849061142857142737e-01 -2.874564000000000563e-01 -2.612268571428570940e-01 -2.561355999999999633e-01 -2.754320571428571229e-01 -3.100485714285714511e-01 -2.634100571428571458e-01 -3.563138857142857385e-01 -1.779809714285714439e-01 -1.888601714285713939e-01 -1.932480571428571436e-01 -1.809605142857142746e-01 -3.145246857142856567e-01 -5.401049142857142771e-01 -1.833610285714285804e-01 -3.212073142857143071e-01 -2.039926857142857208e-01 -3.222324561403508425e-01 -7.024421052631579787e-02 -6.261187356321838982e-01 -4.017335057471264070e-01 -2.248217816091953869e-01 -2.572179310344827607e-01 -4.531870129870130270e-01 -3.204864227642276187e-01 -2.547714876033057574e-01 -2.999551666666666616e-01 -3.638280405405405205e-01 -4.332566883116883427e-01 -2.962584883720929541e-01 -4.158095375722542508e-01 -4.405678488372092860e-01 -2.551824855491329203e-01 -2.794735260115607245e-01 -3.900760115606936029e-01 -1.933867630057802822e-01 -2.964117919075144325e-01 -3.002707471264367545e-01 -2.960776436781609178e-01 -3.109322413793103590e-01 -4.703849999999999421e-01 -2.670265517241379172e-01 -2.800864367816091605e-01 -2.312633908045976794e-01 -2.449555747126436756e-01 -4.177733908045977440e-01 -2.549726589595375792e-01 -5.394101156069364134e-01 -2.894818497109826749e-01 -1.723979190751444845e-01 -3.072247976878612064e-01 -1.920876878612716998e-01 -3.193723121387282982e-01 -1.862706936416184678e-01 -3.719971676300578012e-01 -3.797197687861271764e-01 -2.883043352601156184e-01 -2.905058381502890752e-01 -2.554050289017340547e-01 -3.721722543352601331e-01 -5.025239884393064571e-01 -1.770002312138728162e-01 -3.324297109826589991e-01 -2.911791329479768708e-01 -3.544183815028901230e-01 -1.945965317919075011e-01 -3.430159537572253781e-01 -2.873231791907514543e-01 -3.160765895953756566e-01 -3.056202890173410069e-01 -3.135272254335260134e-01 -1.946498265895953150e-01 -2.459936994219653339e-01 -4.650551445086705815e-01 -3.240821387283237542e-01 -2.352625433526011334e-01 -3.668663583815028884e-01 -2.859095375722543464e-01 -2.885734682080924873e-01 -2.629079640718562927e-01 -3.075283734939759372e-01
-2.847117910447760636e-01 -3.998737410071942500e-01 -3.090228000000000419e-01 -3.832210285714285347e-01 0.000000000000000000e+00 -3.891934285714285791e-01 -2.962229714285714577e-01 -3.283578857142857577e-01 -2.488608000000000209e-01 -3.154985142857143487e-01 -2.908544571428570702e-01 -3.078213142857142981e-01 -1.593478857142857086e-01 -3.149249714285714541e-01 -1.602387428571429018e-01 -2.784697714285714887e-01 -2.368222857142857074e-01 -2.773681714285713973e-01 -1.832317142857143033e-01 -7.555377142857142014e-02 -3.874119999999999786e-01 -2.405731428571427910e-01 -2.517588571428571176e-01 -3.329289142857143058e-01 -4.188434857142856460e-01 -2.937807428571428958e-01 -1.086498857142857294e-01 -3.288393714285713920e-01 -2.070847428571428450e-01 -3.220806857142857194e-01 -2.284384000000000137e-01 -2.311081142857142889e-01 -2.884396000000000737e-01 -2.205177142857143655e-02 -2.834477714285714156e-01 -1.617609142857142634e-01 -1.789027428571428602e-01 -3.980482285714285751e-01 -3.839191428571428477e-01 -1.516859428571428747e-01 -3.215665714285714794e-01 -1.943374285714285776e-01 -3.145283625730994070e-01 -1.726191228070175498e-01 -6.245562643678160830e-01 -4.627909770114942978e-01 -1.617198275862068713e-01 -2.851195977011494187e-01 -4.019324025974026493e-01 -2.944786991869918769e-01 -1.291730578512396699e-01 -3.233655000000000279e-01 -3.604879054054054288e-01 -4.539602597402597750e-01 -2.546678488372092763e-01 -3.827201734104045960e-01 -4.682422674418604269e-01 -2.799561271676300755e-01 -2.449480346820809840e-01 -3.382488439306358119e-01 -2.854825433526011480e-01 -9.034473988439309378e-02 -2.347532758620689275e-01 -2.739494252873563851e-01 -3.046672988505746971e-01 -4.330414942528735822e-01 -3.342368390804598133e-01 -3.021458620689655428e-01 -2.628058045977011425e-01 -2.664367241379310136e-01 -3.456747701149425755e-01 -2.867386705202312758e-01 -4.423074566473989000e-01 -3.777928323699422108e-01 -1.425861271676300279e-01 -3.946118497109826206e-01 -2.224192485549133236e-01 -3.206902312138729116e-01 -1.684576300578034813e-01 -3.686838728323699743e-01 -3.466032369942196323e-01 -2.449753757225432982e-01 -2.368601734104046619e-01 -2.791280346820809166e-01 -2.553793641618497534e-01 -4.936553757225433103e-01 -1.535682080924855586e-01 -2.925388439306358945e-01 -2.270823121387283428e-01 -3.056763005780346876e-01 -1.845245086705201987e-01 -4.086404046242773647e-01 -4.101337572254334929e-01 -3.229670520231213704e-01 -2.048176878612716911e-01 -2.700562427745664684e-01 -1.048188439306358272e-01 -5.500219653179191925e-02 -3.136246820809248659e-01 -3.577909248554912991e-01 -2.612838150289017447e-01 -2.142920809248554936e-01 -1.841016184971098479e-01 -2.014336416184971112e-01 -3.206314970059879754e-01 -1.282604819277108898e-01
-3.043748507462686326e-01 -3.614054676258992571e-01 -5.558395428571428765e-01 -4.346757142857143319e-01 -3.891934285714285791e-01 0.000000000000000000e+00 -5.449976571428570837e-01 -4.201818285714286061e-01 -3.576877142857142755e-01 -6.239524571428571864e-01 -1.773942285714285583e-01 -3.225235999999999659e-01 -1.122473142857143141e-01 -5.428646285714285868e-01 -1.964506285714285594e-01 -3.646464571428571499e-01 -5.303414857142857430e-01 -3.307946285714285506e-01 -1.689479428571428465e-01 -2.314871428571428635e-01 -3.595561714285714361e-01 -2.168349142857142753e-01 -3.507831999999999617e-01 -3.834940571428571143e-01 -4.773419428571428758e-01 -5.264155999999999835e-01 -2.335970285714286110e-01 -3.130852000000000079e-01 -3.107855999999999952e-01 -5.673017142857144091e-01 -2.704193714285714756e-01 -2.284768571428570927e-01 -5.309230857142857030e-01 -1.697160000000000682e-02 -3.822951428571429444e-01 -3.209402285714285652e-01 -3.085129142857142015e-01 -5.214590857142857860e-01 -2.860546857142857169e-01 -2.678840000000000110e-01 -1.758348000000000133e-01 -2.589106285714285471e-01 -2.946284210526315395e-01 -3.380546198830409743e-01 -7.218954597701149334e-01 -5.159605172413792573e-01 -1.475585057471264505e-01 -5.373651149425286988e-01 -4.963447402597403468e-01 -2.329840650406503899e-01 -2.200620661157024760e-01 -4.041635000000000089e-01 -4.643543243243242191e-01 -4.702295454545454834e-01 -1.549598255813953440e-01 -4.888927167630057746e-01 -5.076441279069766610e-01 -5.229297109826589463e-01 -2.179569364161849376e-01 -3.804242196531791853e-01 -4.624241618497109685e-01 -8.768497109826590974e-02 -2.515515517241379562e-01 -3.813533333333333220e-01 -5.745654597701149724e-01 -3.936022413793104358e-01 -3.152883908045976957e-01 -5.740691954022989485e-01 -5.504097701149426314e-01 -3.770909770114942994e-01 -4.114418390804598369e-01 -5.717284393063584158e-01 -3.684924277456647079e-01 -3.386070520231213576e-01 -3.155542196531792021e-01 -4.483030057803468194e-01 -2.884103468208092935e-01 -5.420194219653179379e-01 -3.829575722543352434e-01 -2.935039884393064180e-01 -3.922407514450867438e-01 -2.785397109826589501e-01 -1.766244508670520574e-01 -5.846363583815028520e-01 -3.290213294797687538e-01 -5.619995375722542930e-01 -3.170257225433525949e-01 -1.014722543352601231e-01 -3.500985549132948349e-01 -4.506164161849711136e-01 -3.098492485549132480e-01 -3.677910982658959549e-01 -3.553947976878613080e-01 -5.853660115606935666e-01 -3.501608092485549162e-01 -3.955295953757224647e-01 -4.028412716763005719e-01 8.102572254335259350e-02 -1.462178612716762971e-01 -4.367010404624277475e-01 -2.609830635838150115e-01 -1.721469364161849480e-01 -1.030361271676300400e-01 -1.943109826589595468e-01 -4.970068862275448529e-01 9.397102409638553866e-02
2.739173134328358183e-01 -4.321022302158273320e-01 7.709238285714286043e-01 -3.646433142857143372e-01 -2.962229714285714577e-01 -5.449976571428570837e-01 0.000000000000000000e+00 -2.827701694915254471e-01 1.049844632768361652e-01 7.618907909604519801e-01 -4.441903954802259996e-02 -3.412370056497174842e-01 -3.813090395480224770e-01 6.939685875706214091e-01 -4.139630508474575477e-01 2.273151412429378071e-01 6.574860451977401210e-01 -6.457344632768363679e-02 -5.000475141242938237e-01 1.460661581920904006e-01 -4.930172316384180409e-01 -4.615816384180790877e-01 2.257938418079096232e-01 -1.910312994350282512e-01 -4.249355932203389696e-01 6.407859887005651345e-01 -2.573940112994350105e-01 -2.435445197740113421e-01 2.341119774011299615e-01 8.018171186440677944e-01 -1.871719774011299520e-01 -3.845316384180790803e-01 5.631644632768362246e-01 -6.890118644067798337e-02 1.214740112994350078e-02 4.564258757062146787e-01 4.568058192090394543e-01 1.269636158192090081e-01 -4.536610734463277228e-01 3.583407344632768554e-01 -4.899075141242937304e-01 -3.761031073446327588e-01 3.060890173410405271e-02 4.196479768786127995e-02 -3.233096022727272589e-01 -3.098782386363636565e-01 -4.861235795454545427e-01 6.356334090909091517e-01 -4.652956410256410824e-01 -2.067613600000000607e-01 -3.769256910569106500e-01 1.304153278688524320e-01 -1.282327333333333208e-01 -5.459232692307691703e-01 -3.538658620689655310e-01 -1.847828571428567152e-03 -5.426216666666666688e-01 5.453291999999998474e-01 -4.606761714285715348e-01 -2.632394285714285687e-01 5.232659428571428961e-01 -1.169644000000000100e-01 7.692170454545453617e-02 2.173997159090909070e-01 7.246629545454545962e-01 -5.114059659090909316e-01 -1.516900568181818176e-01 8.196547727272727180e-01 6.788013068181818488e-01 8.642386363636361812e-02 -2.991458522727273306e-01 7.109607428571428356e-01 -5.388127428571427568e-01 -2.712619428571427238e-01 3.088502285714285756e-01 4.462817142857141567e-02 -1.631751999999999925e-01 7.330209142857142535e-01 5.364029714285712958e-01 -4.700112000000000734e-01 -6.529537142857146093e-02 2.111468571428572194e-02 -6.087119999999999198e-01 7.918546285714285204e-01 -3.978887428571428186e-01 -5.089806285714285616e-01 5.071273142857143368e-01 -5.990920571428568486e-01 4.168222857142856591e-02 -9.475657142857158571e-03 4.245336571428572348e-01 -4.483762285714286699e-01 -4.923732571428571236e-01 7.415461142857145971e-01 -1.314158285714285557e-01 -1.682847428571428716e-01 4.006551999999999891e-01 -1.338810285714286119e-01 -5.251621714285712450e-01 -2.607019999999999893e-01 1.926228571428571512e-01 1.989894857142857354e-01 -5.003283999999998954e-01 -3.616217142857142686e-01 6.598722485207100252e-01 -2.728317857142856795e-01
-2.770947761194030301e-01 -4.179953237410072853e-01 -3.145482857142856692e-01 -3.987465142857143374e-01 -3.283578857142857577e-01 -4.201818285714286061e-01 -2.827701694915254471e-01 0.000000000000000000e+00 -2.648297175141242632e-01 -3.324122033898304629e-01 -2.415026553672316445e-01 -4.392380225988700149e-01 -2.211318079096045164e-01 -2.567450282485875257e-01 -2.936539548022598645e-01 -2.775300564971751593e-01 -2.908888700564971619e-01 -3.490145762711864830e-01 -2.117906214689265765e-01 -1.540740112994350430e-01 -3.755606214689266031e-01 -2.568728248587570095e-01 -2.618272881355931947e-01 -4.078358757062146567e-01 -4.619298870056496864e-01 -2.623454802259886920e-01 -2.587161581920904285e-01 -3.339202824858757412e-01 -2.293676271186440574e-01 -3.551768361581920663e-01 -3.480472881355932135e-01 -2.461958192090394903e-01 -2.601338418079096604e-01 -4.186491525423729348e-02 -3.172032203389830718e-01 -1.867562711864406977e-01 -2.132371751412429628e-01 -4.507827683615819314e-01 -4.849234463276836382e-01 -2.347824858757062150e-01 -3.932068926553672905e-01 -2.024405084745762584e-01 -2.797988439306358655e-01 -1.842915606936416095e-01 -6.515598863636363758e-01 -4.537096590909091010e-01 -2.202587500000000031e-01 -3.376631818181817790e-01 -4.442968589743588881e-01 -2.745596800000000282e-01 -2.351346341463414757e-01 -4.198120491803278287e-01 -4.504889333333333412e-01 -4.183489743589743348e-01 -2.056387356321839055e-01 -4.135781142857142822e-01 -4.719858620689655337e-01 -2.790819428571428840e-01 -3.000461142857143160e-01 -3.511232571428571370e-01 -2.599531999999999399e-01 -1.544619428571428754e-01 -2.070857954545454460e-01 -2.535504545454545511e-01 -3.171955113636362733e-01 -3.847553977272726855e-01 -4.092215909090908821e-01 -3.303672727272726761e-01 -2.840998295454545408e-01 -3.076127272727272599e-01 -2.329586363636363677e-01 -3.203634285714286323e-01 -3.751137142857143281e-01 -4.115907428571429216e-01 -1.768074857142857281e-01 -4.755757142857143238e-01 -2.433531999999999917e-01 -3.785138857142856250e-01 -1.930895428571428596e-01 -2.962624000000000923e-01 -3.286073714285713820e-01 -2.501374285714285661e-01 -3.390872571428572568e-01 -3.029331428571428453e-01 -3.249506285714285903e-01 -4.763332571428570694e-01 -1.723074285714285558e-01 -4.055628000000000566e-01 -2.758986285714286057e-01 -3.683450285714285899e-01 -1.740327428571428192e-01 -3.845014285714286051e-01 -4.223972000000000282e-01 -3.197659999999999947e-01 -2.821105142857142645e-01 -2.958216571428571862e-01 -1.486185142857142649e-01 -1.693211428571428923e-01 -2.608259428571428340e-01 -3.131578285714285981e-01 -1.988164571428571170e-01 -2.089315428571428546e-01 -3.320808000000000093e-01 -2.455509142857142391e-01 -2.746963905325443545e-01 -1.877857738095237705e-01
1.430649253731343384e-01 -2.763151079136690336e-01 2.856634857142857364e-01 -1.847905142857142469e-01 -2.488608000000000209e-01 -3.576877142857142755e-01 1.049844632768361652e-01 -2.648297175141242632e-01 0.000000000000000000e+00 2.377510169491525438e-01 -5.748033898305084100e-02 -2.491440677966101636e-01 -2.876458757062146931e-01 1.173840112994350149e-01 -2.919638983050847347e-01 1.105733898305085033e-01 2.424074011299435227e-01 -9.279683615819209197e-02 -3.774887570621468513e-01 8.830395480225988747e-02 -2.993233898305084906e-01 -2.964607909604519698e-01 8.612689265536722927e-02 -7.261954802259887320e-02 -1.864249717514124272e-01 2.121546327683615785e-01 -2.749697740112994615e-01 -1.978989830508474657e-01 7.405807909604519845e-02 2.641510169491525506e-01 -6.593423728813559148e-02 -2.946165536723163725e-01 1.135317514124293825e-01 -2.404107344632768484e-01 -9.002994350282492522e-03 2.601404519774011548e-01 2.644165536723164234e-01 1.506384180790966334e-03 -2.817211864406780064e-01 1.924446327683615732e-01 -3.762842937853106973e-01 -2.701337288135592929e-01 -2.744404624277455712e-02 -4.201289017341040821e-02 -3.850792045454545232e-01 -2.921190909090908838e-01 -3.980417613636363927e-01 1.524132386363636626e-01 -2.310676282051281893e-01 -1.844541600000000059e-01 -3.469597560975610229e-01 6.867155737704914997e-02 -1.508041999999999994e-01 -3.563191666666666868e-01 -2.174452873563217925e-01 -8.965474285714285230e-02 -2.553831034482758611e-01 1.834700000000000497e-01 -4.392772000000000343e-01 -1.918525142857142873e-01 5.384222857142857005e-02 -1.836649142857142702e-01 -6.961505681818182245e-02 -7.200017045454544518e-02 1.823022159090909033e-01 -3.157576136363636210e-01 -1.127503409090909042e-01 2.625357386363636469e-01 2.431624431818182330e-01 -3.474874999999999492e-02 -1.750136931818181418e-01 2.383480571428571448e-01 -3.520080571428571004e-01 -2.192582857142856834e-01 1.684730857142857086e-01 -5.757142857142856507e-02 -1.407336571428571270e-01 2.203953142857142111e-01 3.015243428571429130e-01 -3.243027428571428894e-01 -1.423594285714284771e-02 -1.646586285714285447e-01 -4.688037714285714364e-01 2.730091428571428946e-01 -2.617658285714284938e-01 -2.118086285714285422e-01 2.817236000000000185e-01 -4.703217714285715112e-01 -1.945211428571428161e-02 -2.573668571428569876e-02 2.018778857142856931e-01 -2.950612571428571362e-01 -3.148773142857142493e-01 1.957446285714285750e-01 -1.421173142857142524e-01 -1.182729714285714190e-01 1.388444000000000067e-01 -2.437948000000000059e-01 -3.333338857142857381e-01 -1.212900571428571078e-01 -9.432559999999999556e-02 -1.659560571428571329e-01 -3.995337142857142143e-01 -3.314510857142857203e-01 1.054197633136094575e-01 -3.041266071428571638e-01
5.816435820895523578e-01 -5.241184892086330205e-01 8.998215428571428864e-01 -2.817365142857142790e-01 -3.154985142857143487e-01 -6.239524571428571864e-01 7.618907909604519801e-01 -3.324122033898304629e-01 2.377510169491525438e-01 0.000000000000000000e+00 9.040649717514125105e-02 -3.169040112994350178e-01 -4.105377401129943760e-01 8.166372881355932201e-01 -4.064028248587570058e-01 4.234781920903954999e-01 8.748765536723165370e-01 -2.087909604519773421e-03 -4.758567796610169154e-01 3.188177966101695127e-01 -5.559781355932202906e-01 -5.226130508474576830e-01 4.429820903954801437e-01 -9.161141242937852203e-02 -3.306029943502824531e-01 8.914285310734463286e-01 -2.103424858757061977e-01 -1.804940112994350421e-01 5.079914689265536687e-01 9.008612994350282399e-01 -1.535650282485875873e-01 -3.473210734463276772e-01 8.031377966101695964e-01 -1.770284745762711887e-01 1.802329943502824494e-01 8.290984180790961222e-01 8.312037288135594171e-01 2.621544632768361693e-01 -5.331976836158192068e-01 6.909427118644067001e-01 -4.834003389830508479e-01 -3.390726553672315791e-01 1.049346242774566312e-01 1.242987861271676181e-01 -3.055950568181817761e-01 -2.775369318181818423e-01 -4.593017613636363183e-01 7.195987500000000647e-01 -3.582694871794870894e-01 -3.729147999999999352e-01 -3.204531707317073708e-01 3.941131967213115095e-01 -2.975333333333314762e-04 -6.469230128205128993e-01 -4.050827586206897646e-01 2.093733714285714864e-01 -4.346472988505746260e-01 7.906969142857140920e-01 -4.353240000000000443e-01 -3.077904000000000195e-01 6.139740000000001308e-01 -2.227358857142856252e-01 1.088559090909090865e-01 1.198307954545454607e-01 8.459620454545454526e-01 -6.021202272727272931e-01 -7.530187499999994871e-02 9.268229545454546026e-01 8.862902840909090418e-01 1.444431818181818039e-01 -2.431194886363636509e-01 8.965703999999998786e-01 -6.475943999999999035e-01 -2.900378285714285687e-01 5.567470857142857721e-01 9.689611428571433260e-02 -2.212965714285713634e-02 8.366885142857141133e-01 8.704135428571427857e-01 -4.476552571428571992e-01 1.469373142857142711e-01 -1.651572571428571445e-01 -6.067364571428570663e-01 9.404968571428570234e-01 -3.479910285714286067e-01 -4.657896000000000258e-01 8.943450857142857258e-01 -5.916196571428571360e-01 2.235707428571428734e-01 2.117929714285714249e-01 6.628942285714285454e-01 -3.810665142857143639e-01 -4.812889142857142977e-01 8.766581714285712756e-01 -1.382674285714281456e-02 -6.044240000000000029e-02 5.307007428571427488e-01 -2.535459999999999936e-01 -5.888429714285713379e-01 -1.373401714285713837e-01 1.580336571428571368e-01 2.425925714285712825e-02 -4.530078285714285169e-01 -2.923082285714285744e-01 7.590030769230767804e-01 -3.652576785714285457e-01
4.485604477611942337e-02 -1.470869784172662287e-01 1.224180000000000129e-01 -2.472989142857142386e-01 -2.908544571428570702e-01 -1.773942285714285583e-01 -4.441903954802259996e-02 -2.415026553672316445e-01 -5.748033898305084100e-02 9.040649717514125105e-02 0.000000000000000000e+00 -2.823687005649717086e-01 -1.795141807909604315e-01 -1.006468926553672483e-01 -3.563216384180791230e-01 -7.393632768361579899e-02 5.701485875706217843e-02 -4.792802259887004451e-02 -4.125741242937853159e-01 -4.854084745762710790e-02 -2.074874011299434606e-01 -1.770628248587570452e-01 -4.768621468926552420e-02 -2.008749717514124455e-01 -2.165787570621469094e-01 4.956344632768365510e-02 -3.181306214689265111e-01 -2.520159322033898031e-01 -9.806666666666664922e-02 1.267250282485875845e-01 -1.692278531073446168e-01 -2.089500564971751295e-01 -2.694259887005649029e-02 -3.785490960451976528e-01 -1.848062146892653218e-02 7.843175141242940407e-02 1.054245762711864681e-01 -3.457276836158192090e-02 -2.590824858757062588e-01 2.218802259887008368e-02 -4.247540112994350192e-01 -3.199118644067796557e-01 -1.385072832369942109e-01 -1.611728323699422316e-01 -5.399774431818181730e-01 -3.102864772727272902e-01 -3.908134090909090586e-01 2.492295454545454675e-02 -2.675516666666666876e-01 -1.980003200000000352e-01 -3.474369105691057502e-01 -6.081073770491800951e-02 -2.581519999999999926e-01 -1.913842948717948689e-01 -2.341001149425287198e-01 -1.771209142857142760e-01 -3.520058045977011441e-01 8.847771428571462107e-03 -4.366664571428571229e-01 -1.508758857142857290e-01 -5.140799999999998843e-02 -2.844994857142856826e-01 -1.588793749999999894e-01 -1.324232386363636271e-01 6.247278409090911006e-02 -2.494361931818181999e-01 -1.666499999999999926e-01 1.209526136363636567e-01 7.255375000000001406e-02 -3.549749999999998740e-02 -3.259015340909090508e-01 9.943885714285714827e-02 -2.560800571428571426e-01 -3.018014857142856666e-01 3.924228571428588566e-03 -9.995279999999998055e-02 -1.401968571428571231e-01 9.787702857142857593e-02 1.457045714285714610e-01 -2.810713714285714704e-01 -1.686746285714285642e-01 -1.200755428571428779e-01 -4.218169142857142728e-01 9.522594285714286455e-02 -2.749790285714285853e-01 -3.470525142857142642e-01 1.244847428571428799e-01 -5.003006857142857644e-01 -1.091973142857142892e-01 -8.182508571428571964e-02 7.787628571428573121e-02 -3.539415428571429101e-01 -3.549728000000000327e-01 3.392748571428574195e-02 -1.451663428571428605e-01 -1.373919999999999864e-01 -4.768057142857142633e-02 -3.862082285714286134e-01 -2.412634857142857692e-01 -2.063638857142857386e-01 -9.611942857142856400e-02 -2.300001714285714038e-01 -4.010277142857143207e-01 -2.959538285714285455e-01 -1.377834319526626862e-02 -4.041586309523809706e-01
-2.409982089552239193e-01 -3.723535971223021490e-01 -3.156634285714284838e-01 -3.659051999999999305e-01 -3.078213142857142981e-01 -3.225235999999999659e-01 -3.412370056497174842e-01 -4.392380225988700149e-01 -2.491440677966101636e-01 -3.169040112994350178e-01 -2.823687005649717086e-01 0.000000000000000000e+00 -2.856158192090395564e-01 -2.488709039548022417e-01 -4.149073446327684045e-01 -2.718477401129943960e-01 -2.753055932203389844e-01 -3.516083615819208807e-01 -3.002961581920903789e-01 -1.986697175141242944e-01 -3.395288700564971784e-01 -2.997544067796610312e-01 -2.724235593220338814e-01 -3.142988700564972038e-01 -3.481844067796610598e-01 -2.915952542372881040e-01 -3.489642937853107973e-01 -3.961457062146892527e-01 -1.889055932203389798e-01 -3.223912429378530953e-01 -2.231038418079095975e-01 -3.413624858757062230e-01 -3.469796045197739986e-01 -3.356023163841807544e-01 -2.772882485875706737e-01 -1.924594350282485822e-01 -2.105558757062147013e-01 -3.911912994350282280e-01 -3.776497740112993995e-01 -2.233518644067796766e-01 -4.948506214689265548e-01 -3.046751412429378192e-01 -3.050224277456647370e-01 -2.658719653179191234e-01 -6.648386363636362706e-01 -5.037177840909090598e-01 -3.508585795454545186e-01 -3.321245454545454501e-01 -4.169364102564102614e-01 -3.106243200000000093e-01 -2.324065853658536795e-01 -2.845620491803279029e-01 -3.478766666666666674e-01 -3.456444871794871476e-01 -2.304049425287355846e-01 -3.454410857142856672e-01 -5.232770689655171781e-01 -3.035178857142856734e-01 -4.503229714285714724e-01 -3.722260571428572251e-01 -2.607895428571428975e-01 -2.299042285714286149e-01 -2.593764772727272794e-01 -3.187063068181817949e-01 -3.083510227272727167e-01 -2.943529545454545704e-01 -3.203544318181817951e-01 -3.121139204545455015e-01 -2.836356250000000023e-01 -2.585094886363636379e-01 -2.573422159090908989e-01 -3.043666285714285435e-01 -3.176965142857142710e-01 -4.558962285714285856e-01 -2.364354285714285464e-01 -4.428954857142857193e-01 -3.205342285714284922e-01 -3.704935428571428657e-01 -2.269835428571428393e-01 -3.347332571428572323e-01 -3.138560571428570811e-01 -2.615386857142857346e-01 -4.335275428571429002e-01 -3.042876571428570487e-01 -1.534860000000000113e-01 -3.704497714285714949e-01 -1.987658285714286044e-01 -5.476138285714284848e-01 -3.087236571428571552e-01 -2.628712571428571398e-01 -2.367818857142857114e-01 -4.785595999999999739e-01 -5.031556571428572600e-01 -3.541089714285713397e-01 -2.677996571428571393e-01 -2.743228000000000333e-01 -2.251163999999999665e-01 -3.874571428571428888e-01 -2.753488000000000047e-01 -2.777536571428571577e-01 -2.181859428571428783e-01 -3.576356000000001090e-01 -4.081558857142857932e-01 -3.472157142857142942e-01 -2.315992899408284289e-01 -3.652022023809523565e-01
-1.989754477611939687e-01 -1.152188489208633010e-01 -3.763575428571429016e-01 -3.533049142857143110e-01 -1.593478857142857086e-01 -1.122473142857143141e-01 -3.813090395480224770e-01 -2.211318079096045164e-01 -2.876458757062146931e-01 -4.105377401129943760e-01 -1.795141807909604315e-01 -2.856158192090395564e-01 0.000000000000000000e+00 -2.925181355932203742e-01 -3.147392655367231562e-01 -3.473695480225988397e-01 -3.397925988700564726e-01 -2.485267231638418062e-01 -3.492801694915254607e-01 -1.966980790960451975e-01 -1.661102259887005661e-01 -4.984118644067796200e-02 -2.586170621468926178e-01 -2.299151412429378261e-01 -3.147484180790960373e-01 -3.157743502824859050e-01 -3.871542937853106880e-01 -2.793085310734463311e-01 -1.539359322033898303e-01 -3.663334463276836095e-01 -1.953916384180790777e-01 -2.529550847457627261e-01 -3.789159887005649763e-01 -3.318567231638418491e-01 -2.415761581920904122e-01 -2.008734463276836135e-01 -1.808197175141243174e-01 -3.713248587570621706e-01 -1.768270621468926718e-01 -1.673374576271186298e-01 -3.942612429378531957e-01 -3.286337288135593449e-01 -2.774850867052022774e-01 -3.244830635838150124e-01 -6.094795454545454128e-01 -4.020934659090908969e-01 -3.785427272727272530e-01 -3.212998863636363223e-01 -3.906336538461538388e-01 -8.298544000000000753e-02 -3.908595121951219942e-01 -2.780003278688524815e-01 -3.223139333333333023e-01 -1.157298717948717914e-01 -9.663293103448276911e-02 -3.619813714285713968e-01 -4.004168965517241330e-01 -3.340954857142856560e-01 -4.505903428571428337e-01 -1.117902285714285626e-01 -1.909389142857142452e-01 -2.595664571428571987e-01 -1.648058522727272601e-01 -1.880371590909090673e-01 -3.655521590909091012e-01 -1.504615909090908921e-01 -3.783873295454545649e-01 -3.830049999999999844e-01 -4.031561931818181677e-01 -1.744532954545454650e-01 -3.199128409090908898e-01 -4.506591999999999820e-01 -1.413854857142857191e-01 -2.805033142857142892e-01 -1.915699999999999903e-01 -3.645118285714285533e-01 -3.359559428571428086e-01 -3.702337142857142216e-01 -2.387691428571427910e-01 -1.903892571428570935e-01 -2.646001714285713402e-01 -1.289999428571428630e-01 -3.946629142857143169e-01 -3.827295999999999476e-01 -2.420742857142857141e-01 -3.409160571428571651e-01 -1.807690857142857099e-01 -4.526369714285713997e-01 -2.765460571428570713e-01 -3.529401142857142570e-01 -1.718881142857142941e-01 -3.834161142857142601e-01 -2.973755999999999622e-01 -3.833244000000000096e-01 -3.294155428571428068e-01 -3.050883428571428690e-01 -3.247276571428571179e-01 -3.297155428571428848e-01 -9.213845714285714972e-02 -3.106624571428571180e-01 -1.351253714285714225e-01 -1.591502857142856331e-01 -4.082721714285714731e-01 -4.655835428571429291e-01 -2.235853846153846303e-01 -3.388818452380952806e-01
3.197910447761193597e-01 -5.033074100719424626e-01 7.763327999999999340e-01 -2.652859999999999663e-01 -3.149249714285714541e-01 -5.428646285714285868e-01 6.939685875706214091e-01 -2.567450282485875257e-01 1.173840112994350149e-01 8.166372881355932201e-01 -1.006468926553672483e-01 -2.488709039548022417e-01 -2.925181355932203742e-01 0.000000000000000000e+00 -2.740746327683615258e-01 2.831987570621468664e-01 7.473122033898306205e-01 -1.631322033898307058e-02 -3.615975141242937507e-01 1.319644632768361692e-01 -5.148984745762711368e-01 -4.671946327683615952e-01 3.534472316384180690e-01 -1.437329378531073398e-01 -3.409563841807909390e-01 6.368765536723164367e-01 -1.093363276836158138e-01 -1.625243502824858799e-01 3.008041807909604404e-01 7.870156497175141430e-01 -1.761176836158191705e-01 -2.845723728813559505e-01 7.138468361581921107e-01 3.661751412429389233e-03 4.995864406779662592e-02 4.926627118644067993e-01 4.791351412429378787e-01 1.956808474576270940e-01 -5.287439548022597746e-01 3.917290395480225729e-01 -3.070095480225988327e-01 -2.339374011299434897e-01 9.687583815028900924e-02 1.198209248554913259e-01 -1.527028409090908923e-01 -1.936972159090909196e-01 -3.117192045454544869e-01 6.557529545454545694e-01 -2.907461538461538209e-01 -2.415247999999999839e-01 -2.274142276422764231e-01 2.023534426229508243e-01 8.993200000000041439e-03 -5.975351923076922533e-01 -3.449742528735632585e-01 1.559002857142857690e-01 -3.571090804597700785e-01 6.638283428571427613e-01 -2.524540571428570690e-01 -3.789054857142856725e-01 4.946382285714285842e-01 -1.238953714285713908e-01 1.410514772727272659e-01 9.399630681818181566e-02 7.512081249999998933e-01 -5.921302840909089538e-01 -4.470198863636362652e-02 8.113989204545455358e-01 8.184380113636364751e-01 2.759659090909091436e-02 -1.176480113636363262e-01 8.776839428571427959e-01 -6.281199999999999006e-01 -1.811406285714285691e-01 3.559157142857142797e-01 1.267355999999999761e-01 -1.521180571428571437e-01 7.046543999999999031e-01 6.288753142857143041e-01 -3.457765714285714886e-01 -2.300039999999997642e-02 -8.988559999999999606e-02 -3.994796571428571585e-01 8.045653142857142059e-01 -3.788629714285713934e-01 -3.432811428571427848e-01 5.338967428571428364e-01 -3.746416571428571873e-01 2.349957142857143078e-01 1.318211428571428867e-01 4.669253714285714341e-01 -2.702999999999999847e-01 -3.537999999999999479e-01 7.885430857142856631e-01 -1.019999999999951067e-04 -1.010149714285714373e-01 4.359653714285713910e-01 -1.288626285714285225e-01 -5.399468571428570618e-01 -1.122864571428571212e-01 1.994145714285714133e-01 1.735861142857142991e-01 -3.085993142857142990e-01 -1.536242285714285727e-01 6.183170414201184517e-01 -2.135391071428571208e-01
