0.000000000000000000e+00 -1.797014925373134012e-03 7.539932835820893631e-02 7.697910447761194090e-03 -5.403208955223881386e-03 3.470149253731344592e-03 1.099492537313432883e-01 1.118641791044776290e-02 5.842320895522387647e-02 5.942529850746267744e-02 3.662037313432835173e-02 8.312462686567163861e-03 4.307164179104477388e-03 1.204625373134328575e-01 1.442910447761193947e-02 1.135026865671641821e-01 2.023473880597015107e-01 1.217791044776119457e-02 -6.033582089552245618e-04 3.859179104477612060e-02 1.800746268656716218e-03 -8.275373134328357179e-04 5.554485074626865776e-02 2.056835820895522304e-02 1.681977611940298559e-02 1.145040298507462723e-01 1.168328358208955281e-02 6.775522388059700661e-03 5.308044776119403424e-02 5.579746268656715635e-02 2.027194029850746052e-02 1.148097014925373270e-02 1.112607462686567295e-01 1.555985074626865458e-02 5.691104477611940576e-02 7.381313432835820421e-02 8.061485074626865976e-02 5.380268656716418602e-02 -2.303731343283561893e-04 6.425798507462686382e-02 -8.354402985074626392e-03 3.819552238805969720e-03 3.931179104477611208e-02 3.945156716417910076e-02 -6.384436090225564277e-03 2.488300751879699013e-02 8.563684210526315357e-03 5.792774436090224882e-02 9.865913043478259647e-03 1.368727272727272501e-02 8.352385321100918789e-03 5.919870370370371171e-02 2.404990990990990563e-02 -5.122477876106193949e-03 -4.034848484848485746e-03 3.521721804511278309e-02 4.441136363636364118e-03 1.292101515151515279e-01 9.549393939393939143e-03 2.798712121212122012e-03 1.651106060606060411e-01 2.215916666666667076e-02 2.863947368421052714e-02 2.354699248120300376e-02 1.146610526315789413e-01 -5.702105263157895496e-03 3.042812030075188121e-02 5.664022556390976848e-02 1.306671428571428706e-01 5.646233082706766243e-02 -8.103609022556390248e-03 8.222030303030303244e-02 -4.800833333333333168e-03 4.662916666666665905e-02 8.635363636363636852e-02 3.781128787878787478e-02 3.864015151515151625e-02 5.873643939393938251e-02 1.124711363636363703e-01 6.469772727272726787e-03 2.729962121212121257e-02 2.988886363636363008e-02 -1.251136363636363340e-03 1.087093939393939390e-01 5.026060606060604209e-03 -1.381969696969697053e-03 7.690704545454546404e-02 -4.526363636363636526e-03 4.429659090909090352e-02 5.325969696969696382e-02 6.871128787878788557e-02 7.005833333333334398e-03 6.303939393939392115e-03 1.300385606060606158e-01 4.717037878787878891e-02 2.325886363636363655e-02 6.697530303030303778e-02 2.050477272727272565e-02 -3.377348484848484347e-03 2.605719696969696977e-02 6.474272727272728511e-02 1.510318181818182115e-02 8.181818181818182462e-03 1.361333333333333492e-02 1.886857251908396760e-01 1.711461538461538784e-02
-1.797014925373134012e-03 0.000000000000000000e+00 -1.200735971223021586e-01 -2.139071942446043109e-02 -1.751532374100719588e-02 -3.340863309352518334e-03 -8.647330935251797135e-02 -1.926223021582734035e-02 -2.879323741007194098e-02 -1.149499280575539545e-01 1.002151079136690687e-02 -1.665892086330935176e-02 -7.047913669064750052e-03 -4.342733812949640254e-02 -1.530143884892086296e-02 -4.512467625899280882e-02 -7.505050359712228669e-02 -5.743280575539569388e-02 -2.011107913669064190e-02 5.307050359712229409e-03 -6.903237410071942984e-03 -5.588273381294963857e-03 -1.522107913669064859e-02 -1.225151079136690621e-02 -2.192028776978417401e-02 -8.511071942446041261e-02 -3.838366906474820206e-02 -1.371582733812949824e-02 1.367273381294963931e-02 -1.325167625899280610e-01 -1.579978417266187166e-02 -1.815546762589927837e-02 -8.933035971223021732e-02 1.715467625899279270e-03 -7.962661870503599110e-03 1.503690647482013899e-02 1.111323741007194145e-02 -7.117021582733812357e-02 -2.428057553956835656e-03 1.258561151079136756e-02 -2.900856115107913746e-02 -1.938460431654676075e-02 -1.125035971223021722e-02 -3.000309352517985945e-02 -1.400514492753623594e-02 -1.725942028985507498e-02 -1.859818840579709892e-02 -1.305676811594202735e-01 -2.797758333333333000e-02 -4.804782608695650804e-03 -3.374991228070175348e-02 -1.902035398230089150e-03 -9.224655172413791585e-03 -5.636271186440677990e-03 -6.478102189781023267e-04 2.628478260869563429e-03 -2.707233576642336173e-02 -8.867620437956202917e-02 -2.650919708029196575e-02 -6.348394160583941369e-03 -2.498693430656934514e-02 1.798540145985401449e-03 4.899492753623189110e-03 -1.072572463768116033e-02 -1.142995652173913051e-01 -8.573405797101450038e-03 -4.353094202898551146e-02 -1.298819565217391170e-01 -9.929311594202898383e-02 1.973768115942029291e-03 -2.728072463768115713e-02 -9.669671532846715878e-02 -8.601824817518246777e-03 -3.110029197080292282e-02 -5.592335766423357432e-03 -8.743678832116789923e-02 -1.070007299270073035e-02 -1.203108759124087435e-01 -1.407379562043795107e-02 -1.745795620437956205e-02 -4.716569343065690756e-03 1.242043795620436904e-03 -2.201379562043795368e-02 -1.113244525547445185e-01 -9.161459854014600626e-03 -2.369350364963503791e-02 1.429124087591240877e-02 -2.769795620437956116e-02 -1.463430656934306719e-02 -2.584496350364963446e-02 7.797737226277371737e-03 -3.028379562043795672e-02 -2.199817518248175022e-02 -1.077170072992700706e-01 -2.843846715328467167e-02 -5.215109489051096385e-03 -4.556927007299270416e-02 1.951678832116787460e-03 -7.572627737226277599e-03 -2.010335766423357318e-02 1.950204379562043427e-02 4.925766423357664722e-03 -2.093394160583941441e-02 -2.250284671532846656e-02 -3.975088235294117062e-02 4.525629629629629447e-03
7.539932835820893631e-02 -1.200735971223021586e-01 0.000000000000000000e+00 -9.717839999999999812e-02 -4.129685714285714210e-02 -1.266615428571428170e-01 6.382489142857143971e-01 3.043954285714285321e-02 2.770485714285713663e-01 8.486668571428572783e-01 9.165599999999995973e-03 -4.333377142857142844e-02 -6.268834285714286469e-02 6.195798857142856830e-01 -4.829354285714285155e-02 2.887108571428571024e-01 6.172907428571429156e-01 1.699124000000000190e-01 -6.965314285714285791e-02 1.227498285714285486e-01 -1.257820000000000049e-01 -1.151818285714285711e-01 1.707014857142857001e-01 -2.140777142857143087e-02 -8.069725714285715112e-02 6.012210857142856746e-01 1.060937142857142912e-01 -2.191451428571428856e-02 7.366822857142858727e-02 8.319529714285713862e-01 1.435434285714285232e-02 -3.902045714285714423e-02 6.888422285714285165e-01 4.938788571428572721e-02 1.054355999999999904e-01 1.701775428571428439e-01 1.570653142857142692e-01 3.630002285714286070e-01 -1.042716571428571326e-01 1.187809714285714136e-01 -5.798131428571428464e-02 -2.391788571428571375e-02 1.000818128654970551e-01 2.337182456140350639e-01 8.808045977011475652e-03 -4.615706896551724503e-02 -4.344264367816091238e-02 6.951287931034482170e-01 -8.174688311688312059e-02 -8.382674796747968671e-02 8.050330578512399082e-03 3.896141666666666503e-02 -3.709081081081080922e-02 -1.578262337662337533e-01 -7.450517441860464440e-02 3.159838150289017572e-02 -1.401384302325581477e-01 6.089850289017341156e-01 -3.375023121387282776e-02 -7.467144508670520153e-02 4.114861849710982344e-01 -2.315630057803468381e-02 3.381195402298850516e-02 1.272591954022988248e-01 7.394236781609194731e-01 -1.412106321839080303e-01 1.227713218390804606e-01 8.786684482758619907e-01 7.532611494252874351e-01 4.779011494252873027e-02 1.068620689655164734e-03 8.306879768786126217e-01 -1.526039884393063373e-01 -7.523872832369941227e-03 1.722012716763005602e-01 3.100221387283237373e-01 6.299161849710982475e-02 7.955021387283237599e-01 3.211564161849711496e-01 -9.011075144508670642e-02 -9.030057803468222264e-04 -3.760780346820809250e-02 -9.729780346820807169e-02 8.244004046242775496e-01 -8.585005780346820214e-02 -1.369631213872832265e-01 1.625346820809248360e-01 -8.871346820809247746e-02 1.394253179190751146e-01 1.017063583815028815e-01 1.915131791907513925e-01 -4.470624277456647366e-02 -8.670826589595374834e-02 8.052052023121387681e-01 1.038992485549132955e-01 1.214658959537572025e-02 5.019706358381502698e-01 -5.129924855491328067e-02 -1.273854913294797664e-01 1.230115606936418816e-03 1.775468208092485511e-01 9.814335260115606557e-03 -6.120982658959536055e-02 9.632734104046242196e-02 5.144435329341316976e-01 -6.050903614457829593e-02
7.697910447761194090e-03 -2.139071942446043109e-02 -9.717839999999999812e-02 0.000000000000000000e+00 -1.005674285714285889e-02 -2.674680000000000113e-02 -7.119520000000000015e-02 -8.273428571428568731e-03 -2.302559999999999676e-02 -1.142906857142857030e-01 -2.374171428571430088e-03 -2.819462857142857395e-02 -1.878514285714285789e-02 -2.576234285714285380e-02 -2.044348571428571473e-02 -1.347577142857142585e-02 3.815085714285718858e-03 -4.280417142857143031e-02 -2.720748571428571738e-02 1.699674285714285540e-02 -2.805257142857143018e-02 -1.465994285714285715e-02 6.884857142857143085e-03 -1.844125714285714188e-02 -1.129485714285714121e-02 -3.095994285714285393e-02 -4.364188571428570529e-02 -1.545040000000000129e-02 1.791354285714285427e-02 -1.260630285714285925e-01 -1.948097142857142805e-02 -1.747668571428571613e-02 -5.205308571428571979e-02 5.878457142857142041e-03 9.255371428571430165e-03 2.879919999999999355e-02 2.991451428571428525e-02 -7.163417142857142483e-02 -3.400782857142856802e-02 2.776800000000000102e-02 -3.026165714285714015e-02 -1.890919999999999754e-02 -1.201023391812865160e-02 5.673099415204683593e-04 -2.743804597701149373e-02 -3.446379310344828244e-03 -1.768821839080459909e-02 -8.504655172413792819e-02 -2.120448051948051887e-02 -7.099918699186993226e-03 -3.306917355371900846e-02 1.741175000000000014e-02 2.699189189189189764e-03 -3.121129870129870157e-02 -1.270465116279070016e-02 -2.382254335260117727e-03 -2.287441860465115953e-02 -1.157254335260115077e-02 -2.398433526011561207e-02 -8.475317919075147158e-03 1.032306358381502448e-02 -2.195387283236994655e-02 -5.299655172413794517e-03 -1.339028735632184081e-02 -7.383913793103448475e-02 -2.909954022988506250e-02 -2.868500000000000216e-02 -1.046247126436781333e-01 -2.941798850574711688e-02 -2.526091954022990221e-03 -1.092925287356321697e-02 -4.226913294797687848e-02 -3.125283236994219616e-02 -3.003849710982658613e-02 8.153294797687858642e-03 -6.707757225433526316e-02 -1.666589595375722946e-02 -1.191485549132948185e-01 3.108612716763003297e-03 -3.087450867052023498e-02 -6.249479768786126398e-03 9.005028901734104044e-03 -2.962156069364161801e-02 -7.669473988439304279e-02 -2.068635838150289022e-02 -3.042722543352600548e-02 3.296046242774566815e-02 -3.493508670520229648e-02 -2.231236994219653463e-02 9.730000000000002536e-03 3.743410404624277626e-02 -2.926485549132947991e-02 -2.199872832369942008e-02 -5.165780346820807861e-02 -2.842034682080924607e-02 -1.710277456647398692e-02 -1.944520231213873324e-02 -3.044682080924855302e-02 -2.855289017341040500e-02 -2.035901734104046332e-02 1.274450867052022429e-02 -1.797838150289017556e-02 -2.149583815028901709e-02 -4.730936416184970683e-02 -2.456185628742515656e-02 -3.224180722891566153e-02
-5.403208955223881386e-03 -1.751532374100719588e-02 -4.129685714285714210e-02 -1.005674285714285889e-02 0.000000000000000000e+00 -2.097028571428571214e-02 -5.385765714285713907e-02 2.202228571428571993e-02 -3.858560000000000462e-02 -4.779411428571427728e-02 -9.164857142857141259e-03 -1.593908571428571605e-02 -1.048708571428571754e-02 2.532108571428572444e-02 -2.095485714285713966e-02 -2.451097142857142780e-02 4.707834285714285194e-02 -2.488039999999999696e-02 -2.934308571428571530e-02 1.991885714285714787e-02 -1.920177142857142777e-02 -7.142342857142856133e-03 2.962131428571429873e-02 -1.615514285714285403e-02 -3.234491428571428795e-02 -6.167542857142862579e-03 -1.611542857142856874e-02 -2.101074285714285561e-02 2.643811428571429117e-02 -7.311594285714285990e-02 -1.712062857142856651e-02 -1.445537142857142646e-02 -2.671268571428571381e-02 3.216759999999999065e-02 -1.252354285714285358e-02 4.056080000000000796e-02 3.416720000000000174e-02 -6.411702857142857759e-02 -2.261051428571428379e-02 2.431851428571428150e-02 -4.985754285714284750e-02 -2.060011428571428133e-02 5.560818713450293993e-03 4.396725146198825381e-03 -2.442057471264367716e-02 -1.832540229885057381e-02 -1.506448275862068767e-02 -1.795965517241377568e-02 -3.187396103896104199e-02 -1.493878048780487855e-02 -1.267834710743801635e-02 8.678333333333333038e-03 8.779054054054045639e-04 -3.216045454545454069e-02 -1.974686046511628032e-02 -7.710982658959483619e-05 -2.976901162790697442e-02 -4.372196531791895310e-03 -2.235687861271675944e-02 1.231450867052023314e-02 6.081271676300572908e-03 -1.010826589595375906e-02 4.757816091954023170e-03 -5.086264367816092750e-03 -2.867045977011492899e-02 -2.809149425287356394e-02 -4.135925287356322089e-02 -4.222862068965517468e-02 4.411091954022992347e-03 -1.629281609195402242e-02 5.232873563218391061e-03 -2.965734104046242187e-02 -2.054982658959537273e-02 -3.562421965317919687e-02 2.164294797687861191e-02 -8.189109826589593966e-02 -1.900763005780346099e-02 -4.389872832369941941e-02 2.853300578034682553e-02 -2.360508670520230709e-02 -4.033872832369942048e-03 8.012543352601155314e-03 -4.110508670520231916e-02 -2.022121387283235677e-02 -1.045057803468208042e-02 -3.337913294797687641e-02 3.250832369942197042e-02 -4.604294797687862734e-02 4.543410404624277990e-03 2.609248554913304969e-04 4.451144508670520222e-02 -2.850826589595375354e-02 -4.289283236994220067e-02 -1.075554913294796133e-02 -1.993630057803467623e-02 -2.477456647398844445e-03 4.607676300578035511e-02 -2.601439306358381554e-02 -3.174826589595375337e-02 -1.714341040462427981e-02 2.565427745664740355e-02 1.643988439306358351e-02 -2.103895953757225698e-02 -3.628352601156068641e-02 2.562293413173653139e-02 -2.616572289156626763e-02
3.470149253731344592e-03 -3.340863309352518334e-03 -1.266615428571428170e-01 -2.674680000000000113e-02 -2.097028571428571214e-02 0.000000000000000000e+00 -1.444498857142857418e-01 -3.747502857142857163e-02 -4.401519999999999738e-02 -1.667549714285714579e-01 -6.874457142857143266e-03 -2.195605714285714383e-02 -1.980428571428571177e-02 -5.039382857142856581e-02 -2.112640000000000004e-02 -5.279354285714286249e-02 -1.054530285714285753e-01 -6.479062857142856013e-02 -2.304194285714285598e-02 5.113657142857139931e-03 -1.492919999999999837e-02 -1.041257142857143075e-02 -1.059479999999999797e-02 -1.090417142857142904e-02 -2.394931428571428142e-02 -1.114130857142857089e-01 -4.335251428571428034e-02 -2.298302857142856676e-02 -8.171428571428534431e-05 -1.383938857142857082e-01 -2.080565714285714449e-02 -2.277737142857142252e-02 -1.361653142857142951e-01 -1.947211428571428773e-02 -2.609868571428571385e-02 -2.419885714285714001e-03 5.729771428571428168e-03 -6.727651428571429504e-02 -5.503371428571428303e-03 1.015577142857142928e-02 -3.057011428571428796e-02 -2.095319999999999822e-02 -2.695052631578946992e-02 -6.595660818713451612e-02 -3.299178160919538638e-02 -1.980913793103448312e-02 -1.914499999999999882e-02 -1.353462643678160771e-01 -2.912344155844156374e-02 -6.742032520325205031e-03 -3.091396694214875937e-02 -5.852500000000012423e-04 -1.182891891891891915e-02 -8.485779220779220144e-03 -5.795232558139536312e-03 -9.165953757225432652e-03 -3.741017441860464837e-02 -1.122096531791907520e-01 -3.158618497109826062e-02 3.698843930635831037e-04 -4.072023121387281439e-03 -1.003005780346821058e-02 -1.812586206896551685e-03 -3.315218390804598042e-02 -1.396998275862069150e-01 -8.621379310344826422e-03 -4.902511494252873026e-02 -1.513006321839080459e-01 -1.286054022988505630e-01 -1.790885057471264252e-02 -4.413413793103448252e-02 -1.473646242774566684e-01 -7.731040462427745188e-03 -3.822612716763006818e-02 -1.239612716763005551e-02 -7.918566473988439269e-02 -2.821739884393063835e-02 -1.498616184971098275e-01 -1.516624277456646817e-02 -2.268329479768785989e-02 -8.669017341040462579e-03 -8.685895953757226742e-03 -3.273843930635838423e-02 -1.559072254335260033e-01 -1.101450867052023060e-02 -2.801375722543352625e-02 1.040005780346820591e-02 -3.614664739884393407e-02 -2.948601156069364029e-02 -4.712456647398842458e-02 -1.839069364161849407e-02 -3.564092485549132799e-02 -3.254774566473987718e-02 -1.601084971098265808e-01 -3.406173410404624707e-02 -2.512023121387283592e-02 -9.022410404624278679e-02 -5.622774566473989766e-03 -1.086549132947977128e-02 -3.496387283236994381e-02 9.952369942196531705e-03 4.871329479768784360e-03 -2.441791907514451188e-02 -4.699052023121386146e-02 -2.897233532934131647e-02 -1.738271084337349170e-02
1.099492537313432883e-01 -8.647330935251797135e-02 6.382489142857143971e-01 -7.119520000000000015e-02 -5.385765714285713907e-02 -1.444498857142857418e-01 0.000000000000000000e+00 -9.795762711864419367e-03 1.741454237288135587e-01 6.552160451977401268e-01 5.168124293785311685e-02 -4.885525423728813432e-02 -3.147378531073447006e-02 4.873558757062146918e-01 -5.944757062146893006e-02 2.081814689265537310e-01 5.060961016949152569e-01 1.416276271186440727e-01 -9.940491525423729435e-02 1.021319774011299614e-01 -1.158920338983051163e-01 -6.562519774011300877e-02 1.575881355932203520e-01 -2.563231638418078662e-02 -1.032557062146892690e-01 4.851131073446328656e-01 4.033288135593220136e-02 -4.725508474576270435e-02 1.266838983050847522e-01 6.717258192090396207e-01 1.912762711864407147e-02 -5.033028248587571862e-02 4.053580225988700492e-01 -3.918644067796608899e-02 7.529361581920905599e-02 1.761428248587570689e-01 1.689451412429378574e-01 2.371775706214689916e-01 -1.129208474576271076e-01 1.587393785310734495e-01 -1.182410169491525526e-01 -6.742593220338982674e-02 1.365642774566474260e-01 1.799844508670520316e-01 1.005272727272727568e-01 2.755965909090904095e-03 -5.919068181818182978e-02 5.960138068181817239e-01 -1.025985897435897354e-01 5.875191999999997139e-02 -2.480544715447152368e-02 1.040060655737704981e-01 4.150033333333333352e-02 -1.508125641025641339e-01 1.223298850574712146e-02 7.978160000000000807e-02 -1.502554022988505933e-01 4.057450857142856915e-01 -4.969177142857142404e-02 -2.194314285714286591e-02 3.605658857142856610e-01 -7.653045714285713896e-02 5.550948863636364500e-02 2.739756818181817710e-01 6.194247159090908728e-01 -1.510068750000000126e-01 6.065073863636363805e-02 7.023698863636362866e-01 6.008205113636363448e-01 1.243181250000000015e-01 -6.521653409090909237e-02 6.503283428571430269e-01 -1.551188571428571972e-01 -7.139428571428600148e-04 1.584045714285714224e-01 2.147637714285714483e-01 1.356097142857144375e-02 6.650137142857144301e-01 2.483714285714286041e-01 -9.645051428571428664e-02 -1.033571428571427968e-02 1.637619999999999909e-01 -1.389935428571428822e-01 6.663730857142855513e-01 -8.917422857142856540e-02 -1.450638857142857452e-01 1.637548000000000059e-01 -1.397651428571428656e-01 8.042394285714285496e-02 7.641548571428571912e-02 2.300576571428571415e-01 -7.924902857142858414e-02 -1.087062857142857414e-01 6.900373142857142428e-01 7.205319999999999780e-02 -1.668571428571343168e-04 4.144113142857144272e-01 -1.489984000000000031e-01 -1.177575428571428773e-01 -3.532074285714285194e-02 1.742627999999999677e-01 9.026817142857145038e-02 -9.302228571428571013e-02 7.145771428571429627e-03 4.509631952662722654e-01 -1.286534523809523822e-01
1.118641791044776290e-02 -1.926223021582734035e-02 3.043954285714285321e-02 -8.273428571428568731e-03 2.202228571428571993e-02 -3.747502857142857163e-02 -9.795762711864419367e-03 0.000000000000000000e+00 -8.502881355932205912e-03 -2.805197740112996222e-03 -1.795932203389831103e-03 -2.708548022598869509e-02 -1.556316384180790949e-02 3.672271186440677349e-02 -3.348864406779660657e-02 1.271141242937853279e-02 4.604169491525426233e-02 -1.841632768361581643e-02 -4.061485875706214582e-02 2.930661016949152528e-02 -2.307745762711864435e-02 -8.152485875706215121e-03 3.346677966101695156e-02 -3.150559322033898157e-02 -3.533423728813558928e-02 3.520412429378533270e-02 -2.220570621468926503e-02 -1.369163841807909641e-02 2.384412429378531678e-02 -3.381480225988699878e-02 -3.008587570621469240e-02 -1.480864406779660788e-02 2.708853107344632791e-02 7.046288135593219149e-02 -1.249096045197741487e-03 6.667971751412431203e-02 3.232084745762712347e-02 -5.994468926553672694e-02 -3.633683615819209567e-02 3.360864406779660862e-02 -4.511881355932203380e-02 -1.660378531073446531e-02 2.260289017341041758e-03 5.202497109826588473e-02 -3.228346590909091096e-02 -6.899715909090908296e-03 -2.637755681818181389e-02 -2.295454545454444139e-04 -3.627044871794871811e-02 -1.371120000000000151e-02 -3.684113821138210870e-02 -3.156065573770491621e-03 -1.022446666666666608e-02 -4.125192307692308186e-02 -1.844942528735633641e-03 2.569771428571430288e-03 -3.353235632183908244e-02 3.520228571428570680e-02 -1.947720000000000007e-02 -5.276342857142856529e-03 2.412080000000000127e-02 -1.355651428571428771e-02 -1.129545454545453822e-03 -6.139602272727274004e-03 1.467125000000000373e-02 -2.355352272727272503e-02 -5.258994318181817867e-02 7.909545454545474641e-03 4.453107954545454383e-02 -2.360630681818182142e-02 4.433784090909090314e-02 3.714685714285711430e-03 -2.476194285714285528e-02 -4.380645714285714282e-02 2.666474285714285838e-02 -8.387474285714285882e-02 3.005714285714335154e-04 -3.047782857142855573e-02 4.535811428571429743e-02 -2.534571428571428045e-02 7.366857142857143742e-03 -2.546228571428572202e-03 -5.047519999999999785e-02 2.841908571428571756e-02 -2.703799999999999606e-02 -4.343468571428572150e-02 5.046308571428571171e-02 -5.767360000000000542e-02 1.710622857142857223e-02 5.392971428571427354e-03 9.528114285714286980e-02 -2.559685714285714342e-02 -4.072617142857142686e-02 9.531314285714305445e-03 -1.232708571428571022e-02 2.465599999999999650e-03 8.445571428571430062e-02 -3.988245714285714588e-02 -3.835531428571428009e-02 -1.000062857142856865e-02 2.743817142857142566e-02 1.810262857142857021e-02 -3.854114285714285715e-02 -2.509971428571428076e-02 -3.718520710059175852e-03 -3.605130952380952714e-02
5.842320895522387647e-02 -2.879323741007194098e-02 2.770485714285713663e-01 -2.302559999999999676e-02 -3.858560000000000462e-02 -4.401519999999999738e-02 1.741454237288135587e-01 -8.502881355932205912e-03 0.000000000000000000e+00 2.548168361581920616e-01 2.357734463276836209e-02 -1.648892655367231730e-02 -2.775389830508474820e-02 1.889749152542372912e-01 -1.911152542372881319e-02 8.589418079096045044e-02 1.445397175141242829e-01 6.249751412429378067e-02 -2.624564971751412387e-02 3.276446327683616572e-02 -3.430180790960452031e-02 -2.878655367231638257e-02 6.643796610169493133e-02 6.031581920903954924e-03 -1.105141242937853277e-02 2.326949152542372723e-01 1.180553672316383973e-02 -1.659067796610169329e-02 4.446966101694915102e-02 2.604468926553671904e-01 4.878192090395477507e-03 -1.961355932203389524e-02 1.947067796610169321e-01 4.462429378531075803e-03 1.327683615819219695e-04 7.219627118644067476e-02 7.534824858757060984e-02 9.153384180790960500e-02 -2.472525423728813912e-02 6.400677966101694927e-02 -3.582474576271186401e-02 -1.495163841807909712e-02 3.186323699421965416e-02 5.659421965317920633e-02 -1.456852272727273551e-02 -2.207931818181818259e-02 -2.874159090909090761e-02 2.085869318181817755e-01 -2.901923076923076592e-02 -5.564960000000001607e-03 -9.799837398373985320e-03 3.838327868852458441e-02 8.323199999999999349e-03 -5.192205128205128195e-02 1.062660919540230064e-02 1.860777142857142699e-02 -3.235373563218391091e-02 1.922166285714285994e-01 -3.590594285714285988e-02 -9.332800000000002205e-03 1.299489714285714248e-01 1.018914285714285451e-03 2.037113636363635863e-02 2.915539772727273465e-02 2.392403409090908817e-01 -3.400409090909090742e-02 4.220880681818182933e-02 2.595195454545454194e-01 1.901492613636364126e-01 2.729352272727273224e-02 4.802159090909088705e-03 2.508249714285714638e-01 -4.426337142857142415e-02 -2.260228571428568936e-03 7.020771428571427608e-02 1.150194285714285641e-01 5.228228571428571690e-03 2.286834857142856225e-01 9.262925714285713541e-02 -2.935365714285713759e-02 1.386828571428571841e-02 3.938342857142856750e-03 -4.292879999999998919e-02 2.011095999999999717e-01 -2.007737142857142845e-02 -2.008365714285714407e-02 8.259160000000000112e-02 -4.646571428571429074e-02 1.783531428571428351e-02 2.941480000000000136e-02 9.994394285714285064e-02 -1.629548571428571582e-02 -2.590308571428571321e-02 2.378147428571428801e-01 3.320222857142857142e-02 3.480971428571428584e-03 9.814508571428572081e-02 -1.916074285714285466e-02 -4.578257142857142942e-02 8.249199999999999935e-03 2.731211428571428401e-02 2.289245714285714078e-02 -3.164068571428571564e-02 1.046411428571428562e-02 1.559914201183431881e-01 -2.900071428571428592e-02
5.942529850746267744e-02 -1.149499280575539545e-01 8.486668571428572783e-01 -1.142906857142857030e-01 -4.779411428571427728e-02 -1.667549714285714579e-01 6.552160451977401268e-01 -2.805197740112996222e-03 2.548168361581920616e-01 0.000000000000000000e+00 -6.529378531073447116e-03 -4.724949152542372993e-02 -9.257016949152542529e-02 5.669799999999999285e-01 -4.609101694915254677e-02 2.813971186440678007e-01 6.347963841807909846e-01 1.935770621468926589e-01 -8.081220338983051421e-02 1.036930508474576268e-01 -1.322628813559321992e-01 -9.830056497175140851e-02 1.534268361581920814e-01 -4.256333333333333496e-02 -9.016790960451977199e-02 6.195822033898306103e-01 1.117779096045197623e-01 -3.767559322033898345e-02 6.816429378531072003e-02 8.776159887005650084e-01 1.435175141242937304e-02 -4.875276836158191907e-02 7.326155932203388677e-01 2.351723163841809572e-02 8.864661016949153260e-02 1.331895480225988582e-01 1.411190960451977339e-01 3.635623728813558997e-01 -1.196341807909604427e-01 1.043141807909604701e-01 -7.618344632768360436e-02 -3.766209039548022025e-02 9.771618497109826884e-02 2.626363005780346649e-01 1.113613636363638797e-02 -4.429005681818181522e-02 -4.243164772727272410e-02 7.586485795454546155e-01 -8.489737179487177876e-02 -9.151088000000004441e-02 4.209219512195121887e-02 2.257852459016393420e-02 -1.817493333333333391e-02 -1.678747435897436358e-01 -7.792339080459768919e-02 2.236434285714286249e-02 -1.357313793103448185e-01 6.350618285714285660e-01 -1.526508571428571333e-02 -5.606902857142857799e-02 3.658010857142856564e-01 -4.711674285714285981e-02 1.403215909090908646e-02 1.706149999999999889e-01 7.789906818181816517e-01 -1.557272159090909158e-01 1.240260795454545539e-01 9.124478977272726388e-01 7.994531818181817018e-01 3.954323863636362985e-02 -5.077948863636363303e-02 8.722765714285712901e-01 -1.585875999999999952e-01 -2.723651428571428890e-02 1.556757142857143061e-01 3.169641714285714174e-01 4.135697142857141378e-02 8.555449142857143308e-01 3.084049142857143710e-01 -9.855662857142857836e-02 -3.407268571428571230e-02 -2.468937142857143344e-02 -1.070960571428571234e-01 8.711883428571429722e-01 -8.650954285714285152e-02 -1.574312000000000489e-01 1.274170285714285866e-01 -9.671657142857142953e-02 1.149831999999999660e-01 9.977279999999999482e-02 1.624671999999999505e-01 -4.201011428571427980e-02 -1.091984571428571832e-01 8.445911428571426516e-01 1.081018285714285682e-01 7.165828571428571950e-03 5.505340571428570806e-01 -6.778217142857140276e-02 -1.437049714285714708e-01 -1.140662857142855924e-02 1.064400571428571196e-01 2.494285714285713815e-02 -6.495514285714286407e-02 7.286771428571429954e-02 4.887814201183432461e-01 -6.268196428571426448e-02
3.662037313432835173e-02 1.002151079136690687e-02 9.165599999999995973e-03 -2.374171428571430088e-03 -9.164857142857141259e-03 -6.874457142857143266e-03 5.168124293785311685e-02 -1.795932203389831103e-03 2.357734463276836209e-02 -6.529378531073447116e-03 0.000000000000000000e+00 -4.491638418079096570e-03 -5.361355932203389942e-03 3.156039548022598895e-02 -9.951412429378530752e-03 3.079559322033898275e-02 6.158915254237288389e-02 -6.026553672316386622e-04 -1.134853107344632739e-02 2.600197740112994080e-02 -3.093559322033898745e-03 -5.357627118644067016e-03 2.595915254237287847e-02 5.883615819209039172e-03 1.105762711864406722e-02 3.536429378531073808e-02 -1.396920903954802264e-02 -1.905423728813559689e-03 2.229519774011299443e-02 -5.448926553672317832e-03 2.329096045197740199e-03 -2.727175141242938871e-03 4.863587570621468598e-02 -1.467429378531073282e-02 2.567977401129943604e-02 3.261677966101694803e-02 4.174977401129943699e-02 1.349146892655367184e-02 -1.041084745762711761e-02 3.185028248587570138e-02 -2.069276836158192093e-02 -6.144463276836159213e-03 1.445988439306358092e-02 6.591676300578035858e-03 -6.058863636363637402e-03 9.076136363636369553e-04 -1.972556818181817311e-03 -6.328011363636364649e-03 -1.452692307692307182e-03 7.070239999999998470e-03 -1.543056910569105648e-02 2.943524590163934529e-02 8.538533333333332351e-03 -8.313397435897436349e-03 -9.160919540229883837e-04 2.270417142857142356e-02 -1.296574712643678261e-02 5.367148571428571185e-02 -7.742742857142855331e-03 9.332685714285712461e-03 5.213491428571428304e-02 -6.877771428571430486e-03 1.892647727272727190e-02 1.012630681818181728e-02 5.795624999999996092e-03 -1.103443181818181996e-02 6.088125000000000654e-03 -1.378727272727273134e-02 2.072125000000000009e-02 2.984181818181818116e-02 -1.568818181818181987e-02 -3.676342857142851465e-03 -1.089365714285714035e-02 -8.729371428571429739e-03 3.124331428571428676e-02 -9.199885714285715305e-03 1.459919999999999794e-02 -1.686754285714286289e-02 7.528708571428571750e-02 -1.258468571428571561e-02 1.389262857142857001e-02 2.378714285714286086e-02 -1.732382857142857058e-02 8.790057142857139738e-03 -4.360914285714287755e-03 -1.043217142857142711e-02 4.997399999999999065e-02 -1.722314285714285353e-02 2.713840000000000696e-02 2.027388571428571581e-02 3.534097142857142715e-02 -1.201428571428571519e-02 -8.895314285714281746e-03 3.690440000000000387e-02 2.219611428571428846e-02 3.686800000000000060e-03 6.155714285714283460e-03 -8.362742857142854355e-03 -1.309319999999999928e-02 7.949257142857144021e-03 4.368040000000000117e-02 -2.713599999999997871e-03 -8.632000000000000783e-03 -2.513542857142854643e-03 7.845763313609467604e-02 -3.979226190476191014e-03
8.312462686567163861e-03 -1.665892086330935176e-02 -4.333377142857142844e-02 -2.819462857142857395e-02 -1.593908571428571605e-02 -2.195605714285714383e-02 -4.885525423728813432e-02 -2.708548022598869509e-02 -1.648892655367231730e-02 -4.724949152542372993e-02 -4.491638418079096570e-03 0.000000000000000000e+00 -1.826016949152542077e-02 -7.824661016949152614e-02 -2.820813559322033967e-02 -2.672559322033898552e-02 -2.754237288135589698e-03 -3.784141242937853061e-02 -2.672502824858756856e-02 1.258841807909604621e-02 -2.691169491525423688e-02 -1.602005649717513913e-02 2.106632768361581948e-02 -9.910677966101694852e-03 -2.746480225988700077e-02 -2.448790960451977666e-02 -2.953050847457626762e-02 -2.294960451977401047e-02 2.573870056497174971e-02 -5.021056497175140770e-02 -1.034384180790960499e-02 -3.064830508474575971e-02 -3.856480225988700994e-02 -1.719367231638418286e-02 -1.081180790960451985e-02 3.292276836158192221e-02 2.922621468926553390e-02 -3.795785310734462598e-02 -2.600316384180791085e-02 2.310581920903954575e-02 -4.223983050847457399e-02 -1.842350282485875901e-02 -1.528988439306358180e-02 -1.452722543352601148e-02 -1.251329545454545403e-02 -1.541517045454545570e-02 -2.002846590909090549e-02 -4.864687499999999915e-02 -2.558717948717948582e-02 -8.539120000000000738e-03 -1.790471544715447130e-02 1.226959016393442889e-02 1.015926666666666645e-02 -2.588153846153846624e-02 -1.843270114942528390e-02 6.244685714285714596e-03 -3.044764367816092318e-02 -3.238868571428570736e-02 -3.585588571428572485e-02 -7.800171428571428187e-03 -3.198468571428572660e-02 -1.786154285714285778e-02 1.058125000000001339e-03 -5.705681818181821546e-03 -6.570051136363637412e-02 -2.497306818181818308e-02 -4.629505681818180812e-02 -3.525284090909091422e-02 -2.369312499999999544e-02 -6.238409090909091334e-03 -2.300170454545454046e-02 -2.163542857142857281e-02 -2.893680000000000210e-02 -3.203577142857141902e-02 1.521428571428571491e-02 -5.853622857142856684e-02 -2.185160000000000227e-02 -6.091702857142856919e-02 7.542628571428572869e-03 -2.839028571428571165e-02 5.452399999999999608e-03 7.443600000000000737e-03 -4.414971428571427825e-02 -2.551434285714285558e-02 -6.793371428571426916e-03 -3.550222857142858179e-02 3.234405714285713829e-02 -4.145285714285713852e-02 -8.452857142857142167e-03 -8.826457142857143875e-03 2.000605714285714348e-02 -2.996240000000000361e-02 -3.893417142857143187e-02 -2.411519999999998942e-02 5.962514285714287654e-03 -1.886914285714286601e-03 2.326400000000001904e-03 -3.282857142857143612e-02 -3.011102857142856914e-02 -2.950251428571427914e-02 -2.004188571428571625e-02 -2.604222857142857173e-02 -3.119639999999999913e-02 -4.180319999999999869e-02 -5.733431952662723652e-02 -3.456744047619047383e-02
4.307164179104477388e-03 -7.047913669064750052e-03 -6.268834285714286469e-02 -1.878514285714285789e-02 -1.048708571428571754e-02 -1.980428571428571177e-02 -3.147378531073447006e-02 -1.556316384180790949e-02 -2.775389830508474820e-02 -9.257016949152542529e-02 -5.361355932203389942e-03 -1.826016949152542077e-02 0.000000000000000000e+00 1.133519774011299518e-02 -2.574689265536722962e-02 -4.339779661016948675e-02 -2.694864406779660243e-02 -4.380169491525424258e-02 -2.882451977401129933e-02 2.177853107344633176e-03 -1.448090395480225792e-02 -1.378282485875706280e-02 5.223502824858754744e-03 -5.433785310734465940e-03 -1.824954802259887154e-02 -2.194305084745763051e-02 -3.623045197740112910e-02 -1.438180790960452010e-02 1.684118644067796738e-02 -8.496937853107344729e-02 -7.432598870056496797e-03 -2.596514124293785447e-02 -1.843644067796610872e-02 -3.688175141242937966e-02 -1.462175141242937765e-02 1.751192090395480364e-02 1.703926553672316380e-02 -5.131022598870056683e-02 -1.805666666666666878e-02 1.187875706214689374e-02 -2.944898305084745968e-02 -2.631531073446327293e-02 -2.014410404624276951e-02 -4.224323699421964062e-02 -1.637602272727272865e-02 -1.161301136363636181e-02 -2.930124999999999744e-02 -7.333829545454545462e-02 -2.399166666666666808e-02 5.390239999999997533e-03 -3.790918699186991703e-02 8.518278688524592163e-03 2.040399999999999939e-03 -1.151141025641025384e-02 1.041379310344827790e-03 2.124571428571427924e-03 -2.846258620689655350e-02 -2.931857142857143342e-02 -3.202737142857143421e-02 -4.346400000000000263e-03 4.773548571428571502e-02 -2.000868571428571566e-02 6.694318181818183656e-04 -7.612613636363637845e-03 -6.401409090909092325e-02 -1.227011363636363456e-02 -4.966517045454545837e-02 -7.457636363636363508e-02 -8.490159090909089878e-02 -2.643465909090907378e-03 -1.055073863636363934e-02 -9.892102857142857919e-02 -1.724382857142857037e-02 -1.313051428571428841e-02 5.999257142857144544e-03 -5.421874285714285702e-02 -2.151217142857142842e-02 -7.992902857142855644e-02 -4.503200000000000605e-03 -2.168000000000000135e-02 -3.346742857142856898e-03 9.184857142857142179e-03 -3.924931428571428599e-02 -7.894954285714284037e-02 -1.397771428571428602e-02 -1.557988571428571209e-02 1.574885714285714083e-02 -4.270068571428572296e-02 -1.684548571428571423e-02 -2.534114285714285375e-02 5.226399999999999969e-03 -2.512462857142857414e-02 -2.340708571428571499e-02 -7.855337142857143906e-02 -2.203285714285713875e-02 -2.088674285714285650e-02 -5.435811428571428461e-02 -3.644148571428570960e-02 -2.310062857142856918e-02 -2.216502857142857441e-02 4.061857142857142750e-02 1.288988571428571761e-02 -3.598839999999999678e-02 -5.592468571428570873e-02 5.962562130177515712e-02 -4.167113095238095255e-02
1.204625373134328575e-01 -4.342733812949640254e-02 6.195798857142856830e-01 -2.576234285714285380e-02 2.532108571428572444e-02 -5.039382857142856581e-02 4.873558757062146918e-01 3.672271186440677349e-02 1.889749152542372912e-01 5.669799999999999285e-01 3.156039548022598895e-02 -7.824661016949152614e-02 1.133519774011299518e-02 0.000000000000000000e+00 -8.071090395480227941e-02 2.708377966101694900e-01 5.276323728813558933e-01 8.762259887005648118e-02 -1.004759887005649693e-01 9.273220338983050037e-02 -7.335649717514124146e-02 -5.359870056497174906e-02 1.311087570621468634e-01 1.744180790960452639e-03 -5.833011299435027913e-02 4.748766101694914532e-01 1.285435028248588067e-02 -4.444384180790960509e-02 9.886005649717513610e-02 5.654258192090395596e-01 2.239790960451977508e-02 -4.762203389830511197e-03 5.042598305084745602e-01 8.175158192090396791e-02 9.371774011299434382e-02 1.743674011299434778e-01 1.798299435028248572e-01 2.481712994350282198e-01 -3.525757062146891996e-02 1.440728813559322141e-01 -1.069254237288135706e-01 -6.370610169491525143e-02 1.082120809248554721e-01 1.550147976878612777e-01 -1.861107954545454177e-02 -3.803380681818181730e-02 -9.511250000000001648e-02 5.255931818181818205e-01 -8.139096153846155091e-02 -1.810728000000000337e-02 -4.915731707317073235e-02 6.568606557377049127e-02 -1.941333333333380160e-04 -6.895583333333331344e-02 -5.264178160919540106e-02 4.296291428571428345e-02 -1.070061494252873557e-01 5.164192000000000782e-01 -7.475651428571428170e-02 -7.626514285714284733e-03 2.791655428571427899e-01 1.073274285714285493e-02 9.017232954545452428e-02 1.119845454545454477e-01 5.529495454545454436e-01 -6.759073863636363977e-02 6.323647727272727059e-02 5.892561931818182108e-01 5.556644886363635294e-01 7.218778409090909065e-02 6.339943181818186169e-03 5.460735428571428240e-01 -5.124159999999999132e-02 -3.227097142857143774e-02 1.364989142857142845e-01 1.892725714285714012e-01 3.257514285714285113e-02 5.625780000000000225e-01 3.053581714285714677e-01 -2.779342857142857309e-02 1.610468571428571444e-02 3.492114285714283117e-03 -1.393702857142857243e-01 5.850604571428571488e-01 -3.879680000000000628e-02 -8.504274285714286119e-02 1.673786285714286004e-01 -1.485766285714285873e-01 7.126091428571428021e-02 1.232666857142857009e-01 1.935110285714285727e-01 -8.162897142857145072e-02 -8.630091428571430578e-02 5.550130285714286460e-01 4.119017142857142599e-02 1.995062857142857263e-02 3.684757142857142953e-01 9.519085714285715691e-03 -3.565514285714286441e-02 2.721102857142856934e-02 1.486465714285714057e-01 1.917186857142857137e-01 -1.047898285714285727e-01 1.639942857142863983e-03 3.482337278106508727e-01 -3.951369047619047309e-02
