0.000000000000000000e+00 6.130917910447761937e-02 2.204726119402984907e-01 5.835014925373134542e-02 4.935589552238806715e-02 6.102791044776119389e-02 5.993149253731343273e-02 1.116285820895522446e-01 8.831074626865670352e-02 2.263631343283581954e-01 4.708402985074627151e-02 1.016977611940298315e-01 8.086440298507463487e-02 1.038505970149253832e-01 1.509538059701492352e-01 1.441068656716417984e-01 2.118724626865671479e-01 8.506134328358208596e-02 1.469220149253731289e-01 6.443082089552239211e-02 1.061668656716417969e-01 9.649320895522388308e-02 9.119477611940297879e-02 4.098597014925373094e-02 7.609865671641791174e-02 1.072071641791044611e-01 1.441805223880596731e-01 1.082404477611940280e-01 3.434388059701492385e-02 2.288853731343283571e-01 5.237126865671642290e-02 1.104271641791044894e-01 6.760716417910446474e-02 1.462363432835821209e-01 9.116664179104476406e-02 1.883194029850746021e-02 1.921417910447760849e-02 1.491629850746268582e-01 6.344791044776121325e-02 2.254410447761193842e-02 1.395508955223880299e-01 1.267325373134328415e-01 7.853574626865672537e-02 1.663120895522388065e-01 1.440447368421052532e-01 1.217336090225563938e-01 1.363230827067669071e-01 2.166024060150376074e-01 6.566313043478261280e-02 7.355245454545455974e-02 1.393223853211008889e-01 6.541388888888889641e-02 7.934279279279278507e-02 8.349194690265487884e-02 1.035811363636363475e-01 6.459616541353382924e-02 1.068458333333333204e-01 1.154099242424242305e-01 1.755563636363636215e-01 6.257477272727274276e-02 6.821916666666665019e-02 9.477696969696969287e-02 2.542917293233082701e-02 6.846488721804512567e-02 2.016494736842105173e-01 6.363864661654135280e-02 1.177360902255639302e-01 2.245397744360902448e-01 2.039799999999999947e-01 4.796804511278195127e-02 2.415007518796992783e-02 2.189859090909090922e-01 7.105333333333332946e-02 1.243499999999999744e-01 8.199946969696969568e-02 1.710018181818181993e-01 1.057790909090909059e-01 2.231532575757575743e-01 9.111757575757574446e-02 1.071306060606060651e-01 4.401106060606060216e-02 1.590037878787878625e-02 1.555215151515151051e-01 2.202240151515151290e-01 7.414696969696968343e-02 6.427856060606061683e-02 1.346295454545454531e-02 1.710304545454545133e-01 9.554484848484849635e-02 6.112393939393939712e-02 1.866333333333333039e-02 1.267805303030303254e-01 1.215751515151514972e-01 2.079292424242424331e-01 1.311408333333333454e-01 5.314212121212121692e-02 1.570074242424242539e-01 1.672203787878787928e-01 8.861386363636364338e-02 9.931598484848484787e-02 1.712916666666666060e-02 -2.667878787878795021e-03 1.272988636363636406e-01 1.671440909090909088e-01 9.121687022900760999e-02 1.434724615384615487e-01
6.130917910447761937e-02 0.000000000000000000e+00 2.219325179856115327e-01 2.165797122302158539e-01 2.352908633093525048e-01 2.207248201438848645e-01 3.352179856115108936e-02 2.863742446043165413e-01 1.781528776978416884e-01 2.345156115107913664e-01 1.363139568345323738e-01 2.873074100719424373e-01 2.521392086330934701e-01 -5.947841726618705027e-02 4.975279136690648474e-01 1.740417985611510676e-01 1.406201438848920793e-01 2.666771942446043431e-01 5.262442446043165134e-01 1.180509352517985361e-01 2.456474820143884630e-01 2.187496402877697754e-01 1.378301438848920923e-01 1.664138129496403051e-01 2.159150359712230238e-01 7.095841726618704048e-02 5.016053956834533034e-01 3.022004316546762492e-01 2.919330935251798764e-02 2.285400000000000209e-01 2.007317985611510591e-01 3.779466187050359860e-01 4.451705035971223468e-02 6.926910791366905906e-01 1.208563309352517906e-01 -3.059309352517985622e-02 -1.732438848920863500e-02 2.301229496402878161e-01 2.260843884892085875e-01 -3.236762589928054556e-03 4.964033093525179186e-01 4.712434532374100149e-01 1.624433093525179950e-01 2.521332374100719309e-01 4.108648550724637860e-01 2.927655072463767882e-01 5.688476086956520961e-01 2.369223188405796821e-01 2.833268333333333056e-01 2.269466086956521689e-01 5.249427192982456525e-01 9.198831858407080508e-02 2.215523275862068542e-01 2.330957627118644404e-01 1.604260583941606033e-01 1.995773188405796927e-01 2.649817518248174797e-01 1.125229927007299208e-01 5.535849635036497185e-01 1.974090510948904864e-01 -1.610608029197080349e-01 5.913455474452554705e-01 3.105305072463767635e-01 2.076928260869565224e-01 1.295584057971014558e-01 2.319621014492753153e-01 2.692756521739130271e-01 2.275494927536231837e-01 2.140227536231884553e-01 1.109369565217391135e-01 3.049621014492753246e-01 2.562118248175183077e-01 2.216676642335766445e-01 3.170183211678832547e-01 7.135591240875911734e-02 2.448597810218977877e-01 3.523899999999999810e-01 2.364525547445255893e-01 4.349372262773722186e-02 3.056892700729926804e-01 1.536699270072992840e-01 1.906221897810219112e-01 5.496200729927007700e-01 2.058208759124087461e-01 3.344886131386861083e-01 2.475273722627736872e-01 -3.197583941605838809e-02 5.806278832116787969e-01 1.979413138686131612e-01 1.373096350364963747e-01 2.831313868613136078e-03 3.728072262773722834e-01 3.364768613138686137e-01 1.291579562043795593e-01 3.625104379562043566e-01 2.058902919708029133e-01 1.976832116788320992e-01 7.242794890510949601e-01 2.516471532846715209e-01 1.827950364963503438e-01 -2.581824817518263947e-03 4.620977372262773386e-01 5.280054014598539736e-01 5.646577372262773231e-01 -1.442894852941176698e-01 7.086485925925926077e-01
2.204726119402984907e-01 2.219325179856115327e-01 0.000000000000000000e+00 1.630842285714285689e-01 2.016809142857143022e-01 1.931060571428571404e-01 3.685628571428570810e-01 1.985943999999999765e-01 2.614120571428571460e-01 4.463883428571428502e-01 1.886776000000000009e-01 1.683155428571428414e-01 1.570595428571428531e-01 3.475131428571429093e-01 1.129559428571428464e-01 2.773546857142857314e-01 3.830115428571428393e-01 2.138316571428571511e-01 7.673222857142857067e-02 2.464210857142856981e-01 1.833021142857143015e-01 2.028389142857142668e-01 2.605004000000000208e-01 1.743817142857143065e-01 2.011532000000000042e-01 2.969840000000000257e-01 1.289714285714285702e-01 1.325065142857142775e-01 2.347836571428571217e-01 3.579139999999999544e-01 1.932472571428571761e-01 1.475655428571428507e-01 3.262890857142857204e-01 9.182977142857141895e-02 2.343437142857142941e-01 2.804057714285714265e-01 2.576381714285713720e-01 2.636186857142857054e-01 2.001895428571428548e-01 2.487786857142857133e-01 5.316760000000000930e-02 1.091254285714285677e-01 2.385539181286549515e-01 2.934817543859649103e-01 1.718760919540230081e-01 1.592332183908046206e-01 1.157062643678160863e-01 3.595163793103448024e-01 1.386342857142857099e-01 1.705683739837398349e-01 1.072225619834710625e-01 2.186560833333333342e-01 1.794128378378377908e-01 1.947272077922078126e-01 2.164063372093023296e-01 2.081194219653179356e-01 1.123972674418604600e-01 3.392757225433525869e-01 1.069605780346820634e-01 2.397728323699421793e-01 2.836346242774566706e-01 4.372930635838150060e-02 1.308914367816091939e-01 2.040139080459770216e-01 3.907275862068966266e-01 1.788154022988505953e-01 2.096662068965517434e-01 4.002424712643677940e-01 4.907912068965517571e-01 2.220868965517241445e-01 1.563325287356321924e-01 4.868602312138728405e-01 1.999861849710982964e-01 1.396280346820809037e-01 2.662983815028901469e-01 2.437909248554913644e-01 1.691988439306358616e-01 3.503793063583814926e-01 3.366021965317919085e-01 1.293283236994219876e-01 1.634217919075144632e-01 1.767176878612716773e-01 7.480612716763006265e-02 3.943054913294798403e-01 1.812143352601156276e-01 1.120787283236994308e-01 2.518015606936416795e-01 5.154335260115607692e-02 2.220887283236994414e-01 2.382205780346820512e-01 2.882210982658959808e-01 1.245443930635838359e-01 1.255715606936416151e-01 3.380199421965318085e-01 1.884727745664740162e-01 2.015970520231214203e-01 3.529882080924855448e-01 1.856797687861271723e-02 1.665694797687861384e-01 1.677846820809248407e-01 2.528966473988439323e-01 3.497572254335259978e-02 8.700098265895953031e-02 1.364743930635838043e-01 3.167331736526946551e-01 4.037728915662650020e-02
5.835014925373134542e-02 2.165797122302158539e-01 1.630842285714285689e-01 0.000000000000000000e+00 2.258524571428571492e-01 2.699850285714285869e-01 6.706737142857142897e-02 2.893013142857142617e-01 1.610604571428571608e-01 1.054252571428571372e-01 1.776200000000000001e-01 3.286346857142856681e-01 2.258863999999999872e-01 -5.846920000000001283e-02 5.014677142857142389e-01 1.653085142857142753e-01 9.886040000000000105e-02 2.991921714285714629e-01 4.971402857142857012e-01 8.902554285714285587e-02 2.720304000000000610e-01 2.547764571428571823e-01 1.445252000000000203e-01 2.300755999999999912e-01 2.991693714285714734e-01 7.552731428571428374e-02 4.086822857142856646e-01 3.252898857142857980e-01 5.709691428571429805e-02 1.477649142857142550e-01 1.998566857142856923e-01 3.682297714285714951e-01 1.061646857142857364e-01 5.954824571428570801e-01 2.246831428571428591e-01 -4.178228571428578043e-03 -8.299942857142854347e-03 2.722040571428572253e-01 2.287270857142857383e-01 1.175571428571427733e-02 5.268105714285714614e-01 4.436177714285713392e-01 1.595695321637427000e-01 2.182377777777778360e-01 3.787503448275861828e-01 3.157335632183909113e-01 4.760213218390804135e-01 2.034180459770115190e-01 3.398987662337661919e-01 1.781721138211382616e-01 4.851682644628099728e-01 1.168625833333333530e-01 2.064909459459459418e-01 2.763687012987012803e-01 2.234868604651163160e-01 1.533983815028901743e-01 3.654176162790698235e-01 1.392694797687861474e-01 5.232710404624277833e-01 1.801500578034681554e-01 -1.620098843930635746e-01 4.296377456647398341e-01 2.154409195402299249e-01 1.197308620689654934e-01 5.847482758620688864e-02 2.465707471264368122e-01 3.228394827586206772e-01 1.664291379310344765e-01 1.977289655172414229e-01 1.250047701149425428e-01 3.584909770114942940e-01 2.149989017341040753e-01 2.439816763005780154e-01 3.465636416184970647e-01 5.701225433526013048e-02 2.996861271676301008e-01 3.617116763005780444e-01 1.561288439306358355e-01 2.524236994219653668e-02 3.417002890173411189e-01 1.368884393063584115e-01 1.242857225433525725e-01 5.432593063583814885e-01 1.520157803468208113e-01 3.255690173410404897e-01 3.295101156069364379e-01 -3.747358381502891023e-02 5.742690751445086450e-01 1.814017341040462528e-01 2.039909826589595965e-01 4.055641618497109191e-02 4.053557225433526146e-01 4.512622543352600157e-01 1.267776300578034587e-01 2.946142774566474221e-01 2.268836994219652903e-01 1.593216763005780301e-01 6.160325433526010475e-01 2.502166473988439166e-01 2.932830635838150624e-01 -4.205942196531790855e-02 3.239327167630057236e-01 5.091018497109827123e-01 4.674335260115606294e-01 -1.749428742514970159e-01 5.451553012048192537e-01
4.935589552238806715e-02 2.352908633093525048e-01 2.016809142857143022e-01 2.258524571428571492e-01 0.000000000000000000e+00 2.507262857142856793e-01 -4.592348571428571391e-02 2.545596571428572208e-01 1.725733142857142910e-01 1.043898285714285890e-01 1.082686285714285629e-01 2.805362285714286252e-01 2.385669714285713894e-01 -7.452268571428571908e-02 4.686467428571428617e-01 1.328075428571428573e-01 1.044672571428571367e-01 2.189772000000000107e-01 4.816313142857143181e-01 1.111311999999999856e-01 2.286868571428571639e-01 2.115503999999999718e-01 1.401230857142857222e-01 2.073238857142857550e-01 2.418315428571428394e-01 7.413822857142855771e-02 4.674745142857142932e-01 2.488679428571428653e-01 3.290942857142856864e-02 1.736493142857142846e-01 2.111891428571428808e-01 3.372606285714285224e-01 5.204108571428572166e-02 6.113034285714286087e-01 1.333526285714285442e-01 8.016571428571423255e-03 -9.125657142857141607e-03 2.201448571428571699e-01 2.733780571428571227e-01 -3.626171428571430596e-03 4.364575428571428883e-01 4.338345714285714583e-01 1.482618128654970835e-01 2.125304678362573418e-01 3.245787931034483376e-01 2.827239080459770793e-01 4.923370689655172661e-01 2.283951149425287597e-01 2.903720779220779757e-01 2.034692682926829421e-01 5.358397520661158930e-01 8.903700000000000503e-02 1.936152702702702566e-01 2.370678571428571080e-01 1.709507558139534977e-01 1.539938150289017482e-01 2.761897093023256144e-01 1.268816763005780335e-01 5.054960115606937920e-01 1.803169942196531650e-01 -1.834617919075144377e-01 4.965821965317919195e-01 2.359755747126436320e-01 1.672582183908045694e-01 5.067678160919539265e-02 2.301612068965517566e-01 2.966549425287355879e-01 2.016918965517241757e-01 2.508944252873563374e-01 1.255879310344827360e-01 3.293460344827585651e-01 2.558508092485549112e-01 2.383651445086705234e-01 2.687895953757225564e-01 6.162202312138728710e-02 2.569861849710982638e-01 2.901957225433526300e-01 1.984521965317919689e-01 3.439265895953756702e-02 2.675705780346820939e-01 1.270916184971098428e-01 1.725501156069363939e-01 5.098357803468208660e-01 1.862708092485549360e-01 3.290558959537572270e-01 2.769794219653179401e-01 -3.777075144508670879e-02 5.239981502890173060e-01 1.606309248554913249e-01 1.865009826589595632e-01 6.279630057803467502e-02 3.250804046242775081e-01 3.074273988439306660e-01 1.430550289017341048e-01 3.396250289017341273e-01 1.919079768786127183e-01 2.047125433526011951e-01 6.264124277456647460e-01 2.512510982658959779e-01 1.975112138728323807e-01 -4.693127167630058161e-02 4.257951445086706199e-01 4.848970520231213888e-01 5.133495953757226671e-01 -2.003276646706586561e-01 5.700802409638554558e-01
6.102791044776119389e-02 2.207248201438848645e-01 1.931060571428571404e-01 2.699850285714285869e-01 2.507262857142856793e-01 0.000000000000000000e+00 6.385371428571435214e-03 2.755464571428571929e-01 2.248628000000000293e-01 2.202328000000000063e-01 2.023461714285714474e-01 3.677369142857143114e-01 3.417714285714285039e-01 -9.046142857142856764e-02 4.677405714285714500e-01 1.584186857142857174e-01 8.991068571428571798e-02 2.668651428571428563e-01 5.354801142857141816e-01 9.080914285714285217e-02 2.598655428571429171e-01 2.485375999999999697e-01 1.530593142857142597e-01 2.325542285714285728e-01 2.107390857142857066e-01 3.877834285714285706e-02 4.887124000000001023e-01 2.857012000000000440e-01 4.764462857142857943e-02 1.870027428571428563e-01 2.566990285714285669e-01 3.805437714285713757e-01 -3.080577142857142750e-02 6.573950857142857318e-01 1.643377714285714497e-01 9.958228571428568918e-03 -1.849902857142857529e-02 2.592036000000000340e-01 3.467077714285714540e-01 -4.142971428571426244e-03 5.665854285714284622e-01 4.189887428571429373e-01 1.438994152046783603e-01 2.419545029239765777e-01 4.123428735632184705e-01 2.993812068965517326e-01 5.125867816091954632e-01 2.093231034482758435e-01 2.909839610389610698e-01 2.329876422764227684e-01 5.047356198347108247e-01 1.041627499999999984e-01 2.047119594594594694e-01 2.373251298701298528e-01 2.125342441860464948e-01 1.732815606936416175e-01 3.087751162790697834e-01 7.233861271676300664e-02 5.499634682080923875e-01 1.896629479768786042e-01 -2.275748554913294974e-01 5.671546242774566648e-01 2.898587931034482534e-01 1.597011494252873198e-01 1.214483908045977112e-01 2.902191954022988463e-01 3.245456896551724424e-01 1.991698275862069378e-01 1.930879885057471268e-01 1.551438505747126662e-01 2.889546551724137546e-01 2.263903468208092740e-01 2.867139884393063443e-01 3.438205780346820783e-01 3.207421965317919232e-02 2.910890751445087132e-01 3.028280346820809710e-01 2.413352023121387302e-01 1.564624277456646336e-03 3.517782658959537900e-01 1.830234104046242760e-01 1.889710982658959204e-01 5.580797109826589608e-01 1.774225433526011309e-01 3.256018497109826604e-01 2.644905202312138881e-01 -4.715456647398844070e-02 6.597852601156070085e-01 2.047441618497109483e-01 1.641558959537572082e-01 2.596028901734102542e-02 3.601576878612717247e-01 3.969790173410404632e-01 1.344079190751444886e-01 3.226178034682081197e-01 2.017767630057803740e-01 2.012690751445087023e-01 7.922860693641619045e-01 3.571590751445086198e-01 2.493524277456647675e-01 -7.765017341040464371e-02 4.156099421965318008e-01 5.840795375722543925e-01 5.652269942196531671e-01 -2.464376047904191513e-01 7.628172891566264990e-01
5.993149253731343273e-02 3.352179856115108936e-02 3.685628571428570810e-01 6.706737142857142897e-02 -4.592348571428571391e-02 6.385371428571435214e-03 0.000000000000000000e+00 -1.293242937853107503e-02 2.153471751412429080e-01 1.487276836158192284e-01 2.596288135593220400e-02 2.297790960451977227e-02 -4.600451977401129322e-02 8.628497175141243425e-02 5.008903954802260139e-02 2.484923728813558941e-01 4.122910734463275939e-01 2.761864406779667401e-03 2.995661016949152655e-02 1.245329943502824638e-01 2.390655367231638712e-02 -1.414824858757062105e-02 1.455867796610169351e-01 7.284689265536722913e-02 1.451494350282485635e-01 -2.691525423728883420e-04 9.742259887005649821e-02 3.349785310734462729e-02 3.327062146892655059e-02 2.314720338983050907e-01 7.554045197740112683e-02 4.110853107344632218e-02 -7.125192655367232897e-01 1.660631638418078870e-01 1.202786440677966057e-01 8.526220338983050984e-02 1.034140677966101374e-01 2.225840677966101633e-01 1.154084745762711667e-02 3.893587570621469263e-02 1.802457627118643838e-02 6.433197740112994722e-02 1.127523699421965203e-01 1.779337572254335031e-01 1.425983522727272412e-01 4.417607954545452881e-02 5.136647727272727199e-02 2.042468750000000222e-01 1.139762179487179561e-01 1.226560000000000150e-02 5.754422764227642983e-02 7.207926229508196392e-02 7.179519999999998958e-02 2.955512820512822166e-03 -4.423850574712644666e-03 1.185350857142857123e-01 1.021751149425287331e-01 -7.096234285714289602e-02 7.441325714285713933e-02 3.490651428571428516e-02 -1.548754285714284279e-02 3.448291428571426814e-02 -3.964488636363636652e-03 9.857255681818180570e-02 4.906386363636363462e-02 4.384204545454546166e-03 1.622740340909090695e-01 3.211868750000000383e-01 6.127702840909090565e-01 7.520585227272727491e-02 1.077478977272726957e-01 6.781190857142855855e-01 -4.985714285714285161e-04 9.078839999999999133e-02 1.343167428571428457e-01 1.005249142857142924e-01 9.827828571428569304e-02 2.537611428571428518e-01 2.571995999999999727e-01 1.121828571428571709e-02 7.306080000000000907e-02 3.241417142857142691e-02 2.256114285714285600e-02 3.339761714285714445e-01 6.446640000000000703e-02 1.056281142857142807e-01 6.704091428571426481e-02 4.144908571428570360e-02 8.198074285714283815e-02 1.381715428571428372e-01 1.351230857142857178e-01 8.681982857142855892e-02 6.759879999999997280e-02 2.748370857142857226e-01 1.325126857142856773e-01 8.185554285714284617e-02 3.659952571428570223e-01 1.126622857142856871e-01 -2.875622857142856939e-02 1.144677714285714243e-01 -6.442319999999998603e-02 -1.128151428571428500e-01 4.287748571428571381e-02 1.397698857142856965e-01 1.735994082840237526e-02 7.193738095238094710e-02
1.116285820895522446e-01 2.863742446043165413e-01 1.985943999999999765e-01 2.893013142857142617e-01 2.545596571428572208e-01 2.755464571428571929e-01 -1.293242937853107503e-02 0.000000000000000000e+00 2.061781920903954513e-01 1.378712994350282661e-01 1.642068361581920932e-01 2.251807344632768271e-01 2.455749152542372471e-01 -6.578740112994350964e-02 4.209329378531073695e-01 1.817523728813559281e-01 9.137084745762712179e-02 2.540424293785310539e-01 4.653042372881356914e-01 1.341799999999999937e-01 2.987888700564972355e-01 2.762811299435029011e-01 1.586708474576271344e-01 2.042272881355932101e-01 2.754218644067796817e-01 9.956757062146893988e-02 4.180111299435028682e-01 2.560321468926553545e-01 7.425638418079096026e-02 1.612267231638418175e-01 2.160496610169490850e-01 3.383251977401129929e-01 7.370694915254237534e-02 6.355211864406780098e-01 1.747664971751412277e-01 4.332305084745761981e-02 1.520751412429378890e-02 2.244866666666666399e-01 2.461205649717514432e-01 2.672175141242938076e-02 4.063167231638417642e-01 4.403978531073446945e-01 1.597636416184970709e-01 2.676334682080924732e-01 3.620901704545454458e-01 3.030079545454545942e-01 4.820380681818182689e-01 2.206253409090909168e-01 2.993073717948718238e-01 2.668452000000000046e-01 4.802670731707317509e-01 1.311349180327869013e-01 1.917894666666667136e-01 2.926294230769231342e-01 2.037820689655172879e-01 1.886917714285714642e-01 2.893922988505747695e-01 1.525303428571428699e-01 4.847193714285714106e-01 2.455178857142856497e-01 -1.594664571428571487e-01 4.926459999999999728e-01 2.933511363636363556e-01 1.866482954545454487e-01 6.952812499999999618e-02 2.942764772727272660e-01 2.531697727272727572e-01 1.929060795454545507e-01 2.491072159090909344e-01 1.455614204545454260e-01 3.946300000000000363e-01 2.592982285714285906e-01 3.121450285714286177e-01 2.888087999999999211e-01 8.898222857142856768e-02 2.434442857142857242e-01 3.269141714285714317e-01 1.768470857142857011e-01 6.648485714285713721e-02 3.125799428571428562e-01 1.580532571428571453e-01 1.846433714285714289e-01 4.665922285714286244e-01 1.663957142857142857e-01 3.519553142857143047e-01 3.078218857142857035e-01 1.484114285714279195e-03 4.546100571428571269e-01 1.937810285714285929e-01 1.815078857142857216e-01 7.819005714285719166e-02 3.362351999999999563e-01 3.329805714285714591e-01 1.088684571428571585e-01 3.332245142857142572e-01 2.395646857142857133e-01 2.311000000000000276e-01 5.836085142857143637e-01 2.943784571428571528e-01 2.339197142857142864e-01 -5.440588571428571496e-02 4.167638857142856867e-01 4.424138857142858039e-01 4.608498285714286435e-01 -2.061438461538461220e-01 5.510026190476191577e-01
8.831074626865670352e-02 1.781528776978416884e-01 2.614120571428571460e-01 1.610604571428571608e-01 1.725733142857142910e-01 2.248628000000000293e-01 2.153471751412429080e-01 2.061781920903954513e-01 0.000000000000000000e+00 2.767293785310734333e-01 1.743093220338983174e-01 2.144663276836157872e-01 2.268115819209039763e-01 8.004610169491525873e-02 3.017561016949152908e-01 2.424594915254237038e-01 2.535239548022598655e-01 2.355383050847457693e-01 2.801147457627118365e-01 1.644035593220338765e-01 2.224701694915254269e-01 2.099902259887005962e-01 1.622836158192090261e-01 2.282445762711864945e-01 1.880976271186440840e-01 1.679626553672316502e-01 2.958919774011299353e-01 2.007614124293785052e-01 1.064226553672316389e-01 2.637905084745762463e-01 2.419923163841807834e-01 2.471265536723163680e-01 2.194668926553672017e-01 2.750659322033898735e-01 2.046584745762711766e-01 8.436209039548023259e-02 9.957841807909605103e-02 2.650689265536722572e-01 1.984825423728813765e-01 8.329824858757060857e-02 2.964175706214689510e-01 2.889348587570621518e-01 1.892904624277457204e-01 2.873784971098266028e-01 2.153677272727272662e-01 1.814817045454545363e-01 2.831628409090909404e-01 2.566382386363636470e-01 2.041581410256410045e-01 2.186116799999999749e-01 2.950249593495934408e-01 1.436915573770491950e-01 1.496292666666666493e-01 2.151210897435897329e-01 2.055241954022988815e-01 1.540478285714285411e-01 1.954879885057471400e-01 2.522096000000000338e-01 2.743665142857142913e-01 1.632997142857142425e-01 -4.042377142857141170e-02 2.337778857142857047e-01 2.054646022727273091e-01 1.620369318181818230e-01 2.140000568181817941e-01 1.838002272727272401e-01 2.876057386363636836e-01 2.668684090909090867e-01 3.382460227272727216e-01 1.837864204545454905e-01 1.993396590909091159e-01 3.429803428571427948e-01 1.826471999999999818e-01 2.655124571428571500e-01 1.349124571428571284e-01 2.650182857142857618e-01 2.543791428571428592e-01 2.734694857142856983e-01 1.437506857142857308e-01 2.416334857142857229e-01 1.309627428571428220e-01 1.552737714285714055e-01 3.066547428571428369e-01 2.720949142857143621e-01 2.035214857142857436e-01 2.057781142857143253e-01 6.103737142857144221e-02 3.121162285714285667e-01 1.878518857142857379e-01 1.485230857142857130e-01 1.155957142857142878e-01 2.329144000000000214e-01 2.573617714285714175e-01 2.376752571428571159e-01 2.697687999999999198e-01 1.822706857142857018e-01 2.875575999999999688e-01 2.795283428571428974e-01 2.278913142857143248e-01 2.446903428571428618e-01 1.149725714285714830e-02 3.025354857142856790e-01 2.980034857142856985e-01 3.161251428571428268e-01 -4.057402366863904070e-02 2.709609523809523579e-01
2.263631343283581954e-01 2.345156115107913664e-01 4.463883428571428502e-01 1.054252571428571372e-01 1.043898285714285890e-01 2.202328000000000063e-01 1.487276836158192284e-01 1.378712994350282661e-01 2.767293785310734333e-01 0.000000000000000000e+00 1.665752542372881118e-01 1.339451412429378541e-01 1.766352542372881251e-01 3.090728813559321941e-01 1.020318079096045050e-01 2.595638983050846949e-01 3.745640112994350623e-01 1.540079096045197660e-01 1.075146892655367281e-01 2.213038418079096015e-01 1.814827683615819198e-01 1.993457627118644104e-01 2.513236723163841946e-01 1.801769491525423705e-01 1.987506779661017131e-01 3.171110169491525577e-01 1.634249152542373018e-01 1.337393785310734273e-01 2.069795480225988527e-01 3.097100564971750902e-01 1.889044067796609994e-01 1.468566101694915305e-01 3.853420903954802301e-01 1.088200000000000001e-01 2.344420338983050911e-01 2.404142372881356016e-01 2.369531638418079789e-01 2.845599435028248192e-01 1.966706779661016868e-01 2.167390395480226495e-01 7.918519774011299750e-02 1.211372316384180942e-01 2.335155491329479749e-01 2.120733526011561176e-01 1.836231249999999704e-01 1.701425568181818282e-01 1.183418181818181869e-01 2.916318181818181032e-01 1.512239743589743335e-01 1.838695199999999252e-01 1.426930081300812614e-01 2.184895901639344051e-01 1.780760666666666714e-01 1.863905769230769227e-01 2.354582758620689664e-01 2.075408571428571103e-01 1.215265517241379406e-01 4.035299428571428315e-01 1.360907428571428712e-01 2.212644571428571405e-01 2.445910285714286148e-01 5.849005714285714086e-02 1.657818181818181691e-01 1.843134090909090972e-01 2.463751136363636352e-01 1.804507386363636556e-01 2.254390340909090407e-01 3.841149999999999287e-01 5.504053409090908788e-01 1.900927840909090449e-01 1.458761931818181867e-01 5.421886857142858007e-01 1.879611428571428544e-01 1.504571428571428449e-01 2.362245142857142266e-01 2.440941714285713993e-01 1.748214857142857404e-01 3.302847999999999340e-01 3.093308000000000169e-01 1.481717714285714083e-01 1.585318285714285569e-01 1.497620571428571468e-01 9.709628571428570443e-02 3.888083999999999429e-01 1.644149142857142809e-01 1.358786857142857130e-01 2.155490285714285748e-01 7.823417142857141959e-02 1.841714285714285415e-01 2.020517714285714195e-01 2.715385714285714069e-01 1.177294285714285682e-01 1.459736571428571772e-01 3.355754285714285801e-01 2.083250285714285666e-01 1.852597714285714181e-01 3.388218857142857310e-01 2.330422857142855700e-02 1.800443428571428528e-01 1.501505142857142705e-01 1.709408000000000039e-01 6.553668571428571121e-02 1.003169714285714331e-01 1.602526285714285237e-01 2.457307692307692804e-01 4.922410714285713196e-02
4.708402985074627151e-02 1.363139568345323738e-01 1.886776000000000009e-01 1.776200000000000001e-01 1.082686285714285629e-01 2.023461714285714474e-01 2.596288135593220400e-02 1.642068361581920932e-01 1.743093220338983174e-01 1.665752542372881118e-01 0.000000000000000000e+00 1.878719774011299026e-01 1.936987570621468979e-01 8.180288135593220822e-02 2.319862146892655297e-01 1.555459322033898306e-01 1.492770056497174924e-01 2.266288700564971781e-01 2.218970621468926430e-01 9.753485875706215114e-02 2.114625423728813680e-01 2.150244067796610037e-01 9.051367231638418609e-02 1.447390960451977182e-01 1.963568926553672656e-01 7.856096045197739908e-02 2.277606214689265607e-01 1.394979661016949035e-01 4.169536723163842773e-02 1.959552542372881567e-01 1.563831073446327602e-01 2.197096610169491648e-01 4.042881355932203408e-02 2.458238983050847482e-01 1.813797175141242946e-01 3.544790960451977418e-02 4.845717514124293218e-02 2.294451977401130160e-01 1.877876271186440793e-01 3.551610169491525165e-02 2.233433333333333382e-01 2.039051412429378207e-01 1.650425433526011842e-01 1.944428323699421979e-01 2.851177840909090988e-01 2.360177272727272957e-01 2.231409659090909103e-01 1.766828409090908936e-01 1.938290384615384832e-01 1.443772799999999967e-01 2.244247967479675032e-01 1.301342622950819594e-01 1.441557333333333135e-01 2.167353846153846353e-01 1.936415517241379114e-01 1.602569142857142581e-01 1.950167816091953887e-01 9.403839999999998034e-02 2.287788000000000044e-01 1.296683428571428209e-01 -6.395485714285714662e-02 2.176079428571428553e-01 7.825363636363635855e-02 9.681482954545454767e-02 1.683574999999999655e-01 1.802786363636363909e-01 2.212863636363636144e-01 1.932150568181818240e-01 1.931696022727272810e-01 1.303426704545454506e-01 1.201159090909090926e-01 1.893623999999999863e-01 1.856408571428571352e-01 1.664344571428571506e-01 6.203565714285714378e-02 2.208845714285714024e-01 2.011821142857143363e-01 2.179762857142857335e-01 9.097422857142856145e-02 2.046024571428571581e-01 7.502725714285714276e-02 7.499028571428573153e-02 2.521053142857143659e-01 1.805068000000000228e-01 2.024638285714285835e-01 1.562919999999999865e-01 1.584097142857142718e-02 2.504736571428571867e-01 1.342345714285714253e-01 1.531035999999999786e-01 4.723411428571427928e-02 1.820241142857143279e-01 1.926313714285713963e-01 1.799181714285713884e-01 2.125123428571427942e-01 1.771815428571428819e-01 1.827957714285714519e-01 2.758530285714285712e-01 2.361109714285714312e-01 1.731593714285714625e-01 -2.698240000000001054e-02 1.375984000000000373e-01 2.362397142857143029e-01 2.723956571428571283e-01 -1.646479289940828289e-02 2.601124999999999687e-01
1.016977611940298315e-01 2.873074100719424373e-01 1.683155428571428414e-01 3.286346857142856681e-01 2.805362285714286252e-01 3.677369142857143114e-01 2.297790960451977227e-02 2.251807344632768271e-01 2.144663276836157872e-01 1.339451412429378541e-01 1.878719774011299026e-01 0.000000000000000000e+00 2.836732768361582280e-01 -1.031550282485875492e-01 3.843593785310734368e-01 1.927837288135593186e-01 4.563932203389831771e-02 2.775695480225989220e-01 4.666720338983051386e-01 1.332649717514124144e-01 3.403050282485876044e-01 3.223735593220338758e-01 1.610736723163841699e-01 2.834196610169491537e-01 3.485460451977401286e-01 8.336870056497175385e-02 3.917735028248587326e-01 2.632975141242938077e-01 1.227213559322033881e-01 1.444332203389830649e-01 2.981632203389830704e-01 3.641028813559322730e-01 3.659570621468926505e-02 4.732449717514123910e-01 2.289385310734463330e-01 5.582141242937853354e-02 4.020661016949152178e-02 2.659922598870056443e-01 3.483605649717514408e-01 4.579022598870055583e-02 3.979103389830507820e-01 4.193332203389830704e-01 1.664664161849711277e-01 2.302086705202311956e-01 3.575417045454545306e-01 3.136544318181818114e-01 4.472084659090909131e-01 1.967248863636363865e-01 3.424493589743589639e-01 1.930069600000000329e-01 4.452708943089431215e-01 1.179624590163934478e-01 2.357868000000000186e-01 3.349403846153845565e-01 2.786285057471264426e-01 2.362790857142857415e-01 3.073854022988505852e-01 1.102506857142857011e-01 4.501345142857142712e-01 2.199568571428571762e-01 -1.738485142857142951e-01 4.765862857142857401e-01 2.964996590909090846e-01 1.477678977272726957e-01 4.791340909090910372e-02 3.778217045454546064e-01 3.116848863636363376e-01 1.542046022727272814e-01 2.034731249999999492e-01 1.828214772727272674e-01 3.990280681818182407e-01 2.199007428571428668e-01 3.716501714285714297e-01 3.000797142857142275e-01 9.640920000000000045e-02 2.653553142857142944e-01 3.201248571428571554e-01 1.504256000000000204e-01 2.830668571428571201e-02 3.372718857142857352e-01 2.107816571428571817e-01 1.855315428571428782e-01 4.688245714285713683e-01 1.200229714285714067e-01 4.542857714285714610e-01 3.986170857142856683e-01 5.546285714285735568e-04 4.396565142857142283e-01 1.740799428571428442e-01 2.186751428571429012e-01 7.889919999999998879e-02 3.342994857142856935e-01 3.357514285714285895e-01 1.247451428571428461e-01 3.609946857142857235e-01 2.663190857142856971e-01 1.902026857142857241e-01 5.087724000000000135e-01 3.598662285714285258e-01 3.103291999999999162e-01 -8.069777142857142982e-02 4.199398857142856989e-01 4.414054857142856725e-01 4.429681142857142540e-01 -2.467736686390532286e-01 4.969633928571428605e-01
8.086440298507463487e-02 2.521392086330934701e-01 1.570595428571428531e-01 2.258863999999999872e-01 2.385669714285713894e-01 3.417714285714285039e-01 -4.600451977401129322e-02 2.455749152542372471e-01 2.268115819209039763e-01 1.766352542372881251e-01 1.936987570621468979e-01 2.836732768361582280e-01 0.000000000000000000e+00 -6.214248587570619931e-02 3.478989265536723274e-01 1.431532768361582220e-01 7.132096045197738876e-02 3.008629378531073040e-01 3.571355367231638933e-01 1.431492090395480310e-01 3.004846892655367308e-01 3.394020338983050888e-01 1.661967231638417919e-01 2.550340112994350372e-01 2.405640677966101593e-01 6.188988700564971440e-02 3.363693785310734596e-01 2.725762711864406773e-01 1.005259887005649638e-01 1.737222033898304929e-01 2.648712429378531352e-01 3.379179661016949443e-01 -3.527101694915254354e-02 4.090144632768361599e-01 1.997833333333333128e-01 1.844389830508474590e-02 3.136457627118643954e-02 2.444625988700565022e-01 2.751176836158191752e-01 3.344265536723162874e-02 3.777428248587570425e-01 3.200208474576271001e-01 1.540399421965317761e-01 2.418641618497109902e-01 4.449404545454545556e-01 3.147609090909090912e-01 3.416933522727272909e-01 2.030328409090908781e-01 2.714262820512820529e-01 2.082632800000000506e-01 3.167912195121951879e-01 1.431257377049180712e-01 2.392873999999999557e-01 2.899414743589743826e-01 2.770659770114942688e-01 2.415733142857142968e-01 2.850239655172414066e-01 4.648325714285713589e-02 3.683109142857142748e-01 2.191947999999999674e-01 -1.349032571428571414e-01 3.890266857142856693e-01 1.572498295454545503e-01 1.128848863636363470e-01 9.953409090909089152e-02 2.683932386363636069e-01 2.909385227272727192e-01 1.771068749999999692e-01 1.784484090909090881e-01 1.547432954545454598e-01 2.698999431818182027e-01 2.231498285714285656e-01 2.530769142857142717e-01 2.836136571428571340e-01 8.185662857142857185e-02 2.597160000000000579e-01 2.463207428571428936e-01 1.928856571428571864e-01 1.564988571428571618e-02 3.467166857142857106e-01 1.713207999999999676e-01 1.396103428571428551e-01 3.822305142857143623e-01 1.393813142857142640e-01 2.759307999999999761e-01 2.981637142857143097e-01 -7.191085714285715483e-03 4.073899428571428616e-01 1.992320571428572162e-01 1.339862285714285561e-01 5.045811428571427698e-02 2.869103428571428416e-01 3.258215999999998780e-01 1.547512571428571182e-01 2.570103428571428594e-01 2.522913142857143298e-01 2.170101714285714578e-01 4.927585714285713236e-01 3.487513714285714328e-01 2.525425714285714496e-01 -6.126131428571429671e-02 1.962325142857142546e-01 3.556712571428571890e-01 3.277935428571429055e-01 -1.821107100591715933e-01 4.630040476190475651e-01
1.038505970149253832e-01 -5.947841726618705027e-02 3.475131428571429093e-01 -5.846920000000001283e-02 -7.452268571428571908e-02 -9.046142857142856764e-02 8.628497175141243425e-02 -6.578740112994350964e-02 8.004610169491525873e-02 3.090728813559321941e-01 8.180288135593220822e-02 -1.031550282485875492e-01 -6.214248587570619931e-02 0.000000000000000000e+00 -1.220796610169491564e-01 9.947192090395480524e-02 2.859667231638417517e-01 4.389412429378530822e-02 -1.762996610169491329e-01 8.620163841807908234e-02 -8.856129943502824564e-02 -2.911033898305084508e-02 1.044894350282485895e-01 -5.004084745762711617e-02 -5.248570621468926639e-02 2.166251977401129625e-01 -1.009113559322034059e-01 -1.116179661016949015e-01 1.391186440677966152e-01 3.109770056497175306e-01 -3.428988700564971487e-02 -9.102508474576272157e-02 1.010274576271186359e-01 -1.748997175141242810e-01 7.308977401129942986e-02 1.761245762711864393e-01 2.042554802259887170e-01 9.565141242937855171e-02 -6.703112994350282627e-02 1.873264406779660829e-01 -2.388283050847457567e-01 -1.619088700564971506e-01 4.354583815028902072e-02 2.717421965317919422e-02 -3.364789772727272421e-02 -6.453727272727273478e-02 -1.218011931818181875e-01 2.526598295454545728e-01 -9.958416666666666806e-02 -3.068224000000000298e-02 -1.717480487804877998e-01 8.133721311475411442e-02 -6.919866666666667394e-03 -8.400121794871794056e-02 3.742804597701149955e-02 4.885588571428571558e-02 -1.668278160919539899e-01 1.945739428571428287e-01 -1.261222857142857146e-01 1.433062857142857610e-02 8.321085714285724952e-03 -1.785010857142856899e-01 -4.437818181818180968e-02 9.924954545454545141e-02 2.305960795454545798e-01 -1.069695454545454560e-01 -3.539670454545452288e-02 3.450884659090909801e-01 3.582525568181817999e-01 9.821369318181817631e-02 -1.734479545454545579e-01 3.797613714285714703e-01 -1.024614857142857050e-01 -1.071251428571428355e-01 1.465933714285714007e-01 5.578120000000000300e-02 1.969662857142856494e-02 2.995942285714285891e-01 2.351797714285714103e-01 -1.414993714285714410e-01 2.192800000000000304e-02 8.807331428571428533e-02 -2.197306285714284990e-01 3.224471999999999894e-01 -7.403445714285714074e-02 -1.631234285714285304e-01 1.972291428571428251e-01 -2.331817714285713827e-01 -7.262799999999995475e-03 5.074285714285714510e-02 1.933447428571428151e-01 -1.648479428571428262e-01 -1.454119999999999857e-01 2.219424571428572079e-01 -2.258457142857151628e-03 -4.169468571428571607e-02 1.650475999999999888e-01 -2.176810285714285420e-01 -1.030357142857142860e-01 -8.032857142857141586e-02 1.579725714285715524e-02 -1.233516571428571462e-01 -1.665257142857142769e-01 -9.698897142857142162e-02 2.436704142011834884e-02 -1.831295238095237976e-01
1.509538059701492352e-01 4.975279136690648474e-01 1.129559428571428464e-01 5.014677142857142389e-01 4.686467428571428617e-01 4.677405714285714500e-01 5.008903954802260139e-02 4.209329378531073695e-01 3.017561016949152908e-01 1.020318079096045050e-01 2.319862146892655297e-01 3.843593785310734368e-01 3.478989265536723274e-01 -1.220796610169491564e-01 0.000000000000000000e+00 1.833491525423728563e-01 2.250299435028248890e-02 3.218593220338982763e-01 3.863788700564971812e-01 2.187950847457627024e-01 4.973712994350282801e-01 4.196414124293785797e-01 1.847896045197739701e-01 3.012412994350282536e-01 5.071812994350282100e-01 6.484819209039548171e-02 3.121505649717514208e-01 3.372519774011299432e-01 1.382996610169491269e-01 1.003012429378530995e-01 3.560756497175140978e-01 3.679557062146892044e-01 7.164802259887005642e-02 3.889027683615819408e-01 2.461989830508474475e-01 7.551649717514123672e-02 6.896887005649716962e-02 2.440670621468926382e-01 5.145900000000001029e-01 7.148824858757062140e-02 3.829833898305085027e-01 3.393998870056497141e-01 2.284845086705202533e-01 3.013592485549132505e-01 4.172484659090909265e-01 4.107532386363637045e-01 3.624561931818182092e-01 1.606085795454545440e-01 4.758474999999999788e-01 3.089407200000000020e-01 3.554656097560975891e-01 1.822330327868852407e-01 2.541783333333333394e-01 5.032720512820512138e-01 3.516555172413792785e-01 2.445961714285714017e-01 5.154156896551722600e-01 1.245656571428571252e-01 3.605857714285714555e-01 4.136259428571428809e-01 -2.105710857142857328e-01 4.069735999999998799e-01 3.102198863636363435e-01 1.676421022727272447e-01 2.571022727272690377e-04 5.433618749999999942e-01 3.321122159090909576e-01 1.206703977272727268e-01 1.691547727272727231e-01 1.865830681818181347e-01 4.395898295454545024e-01 1.782870857142856702e-01 5.524562857142856220e-01 3.170962285714285511e-01 1.294106857142856837e-01 2.711149714285714385e-01 2.689880571428571732e-01 1.275930857142857366e-01 5.163731428571428222e-02 4.277884571428571814e-01 3.179357714285714342e-01 2.290696571428571804e-01 3.983005142857142244e-01 1.043355428571428600e-01 4.274131428571428803e-01 5.141559999999999464e-01 3.838680000000001952e-02 3.942444571428570521e-01 2.256923428571428747e-01 2.852377714285714849e-01 1.125542285714285912e-01 4.276819428571428938e-01 4.082920571428571566e-01 7.716862857142854637e-02 3.047960571428571241e-01 3.176238857142857364e-01 2.654825714285714566e-01 4.246942285714286336e-01 4.754518285714285919e-01 3.721412571428570626e-01 -2.256817142857144021e-02 4.172695999999999628e-01 3.599007428571428524e-01 3.292254285714286133e-01 -2.716462721893491139e-01 4.118489285714285186e-01
