0.000000000000000000e+00 -2.587337837837836926e-02 -7.158986111111111106e-02 -9.993430555555554706e-02 -7.246986486486486911e-02 -9.856364864864863851e-02 -6.867608108108105847e-02 -1.721065217391304358e-01 -7.001550724637681244e-02 -1.865221621621621917e-01 -1.029140000000000055e-01 -1.296845333333333239e-01 -2.366947222222222369e-01 -1.458138888888888818e-01 -3.083225333333333151e-01 -1.493833783783783953e-01 2.140352054794520398e-01 1.326345070422535743e-01 -2.037361111111111178e-01 -1.464078082191780650e-01 -9.639480000000001658e-02 3.174750666666666943e-01 8.060613333333335739e-02 -2.271599999999996018e-03 3.174750666666666943e-01 -1.722657333333333096e-01 -4.111733333333332518e-02 1.275608000000000020e-01 -2.067826388888888700e-01 -2.421301470588235194e-01 -1.543739062499999981e-01 -1.167294545454545113e-01 -2.219017647058823539e-01 -1.424711475409836114e-01 -1.109315277777777747e-01 7.810686567164178140e-02 -8.702833333333331867e-02 -5.439001515151514754e-01 -1.900706060606060788e-01 2.342465151515151500e-01 -9.044746268656717048e-02 -2.253522388059700787e-01 1.670352380952380700e-01 -2.684619047619046101e-02 -1.993675409836065393e-01 -1.986836065573770183e-01 -1.415322222222222259e-01 -5.440681818181818119e-02 2.888709090909090740e-02 -9.482679245283016922e-02 6.425811320754717948e-02 -2.930019148936169882e-01 -8.002599999999997216e-02 6.721534883720930997e-02 -2.656102325581395363e-01 -9.821767441860461412e-02 -3.791906976744186669e-02 2.707147368421052858e-01 7.232578947368423217e-02 -2.127670000000000117e-01 -2.633331818181817718e-01 -5.359954545454545527e-02 -6.215692307692306795e-02 -1.520031249999999889e-01 -6.154941176470588721e-02 -4.122599999999999876e-02 9.732482758620691898e-02 -1.398170588235293499e-01 -2.168889999999999707e-01 -2.266267142857143202e-01 -5.864571428571428713e-02 2.749986956521739412e-01 4.983942028985507283e-02 -1.683381159420289652e-01 -4.079352941176469377e-02 2.582410294117647442e-01 -3.801764705882344341e-03 -2.872858823529411132e-01 -4.811866176470588896e-01 -2.453044776119403247e-01 -7.131492537313420879e-03 3.289089552238805975e-02 6.543588235294117705e-02 -3.503848214285714135e-01 -2.927622807017544182e-01 -3.369345454545454033e-02 -1.033429090909090964e-01 -3.625192307692307048e-02 -2.746417777777778180e-01 -4.536404255319148593e-02 -1.133111363636363639e-01 -2.713447727272727539e-01 1.503232558139535047e-01 -3.298631578947366916e-02 -1.866933333333333500e-01 -2.095837499999999853e-01 -2.205511864406779210e-01 -3.893327118644067664e-01 2.049200000000000188e-01 -2.685179661016948716e-01 -8.630576271186438109e-02 2.511279661016949105e-01 2.356699999999999906e-01 3.530677966101713680e-03 -4.311864406779626689e-04 2.805483050847458193e-01 7.157827586206896853e-02 -2.476105882352940823e-01 3.286340000000000372e-01 -2.300880000000000147e-01 -2.553099999999999814e-01
-2.587337837837836926e-02 0.000000000000000000e+00 -1.156048453608247706e-01 -5.715231578947366914e-02 -5.221845360824742266e-02 -9.927577319587628513e-02 -3.632123711340205785e-02 -6.928021739130434120e-02 -1.159505434782608785e-01 -2.642713265306122494e-01 -6.176404040404041146e-02 -1.242775757575757672e-01 -1.850793750000000182e-01 -1.296784374999999934e-01 -3.278663636363636225e-01 -8.834999999999998410e-02 1.607589690721649422e-01 1.384260638297872270e-01 -1.974950526315789878e-01 -1.815376041666666718e-01 -1.465192929292929158e-01 3.040594949494949684e-01 6.104030303030302806e-02 -1.809828282828282106e-02 3.040594949494949684e-01 -1.654821212121211915e-01 -8.952232323232321709e-02 9.882878787878789095e-02 -1.526255789473684177e-01 -2.109094505494505389e-01 -1.070778651685393296e-01 -1.725181818181818205e-01 -1.492519736842105316e-01 -1.844177142857142959e-01 -1.821292592592592408e-01 -1.191862499999998826e-02 -7.017382716049380686e-02 -5.710761250000000455e-01 -1.176858750000000092e-01 9.009187500000000182e-02 -1.646501234567901151e-01 -1.771886419753086472e-01 1.069803896103896229e-01 -3.997423076923074109e-02 -1.842653333333333365e-01 -2.822633333333333661e-01 -2.067667088607594850e-01 -1.365136363636363648e-01 -6.513909090909089650e-02 -8.028813333333331692e-02 -5.692666666666666708e-02 -2.011945714285714448e-01 -4.486666666666659642e-03 -4.035015151515151943e-02 -2.589971212121211508e-01 -7.543965517241378593e-02 -7.130237288135592155e-02 -1.207583333333333286e-01 8.567055555555554147e-02 -7.948135135135134255e-02 -3.258751282051282061e-01 -7.898710526315790015e-02 -2.521782758620689235e-01 -2.878903124999999674e-01 -4.623749999999988980e-03 -1.572388235294117365e-01 8.401942307692308876e-02 -1.642947368421052712e-01 -2.039568085106383266e-01 -1.315302127659574716e-01 -7.652053191489360806e-02 2.115936666666667076e-01 -1.287551111111110980e-01 -8.469288888888887312e-02 7.938426966292140216e-03 2.461704494382022379e-01 -4.011617977528088991e-02 -2.220782022471909922e-01 -4.641825842696629123e-01 -2.542485227272726633e-01 -2.045281818181818312e-01 -5.518988636363637151e-02 -3.656146067415731032e-02 -3.752449999999999952e-01 -2.424325925925926162e-01 -2.230481012658226680e-02 -1.425736708860759760e-01 1.440701298701299593e-02 -2.645671666666666866e-01 -9.270338709677414246e-02 -1.703008474576271358e-01 -3.074710169491525757e-01 2.035293103448277199e-02 -1.926352941176470157e-01 -2.003859210526315882e-01 -1.692774074074074320e-01 -2.011040476190476267e-01 -2.919441666666666713e-01 1.529170238095238499e-01 -1.953132142857142983e-01 -1.195212048192771243e-01 2.070076190476190237e-01 1.396286904761904757e-01 -4.669976190476189670e-02 4.755404761904762773e-02 2.115079761904761768e-01 -6.967703703703700957e-02 -1.902823684210526722e-01 5.532062500000000521e-02 -2.015037499999999815e-01 -3.274374999999999925e-01
-7.158986111111111106e-02 -1.156048453608247706e-01 0.000000000000000000e+00 -4.537339130434781681e-02 -1.250268103448275714e-01 -1.295706896551724330e-01 -8.944215517241378699e-02 -1.897214414414414574e-01 -1.079178378378378433e-01 -3.073324786324787006e-01 -4.642888888888886678e-02 -1.029242735042734946e-01 -1.741164601769911446e-01 -1.764907964601769852e-01 -3.292179487179487385e-01 -1.221535344827586189e-01 2.065785087719298474e-01 1.899841964285714224e-01 -2.132530000000000536e-01 -1.772747272727272505e-01 -1.631909401709401575e-01 3.021505982905983156e-01 4.386982905982907133e-02 -5.895726495726496402e-02 3.021505982905983156e-01 -2.070628205128204891e-01 -6.533683760683760278e-02 1.534619658119658614e-01 -1.327205405405405547e-01 -2.802304716981132149e-01 -2.233672115384615353e-01 -1.473361956521739013e-01 -1.899679120879120831e-01 -1.866864444444444049e-01 -1.790321212121212535e-01 8.167642857142858037e-02 -1.408775757575757293e-01 -4.989023469387755538e-01 -2.905739795918367285e-01 2.542498979591836794e-01 -1.503463636363636391e-01 -2.513119191919191975e-01 2.376791578947367867e-01 4.635604166666667386e-02 -1.919624444444444078e-01 -2.179684444444444369e-01 -2.700568041237113026e-01 -8.298278846153846200e-02 -9.979010752688172170e-02 -7.837772727272727946e-02 3.356579545454546620e-02 -3.578134523809523571e-01 -8.833499999999998298e-02 -1.283320987654320774e-02 -2.508632098765432028e-01 2.597890410958904675e-02 -9.380499999999998562e-02 -1.001266666666666555e-01 1.478849019607843263e-01 6.929959183673471690e-02 -1.211647058823529244e-01 -3.026659999999998379e-02 -6.020487804878048299e-02 -2.170320454545454913e-01 1.693636363636363551e-01 2.904978260869566301e-02 2.180165079365079528e-01 -2.757267647058823656e-01 -2.755832407407407536e-01 -2.435119642857142552e-01 -9.936508928571428922e-02 2.758189719626167880e-01 2.643177570093463349e-03 -1.558179439252336262e-01 2.057075471698112737e-02 2.878942452830188792e-01 -2.653292452830187387e-02 -3.137115094339621990e-01 -4.410208490566037698e-01 -2.239005714285714210e-01 -1.950155238095238053e-01 1.994009523809523593e-02 1.244641509433962179e-01 -3.309508421052632099e-01 -2.780773737373737342e-01 -1.587329896907215682e-02 -1.845668041237112922e-01 6.521244680851064068e-02 -1.173648051948052023e-01 4.469912500000001315e-02 -1.229101408450704036e-01 -2.834316883116882457e-01 1.963738157894736325e-01 -7.332235294117647739e-02 -2.434453191489361901e-01 -2.004098989898990268e-01 -2.436345098039215673e-01 -4.220642999999998923e-01 2.022377000000000202e-01 -1.266855882352941054e-01 -2.505927722772277044e-01 3.229543137254901608e-01 3.228726470588235142e-01 -4.113333333333329088e-03 1.813918627450980814e-01 3.581486274509804724e-01 -1.127237500000000114e-01 -2.167852830188679025e-01 1.734459090909091783e-01 -1.788145000000000151e-01 -3.452966666666666407e-01
-9.993430555555554706e-02 -5.715231578947366914e-02 -4.537339130434781681e-02 0.000000000000000000e+00 -1.251841798941798756e-01 -1.567514583333333156e-01 -1.265155497382198790e-01 -1.640194054054054107e-01 -1.314549999999999885e-01 -2.839154166666666979e-01 -1.119546354166666702e-01 -1.629358549222797992e-01 -1.553642328042327825e-01 -1.381923809523809277e-01 -3.150130051813471721e-01 -1.960840314136125528e-01 4.655652631578947875e-02 8.670265957446817925e-03 -2.324141954022987955e-01 -2.026722346368714789e-01 -2.522129687499999329e-01 2.537474611398963797e-01 -2.137803108808289734e-02 -8.235098445595855077e-02 2.537474611398963797e-01 -2.331924870466321464e-01 -1.033433160621761576e-01 1.777523316062177422e-02 -2.549038764044943561e-01 -2.612057471264367381e-01 -1.736791860465116133e-01 -2.118637267080745734e-01 -1.838954966887417219e-01 -2.003223717948717786e-01 -2.417835185185185365e-01 2.038403508771930231e-02 -1.225108187134502924e-01 -5.659759411764706538e-01 -2.104599411764705996e-01 8.791082352941177736e-02 -1.561059999999999670e-01 -1.965934117647058499e-01 9.369753012048194496e-02 -2.646221556886226359e-02 -1.649850931677018517e-01 -3.025754320987654178e-01 -2.359772189349112481e-01 -1.028489385474860435e-01 -1.217859638554216889e-01 -1.152152499999999913e-01 -9.424189873417719576e-02 -2.759024840764331410e-01 -1.629715584415584451e-01 -8.205692810457516917e-02 -2.650202040816326821e-01 -1.222809629629629524e-01 -1.809537692307692514e-01 -2.836173148148147805e-01 -3.194027777777776883e-02 -1.618641509433962206e-02 -2.290893203883495044e-01 -1.573850000000000526e-01 -5.736873684210526403e-02 -1.464422115384615419e-01 7.258219999999999950e-02 -4.203970873786406354e-02 5.966129032258066581e-03 -2.488444615384615144e-01 -2.303435359116021708e-01 -2.419703243243243318e-01 -1.342032967032966984e-01 1.103300000000000114e-01 -1.782545810055865820e-01 -1.720977094972067079e-01 -3.421101123595505361e-02 9.006649717514124409e-02 -1.210722471910112424e-01 -2.726927528089887476e-01 -4.991109638554216410e-01 -2.472198787878787940e-01 -2.127788700564971491e-01 -4.394431818181805151e-03 -4.640943820224718158e-02 -3.838602439024390023e-01 -2.348243195266272176e-01 -9.793815476190474711e-02 -2.326304761904761653e-01 -9.237140243902439152e-02 -1.614847183098591377e-01 -5.339222222222220898e-02 -1.719798550724637443e-01 -2.613073049645390222e-01 1.224622377622377849e-02 -2.860005084745762538e-01 -2.429699393939394048e-01 -2.378914012738853612e-01 -2.367591907514450811e-01 -3.477850588235294471e-01 -5.259588235294116593e-02 -1.907716184971098572e-01 -1.651902906976744356e-01 9.821491329479771493e-02 5.687005780346821027e-02 -4.736306358381500020e-02 -2.076115606936415961e-02 8.809739884393064102e-02 -2.298800746268656880e-01 -1.870590654205607772e-01 8.457788461538462421e-02 -6.568425531914891258e-02 -3.042415384615384522e-01
-7.246986486486486911e-02 -5.221845360824742266e-02 -1.250268103448275714e-01 -1.251841798941798756e-01 0.000000000000000000e+00 -1.573996042216359026e-01 -1.547230606860158231e-01 -1.857690374331550931e-01 -1.651661333333333259e-01 -3.248845789473683854e-01 -4.003594736842105289e-02 -1.557685826771653681e-01 -2.061948806366047660e-01 -1.657725661375661075e-01 -3.347408115183246324e-01 -2.638725329815303500e-01 1.243895238095238248e-01 1.218863466666666728e-01 -2.141471022727272910e-01 -2.503177177177177137e-01 -2.321422047244094400e-01 3.093923821989529310e-01 -3.504531413612564650e-02 -1.099691099476439865e-01 3.093923821989529310e-01 -2.066286649214659765e-01 -1.164413874345549688e-01 8.602494736842106193e-02 -3.071968319559228444e-01 -2.603282934131736504e-01 -2.130851083591331352e-01 -1.890010197368421074e-01 -2.344616000000000200e-01 -2.738058675078864357e-01 -1.855170716510903539e-01 1.676756097560976738e-02 -1.210396317280452855e-01 -4.888341359773371031e-01 -2.855073087818696398e-01 1.740103921568627587e-01 -1.408212499999999812e-01 -2.065588414634146330e-01 1.723658823529412021e-01 1.163645061728395269e-02 -2.501745741324920558e-01 -2.513789622641509625e-01 -2.377337920489296652e-01 -8.508462462462462739e-02 -1.268151250000000008e-01 -1.000143154761904823e-01 -6.524978658536585707e-02 -2.671658108108108665e-01 -1.918058163265305982e-01 -1.543799319727891077e-02 -2.805914084507042383e-01 5.481277227722772261e-02 -2.153925650557620974e-01 -3.009894936708860658e-01 -6.869231404958676956e-02 -3.296632231404958424e-02 -2.962540254237288062e-01 -2.239584453781512663e-01 -3.019214574898784753e-02 -1.779511372549019421e-01 -1.300641732283464545e-02 -3.140077821011667738e-03 6.262771126760563467e-02 -2.899593290734824302e-01 -2.375082833787465764e-01 -2.528370080862533675e-01 -1.609367741935484042e-01 7.178275659824047417e-02 -1.557604956268221486e-01 -1.884837026239067348e-01 3.830016077170417949e-02 1.329918387096774290e-01 -1.830294533762057696e-01 -2.870227009646302285e-01 -4.260938283828383244e-01 -2.652168333333333461e-01 -2.644301479289940526e-01 5.400973451327437114e-03 7.696065753424656541e-02 -4.039125501432664356e-01 -2.777113753581661459e-01 -1.344691117478509779e-01 -2.281623850574712453e-01 -7.760780346820810027e-03 -2.222990282131662165e-01 -1.220785714285714356e-02 -1.774678730158730233e-01 -2.192499671052631494e-01 9.645977491961413297e-02 -2.493067229729729883e-01 -3.281403790087463745e-01 -2.985089556962025603e-01 -2.860375630252100509e-01 -4.132881741573033452e-01 -3.338258426966284140e-03 -1.455301955307262418e-01 -2.664568994413407665e-01 1.761399442896936229e-01 1.758619498607242593e-01 -4.785473537604456595e-02 9.915284507042256001e-02 1.846722033898305360e-01 -2.804312987012986813e-01 -2.130137179487179289e-01 1.669886227544910631e-02 -2.360532075471697966e-01 -3.790955555555555745e-01
-9.856364864864863851e-02 -9.927577319587628513e-02 -1.295706896551724330e-01 -1.567514583333333156e-01 -1.573996042216359026e-01 0.000000000000000000e+00 -1.247773991935483828e-01 -1.562771894093686054e-01 -1.560509164969450246e-01 -3.091917907444667879e-01 -1.627289738430582819e-02 -1.574795791583166460e-01 -1.946201616161616077e-01 -1.409267272727272313e-01 -2.833533601609657948e-01 -1.952862298387096629e-01 1.812962626262626387e-01 1.591406504065040750e-01 -1.810111453744493171e-01 -2.221864155251141171e-01 -2.243631927710843244e-01 3.215097795591182472e-01 -8.981663326653302470e-03 -5.379436873747495129e-02 3.215097795591182472e-01 -1.881073146292585319e-01 -1.054245090180360722e-01 1.500595372233400338e-01 -2.206503813559322347e-01 -2.472035440180586630e-01 -2.086664339152119463e-01 -1.808852195121951056e-01 -1.937852605459057242e-01 -2.110805797101449333e-01 -2.100451886792452649e-01 4.591153846153845502e-02 -1.202839828693790108e-01 -4.822885438972162597e-01 -2.698091648822269484e-01 2.171247357293868974e-01 -1.139391704035874336e-01 -2.379596629213483472e-01 2.077896766743649037e-01 1.285524285714285675e-01 -2.063082938388625387e-01 -2.736625348837209426e-01 -2.488971004566210010e-01 1.740926365795726974e-02 -1.028112655086848293e-01 -1.068081384248209947e-01 2.193041871921184646e-02 -2.604107219251337035e-01 -2.114401876675603142e-01 7.357978494623655663e-02 -2.117809375000000160e-01 -3.044491315136457158e-03 -1.923404359673024644e-01 -2.258256676557863496e-01 8.462786549707602968e-02 9.451950292397659492e-02 -2.535859821428571581e-01 -1.365443786982248608e-01 -1.142560344827585686e-02 -1.362625210084033589e-01 9.626938202247191378e-02 5.307466666666665889e-02 8.595451030927832303e-02 -2.634397862232779053e-01 -2.312654149377593449e-01 -2.013632443531827576e-01 -1.631912445414847312e-01 1.859961437908496384e-01 -1.516471494252873420e-01 -1.822338160919540206e-01 9.640675233644860342e-02 2.699746517412935365e-01 -1.210482133995036957e-01 -2.777430521091811544e-01 -3.949976785714285898e-01 -2.281546731234866676e-01 -1.598869603524228911e-01 6.090642384105961205e-02 1.304745378151260515e-01 -3.739459777777777716e-01 -2.377323830734966448e-01 -8.772897321428570205e-02 -2.117494419642857451e-01 5.156680803571427052e-02 -1.200423373493975654e-01 4.597553990610330626e-02 -1.594580048076922885e-01 -2.007731941031941081e-01 1.352898786407767118e-01 -1.979136193029490676e-01 -3.015645617977527615e-01 -2.473367780429594209e-01 -2.781247619047619302e-01 -3.641606911447084483e-01 4.186501079913610042e-03 -7.377819956616052388e-02 -2.596493749999999601e-01 2.607952145922746712e-01 2.423285622317596644e-01 2.135137339055794350e-02 9.958525974025975169e-02 2.549774186550975985e-01 -1.813321739130434873e-01 -1.571078135048231406e-01 1.071953953488372219e-01 -2.238866666666666505e-01 -2.865577419354838895e-01
-6.867608108108105847e-02 -3.632123711340205785e-02 -8.944215517241378699e-02 -1.265155497382198790e-01 -1.547230606860158231e-01 -1.247773991935483828e-01 0.000000000000000000e+00 -2.056719230769230855e-01 -1.663458360128617364e-01 -3.201945859872611377e-01 -9.613309409888358414e-02 -1.255483809523809391e-01 -2.447326357827475929e-01 -1.844860509554140104e-01 -2.945098253968253532e-01 -2.185456369426751477e-01 9.652772292993631875e-02 8.541437299035369024e-02 -2.115775555555555187e-01 -2.599258812949640229e-01 -2.866654358161648264e-01 2.741822151898734572e-01 -4.308931962025315532e-02 -1.134085284810126548e-01 2.735799208860759668e-01 -2.315006329113923622e-01 -1.263916323296354893e-01 8.363352941176471766e-02 -2.791961631944444022e-01 -2.653145985401459961e-01 -2.398313195876288773e-01 -1.990302352941176744e-01 -2.587791886792452645e-01 -2.530832222222222372e-01 -2.692355595667870194e-01 4.931273204903678653e-02 -1.588622222222222102e-01 -5.110359090909091240e-01 -3.093167563025209787e-01 1.551449667774086605e-01 -1.466682517482517378e-01 -2.350823117338003421e-01 1.315698211091234637e-01 1.132383333333334026e-02 -2.483615157116450811e-01 -2.901879633027523164e-01 -2.908046486486486892e-01 -5.903050185873605360e-02 -1.054557429718875478e-01 -1.348753592233009613e-01 -2.389298210735585348e-02 -2.582640948275861659e-01 -1.617421086956521425e-01 2.445575163398693019e-02 -2.030657356076759068e-01 -1.417866255144031688e-02 -1.757558862144419920e-01 -2.740438242280285319e-01 -4.693873239436610612e-03 3.566369767441861238e-02 -2.734749759615384690e-01 -2.086293446601941437e-01 -6.559941724941725782e-02 -1.953609070294784478e-01 2.063143497757847014e-02 -1.341284116331095504e-02 5.516438559322033724e-02 -2.667017968749999524e-01 -2.899266053511705965e-01 -2.377386934673366981e-01 -1.736959459459459509e-01 1.264338489208633176e-01 -1.772448684210526371e-01 -1.927502636534839664e-01 5.702994274809160269e-02 1.851542168674698563e-01 -1.404691599999999818e-01 -3.039000599999999164e-01 -4.527527402862985273e-01 -2.536158720930232757e-01 -2.000115798922800781e-01 1.869742805755397405e-02 2.864986159169550725e-02 -4.123308348457350725e-01 -2.572302747252747657e-01 -1.163301279707495417e-01 -2.367990175438596245e-01 -1.442756140350875960e-02 -1.993277358490566087e-01 3.757849264705877615e-03 -2.442345335820895746e-01 -2.521723970037452744e-01 1.060464962121212135e-01 -2.599755602536997778e-01 -3.074038664323374692e-01 -2.870700922509225039e-01 -2.590221768707483552e-01 -3.703660441426145922e-01 -3.150057724957554262e-02 -1.610795042735042593e-01 -2.832376440677966123e-01 1.905316722972972832e-01 1.612095101351351256e-01 -2.464314189189188362e-02 7.460573378839592540e-02 1.861172307692307570e-01 -2.820399410609036872e-01 -2.080013432835820519e-01 3.444164179104477336e-02 -2.345392700729926616e-01 -4.061181818181818781e-01
-1.721065217391304358e-01 -6.928021739130434120e-02 -1.897214414414414574e-01 -1.640194054054054107e-01 -1.857690374331550931e-01 -1.562771894093686054e-01 -2.056719230769230855e-01 0.000000000000000000e+00 -2.140981088435373880e-01 -3.283893885869565432e-01 -1.522132380952380959e-01 -2.310640650406504126e-01 -2.684061035422343755e-01 -2.110316983695652016e-01 -3.406387821380243430e-01 -2.864379319727891060e-01 -1.014588477366253592e-02 -3.572282191780820626e-02 -2.720615429403202001e-01 -2.868049771689497596e-01 -3.184899999999999953e-01 1.834755810810810850e-01 -1.046678918918918927e-01 -1.546970675675675699e-01 1.828705675675675879e-01 -2.773096081081080633e-01 -1.779002706359945896e-01 -3.797031420765026311e-02 -2.943881409295352469e-01 -2.948308103727714791e-01 -2.785239827586206696e-01 -2.473928903654485090e-01 -2.619885261489698358e-01 -2.987520123839009223e-01 -2.707915733736762087e-01 -1.155893639053254401e-01 -2.049580543633762186e-01 -5.376468812589413337e-01 -3.158891999999999811e-01 -9.417926657263745241e-03 -2.350835163204747502e-01 -2.619816790490341885e-01 1.959422900763359635e-02 -9.215985849056602952e-02 -2.647827158555729476e-01 -2.936005520504731958e-01 -3.090516427432216662e-01 -1.132629836065573853e-01 -1.819629787234042506e-01 -1.888632013769363238e-01 -1.182700705467372021e-01 -3.111355165692007430e-01 -2.374632741617356824e-01 -1.021929249011857416e-01 -2.558756470588235410e-01 -9.949376893939393396e-02 -2.123035657370518081e-01 -3.153499999999999637e-01 -7.749041841004183917e-02 -1.052593061224489646e-01 -2.878513749999999649e-01 -2.512153151260504425e-01 -1.269195951417003976e-01 -1.902223632812500009e-01 -9.144764478764477733e-02 -1.010034874759152268e-01 -3.328914855072463708e-02 -3.247231428571428213e-01 -3.227907614942528980e-01 -2.804753956834532547e-01 -2.037946024464832029e-01 -9.471972477064223572e-03 -2.158773449920509124e-01 -2.128435771065182447e-01 -7.395368167202572007e-02 4.862714765100672326e-02 -1.708660869565217511e-01 -2.873827257525083945e-01 -4.674329674099485521e-01 -2.813340065681444457e-01 -2.456813867488444048e-01 -9.888055469953772880e-02 -7.545216095380021144e-03 -4.476518818040435832e-01 -2.776098584905660194e-01 -1.530571677215189774e-01 -2.802403358778626230e-01 -1.286878593272171023e-01 -2.383794117647058675e-01 -8.689252818035426984e-02 -2.623053215434083540e-01 -2.806761254019292662e-01 -6.248340322580644285e-02 -2.544553778558874546e-01 -3.251167121212120703e-01 -3.335192744479495430e-01 -2.987094845360824813e-01 -4.026357016248153231e-01 -8.671196769456680775e-02 -1.880080059084194843e-01 -2.712728445747800698e-01 5.259285087719298840e-02 5.474967836257310649e-02 -1.128173976608187051e-01 -1.379062407132242499e-02 4.751976190476191880e-02 -2.667716750418760996e-01 -2.103433966244725728e-01 -7.686686900958465685e-02 -2.368454666666666708e-01 -3.479783783783783613e-01
-7.001550724637681244e-02 -1.159505434782608785e-01 -1.079178378378378433e-01 -1.314549999999999885e-01 -1.651661333333333259e-01 -1.560509164969450246e-01 -1.663458360128617364e-01 -2.140981088435373880e-01 0.000000000000000000e+00 -2.577954685646500210e-01 -1.002111771700356785e-01 -2.077811506524318008e-01 -2.436913945172824725e-01 1.726065320665084654e-02 -3.115794556213017374e-01 -2.428965160523186284e-01 3.774489795918371370e-03 8.713724550898208077e-03 -2.506737532133676005e-01 -2.253151072386058995e-01 -2.466004156769596722e-01 2.945758747044917025e-01 -8.784641843971630060e-02 -9.088854609929078454e-02 2.954316075650118001e-01 -3.006297163120567606e-01 -1.211442366863905162e-01 -2.406893794749402973e-02 -2.438656403622250501e-01 -1.995227855153203500e-01 -1.821185988200589856e-01 -1.831987665198237802e-01 -1.432775938803894089e-01 -2.021648633879781498e-01 -2.049684015852047403e-01 -2.997545806451612158e-02 -1.427988778054861685e-02 -4.713527057356608485e-01 -2.156701995012468842e-01 2.169495085995086503e-02 -1.546603851091142567e-01 -1.335496396396396446e-01 4.468892998678996448e-02 -1.125502024291497212e-02 -1.600091374663072663e-01 -2.748262466124661296e-01 -2.781733196721311585e-01 -8.380114893617021665e-02 -8.999675149700597787e-02 -1.396229300291545183e-01 -1.029121319018404812e-01 -2.930426767676767574e-01 -1.415167549668873981e-01 -2.869919597989949167e-02 -2.047853061224489679e-01 -3.912500000000000006e-02 -1.618553287197231905e-01 -2.789170425138631781e-01 -5.128319702602228414e-02 -3.395136861313869520e-02 -2.624504850746268714e-01 -2.200630956848029784e-01 -8.914840290381123578e-02 -1.333373720136518670e-01 -1.168863069139966238e-01 -8.158065326633165415e-02 -2.777317460317460865e-02 -2.413021758569298958e-01 -2.903288265306122051e-01 -2.493626335877862643e-01 -1.585985080645161138e-01 1.962018842530284177e-02 -1.549574624829467839e-01 -1.996361527967258076e-01 1.018457300275486777e-04 6.857309557774607378e-02 -1.848045493562231745e-01 -2.485938108882521369e-01 -4.079986070381232399e-01 -2.340918785310734662e-01 -2.126879038718290926e-01 -3.308614973262031383e-02 1.283674870466322386e-02 -4.007868371467026014e-01 -1.659657142857142997e-01 -1.285153077975376146e-01 -2.135993218085106282e-01 -2.176620827770360186e-02 -1.742944444444444463e-01 -7.057704166666667334e-02 -2.208670972222221973e-01 -1.642104775280898987e-01 -2.045190883190882783e-02 -2.274783433734939575e-01 -2.333907804232804029e-01 -3.028902459016393212e-01 -2.746680102695763792e-01 -3.593546460746461224e-01 -1.006479385403328958e-01 -1.665237323037322970e-01 -2.146753196930946128e-01 3.564545918367349048e-02 5.726543367346940278e-02 -9.121173469387752752e-02 9.857687338501302035e-03 2.216961190168176971e-02 -2.556631232091690631e-01 -1.666999642218246758e-01 -5.707333333333333009e-02 -2.322392168674698720e-01 -2.859179999999999500e-01
-1.865221621621621917e-01 -2.642713265306122494e-01 -3.073324786324787006e-01 -2.839154166666666979e-01 -3.248845789473683854e-01 -3.091917907444667879e-01 -3.201945859872611377e-01 -3.283893885869565432e-01 -2.577954685646500210e-01 0.000000000000000000e+00 -3.003660108108107685e-01 -2.874379675675676205e-01 -1.720879631635969520e-01 -2.125790496760259218e-01 -2.924465301724137878e-01 -2.506952648648648196e-01 -2.648149890829694098e-01 -2.659301198257080223e-01 -2.693175641025641331e-01 -2.205131995133819967e-01 -2.062752648648648601e-01 1.216475780409042792e-02 -1.849472228202368174e-01 -1.924171797631862302e-01 1.073122712594188136e-02 -1.413299999999999557e-01 -2.046835452586206749e-01 -2.435360477741585206e-01 -2.862465412621358896e-01 -3.115808312342569497e-01 -2.652522661396574111e-01 -2.632059762532981684e-01 -2.779439312977098897e-01 -2.248388333333333489e-01 -2.004010240963855494e-01 -2.245472228704784023e-01 -1.970689705882352760e-01 -6.218154915254238135e-01 -2.487323841807909386e-01 -2.525662653288740511e-01 -2.598143155452435904e-01 -2.406715715948777590e-01 -2.347619928400954681e-01 -2.469749026763990163e-01 -2.509856703567036051e-01 -1.685390222772277236e-01 -3.166478054862842950e-01 -2.004632474226804295e-01 -2.287861111111111345e-01 -1.584225699067909610e-01 -2.484528116343490134e-01 -3.875755022488755475e-01 -2.209747485207100570e-01 -3.014368817204300943e-01 -2.417207020280811303e-01 -3.663243014128728658e-01 -2.192242857142857604e-01 -3.396830329289428629e-01 -2.261572329246935298e-01 -3.046395869191049766e-01 -2.702958303886925928e-01 -2.749956842105263366e-01 -2.339929489291598386e-01 -2.614193404907975693e-01 -2.884413333333333274e-01 -2.695311445783132864e-01 -3.134977761836441612e-01 -2.610347439353099541e-01 -3.548964576074332133e-01 -3.113129432213209147e-01 -2.084226086956521562e-01 -2.502487182587666004e-01 -2.780781862745098088e-01 -3.206282619339045903e-01 -2.755155185185185207e-01 -2.189403053435114432e-01 -2.240466071428571238e-01 -2.526800512163892565e-01 -5.295353795811518216e-01 -2.260272601010100968e-01 -2.419732134292565950e-01 -2.805079111644657730e-01 -2.368598481308410997e-01 -4.370702058111380350e-01 -2.449221219512194847e-01 -1.520331203931204189e-01 -2.045649101796406799e-01 -2.936819831730769215e-01 -3.120397930142302934e-01 -2.838297721518987515e-01 -3.554494868585732492e-01 -2.582488354430380051e-01 -2.778734140127388508e-01 -2.274414555256064618e-01 -2.491790071770334791e-01 -3.892339066339066123e-01 -3.060413837209302601e-01 -4.118864685314685414e-01 -1.428945127610208865e-01 -2.541539160839160760e-01 -1.904732444959443549e-01 -2.509343468208092287e-01 -2.310107630057803008e-01 -2.189025317919075231e-01 -2.793970023419203863e-01 -2.660484309133489544e-01 -2.477271428571428402e-01 -2.222517065390749169e-01 -2.591299222797927015e-01 -2.054015606936415994e-01 -2.905557142857143060e-01
-1.029140000000000055e-01 -6.176404040404041146e-02 -4.642888888888886678e-02 -1.119546354166666702e-01 -4.003594736842105289e-02 -1.627289738430582819e-02 -9.613309409888358414e-02 -1.522132380952380959e-01 -1.002111771700356785e-01 -3.003660108108107685e-01 0.000000000000000000e+00 -1.205996141814389966e-01 -1.861009832635983074e-01 -1.743312133891213311e-01 -3.122854384133612049e-01 -2.224567853403141282e-01 3.014077248677248799e-01 2.556559641728135546e-01 -2.077197171945701082e-01 -2.167015529411764618e-01 -2.539022513089005395e-01 4.319063920750781937e-01 5.604605839416059582e-02 -1.855967674661104447e-02 4.334656621480709182e-01 -2.109892909280500495e-01 -1.387997807933194216e-01 2.306951268498942942e-01 -2.773279411764705826e-01 -2.442755201958384526e-01 -2.517917223650385505e-01 -1.615909287531806515e-01 -1.894900491400491327e-01 -2.665274968866749861e-01 -1.949109707602339203e-01 1.215752144469526008e-01 -1.164189704271631903e-01 -4.602371115973741267e-01 -2.766617177242888248e-01 3.497560799136069654e-01 -9.042630337078648439e-02 -2.307143018018018021e-01 3.151443981481481527e-01 1.396046698113207474e-01 -2.456732857142857052e-01 -2.973416766467065764e-01 -2.466266062801932279e-01 4.338673803526449380e-02 -7.874128272251305904e-02 -5.170595881595881071e-02 2.999495314591701586e-02 -2.633675433526011522e-01 -2.164699713055954211e-01 1.754457973174366470e-01 -2.135813464447806342e-01 1.004371646341463420e-01 -2.064284591194968654e-01 -2.825496321070233852e-01 6.920166947723439821e-02 8.534662809917357984e-02 -2.406882033898304907e-01 -2.242188215488215564e-01 2.212046548956661529e-02 -1.619465915915916099e-01 7.313798219584570492e-02 1.049223746312684391e-01 2.134676264044943761e-01 -3.209866842800528919e-01 -2.570314806378132255e-01 -2.549383959044368431e-01 -1.153891577698695353e-01 3.064746318289786609e-01 -1.150818892900120072e-01 -1.791281370192307487e-01 1.715399272727272939e-01 3.870550936329588132e-01 -8.375947434292864424e-02 -3.327149184441656193e-01 -3.919479487179487465e-01 -2.574076113861386017e-01 -1.759210235294117741e-01 1.134761366313309927e-01 2.172862886597938525e-01 -3.572642517814726415e-01 -2.469900598086124666e-01 -9.219222891566265787e-02 -2.393245593419506545e-01 1.131969457547169627e-01 -1.173401649746192849e-01 1.248823325062034667e-01 -1.621348891625616073e-01 -2.119671232876712552e-01 2.108815288220551309e-01 -1.147232717678100117e-01 -3.410174413145539707e-01 -3.158190000000000164e-01 -2.783011872146118892e-01 -3.942094279176201477e-01 5.938096810933941871e-02 -1.025535246842709386e-01 -2.411567463026165758e-01 3.927563677639047124e-01 3.593456413166855601e-01 7.771847900113509899e-02 2.130544252873563249e-01 3.782655926352129216e-01 -2.666413994910941665e-01 -1.751826489028213141e-01 1.755352030456852896e-01 -2.343433522727272345e-01 -3.795088636363636581e-01
-1.296845333333333239e-01 -1.242775757575757672e-01 -1.029242735042734946e-01 -1.629358549222797992e-01 -1.557685826771653681e-01 -1.574795791583166460e-01 -1.255483809523809391e-01 -2.310640650406504126e-01 -2.077811506524318008e-01 -2.874379675675676205e-01 -1.205996141814389966e-01 0.000000000000000000e+00 -2.010989524733268474e-01 -2.355212790697674419e-01 -2.487957736943906817e-01 -2.238129485935984320e-01 2.467106862745098786e-02 -1.655425219941348766e-02 -2.289609613375130359e-01 -1.998919934994582703e-01 -2.438124345295828999e-01 1.337547826086956659e-01 -7.008617391304347577e-02 -1.042395265700483131e-01 1.328512657004830844e-01 -2.541842028985507040e-01 -1.631038491295938309e-01 3.998434442270064684e-03 -2.750098047722342454e-01 -2.639031348314606618e-01 -2.621980189798339134e-01 -2.159256702253855298e-01 -2.467809907834101202e-01 -2.462149189814814843e-01 -2.183180260303687614e-01 -1.365810126582277066e-02 -2.000903042596348935e-01 -5.680629888551165241e-01 -2.580153090172238595e-01 6.112342342342343832e-02 -1.754126819126819170e-01 -2.579945789473684359e-01 5.312248112189862231e-02 -4.963669230769229834e-02 -2.622739666666666358e-01 -2.166032438478747435e-01 -2.548543404735061912e-01 -7.848286384976524421e-02 -1.602107230392157133e-01 -1.090836540803897525e-01 -9.819165822784808872e-02 -2.723416689280868663e-01 -2.268097058823529411e-01 -8.388954992967649626e-02 -2.050987427745664671e-01 -5.850419402985072848e-02 -1.896404608294930683e-01 -3.083890569105691148e-01 -6.287581168831168910e-02 -1.189820911949685672e-01 -2.466696779388083682e-01 -2.275389776357827631e-01 -1.056419148936170171e-01 -2.019093009985734599e-01 -1.013210674157303398e-01 -5.902913407821228087e-02 -4.661402666666666916e-02 -2.567280097680097461e-01 -2.998517597471022089e-01 -2.751553361344537540e-01 -1.795991256830600791e-01 3.607796721311476440e-02 -1.888775801104972396e-01 -2.027205518763796899e-01 -8.550908787541712519e-02 5.938286857142858338e-02 -1.264970217640320749e-01 -3.022265442020665716e-01 -4.823334583821805022e-01 -2.472635414301929679e-01 -2.069353521126760520e-01 -7.408626898047721010e-02 -4.030010570824523602e-02 -4.212736939890709964e-01 -2.526846968026461027e-01 -1.225107743362831847e-01 -2.106535714285714123e-01 -1.232148021978022034e-01 -2.168113882352941113e-01 -1.188510726643598608e-01 -2.880668856172140524e-01 -2.571321853546910674e-01 -9.996044083526672494e-03 -1.626473188405797021e-01 -2.943976814734561298e-01 -3.334789666666667096e-01 -2.952052792413066284e-01 -3.609311193241816484e-01 -3.556427970557308332e-02 -1.874674258474576249e-01 -2.374305882352941155e-01 9.176606918238995603e-02 7.545119496855347274e-02 -7.226157232704401301e-02 -3.175959703075290769e-02 7.787858811040340723e-02 -2.573785141509433716e-01 -1.862707566765578471e-01 -1.000995273631840737e-01 -2.509419101123595564e-01 -3.747484090909090626e-01
-2.366947222222222369e-01 -1.850793750000000182e-01 -1.741164601769911446e-01 -1.553642328042327825e-01 -2.061948806366047660e-01 -1.946201616161616077e-01 -2.447326357827475929e-01 -2.684061035422343755e-01 -2.436913945172824725e-01 -1.720879631635969520e-01 -1.861009832635983074e-01 -2.010989524733268474e-01 0.000000000000000000e+00 -2.651680416272468865e-01 -3.299201232227487735e-01 -2.739788403041825138e-01 -7.744940441882802729e-02 -9.835320230105462636e-02 -2.443207369498464343e-01 -2.670023329798515421e-01 -3.055370057034220155e-01 8.919280303030310830e-03 -1.460305587121211723e-01 -1.788708806818181951e-01 8.807045454545463226e-03 -3.115288541666666466e-01 -2.149477914691943214e-01 -9.988277085330775351e-02 -2.642203499469777395e-01 -3.054143029637760298e-01 -2.425927199074073837e-01 -2.402504050925925727e-01 -2.703325112107622941e-01 -2.771946371882086368e-01 -2.947857219251336369e-01 -1.439836024844720341e-01 -2.230202482621648497e-01 -6.278563690476191006e-01 -2.732941369047618974e-01 -4.043675490196076833e-02 -2.139311088504577962e-01 -2.696106694129763448e-01 -4.330336497890294178e-02 -1.161668206229860278e-01 -2.704211099020674691e-01 -3.324813362541073070e-01 -3.212439624724061638e-01 -1.684542594718713981e-01 -2.160825119047619092e-01 -1.894940710059171141e-01 -1.342812823674476019e-01 -3.176696194225722136e-01 -2.116238521400778116e-01 -1.084212942779291672e-01 -2.852925454545454653e-01 -1.040283649635036362e-01 -2.474053892215568595e-01 -2.919299680511182049e-01 -1.251470719999999703e-01 -1.496933643410852666e-01 -3.201355748031496362e-01 -2.169019749216301030e-01 -1.570634626865671513e-01 -2.206328072625698133e-01 -1.281433105335157141e-01 -1.118675782312925082e-01 -1.003750715214564299e-01 -2.483694159713945027e-01 -2.799276597938144540e-01 -2.712321993833504696e-01 -2.162651709401709477e-01 -6.274074786324784769e-02 -2.085033045356371184e-01 -2.596619956850053645e-01 -1.466015869565217289e-01 -4.085949776785712667e-02 -2.044755816554809924e-01 -2.572425896860986994e-01 -5.345481922196796409e-01 -3.123771064301552047e-01 -2.585294173728813205e-01 -1.566043584305408243e-01 -8.324797311271975309e-02 -4.518792414529914647e-01 -2.639865156418554903e-01 -1.544116178067318212e-01 -3.046750582010582242e-01 -1.768597965738757938e-01 -2.859581922196796078e-01 -1.303289604519773937e-01 -3.518604231625835355e-01 -2.705524746906636802e-01 -1.083867009132419845e-01 -2.527090984578884703e-01 -2.887499894067795947e-01 -3.464009771986970576e-01 -2.721678041237113321e-01 -2.588007024793388400e-01 -1.536658127572016197e-01 -1.849853160621761639e-01 -1.165961562178828292e-01 -1.799671794871793296e-02 -2.440684102564100871e-02 -1.318061435897435740e-01 -3.446501037344398138e-02 -1.874662512980268883e-02 -3.423645684695051927e-01 -2.256535953420669705e-01 -6.784690997566908410e-02 -3.102368306010928611e-01 -3.954356818181818389e-01
