0.000000000000000000e+00 4.417851351351351902e-02 2.991152777777777994e-02 1.408374999999999731e-02 2.421581081081080472e-02 4.479108108108108277e-02 2.959270270270270009e-02 2.550362318840580095e-02 4.104826086956521458e-02 2.109540540540540479e-02 6.275186666666666968e-02 3.591813333333333108e-02 -1.665111111111110959e-02 2.266847222222222180e-02 -2.159599999999997633e-03 1.458972972972972550e-02 8.377041095890412625e-02 1.364591549295774420e-01 2.523194444444448997e-03 2.311082191780822193e-02 3.788879999999999332e-02 3.055302666666667166e-01 4.709773333333332895e-02 3.660799999999999471e-02 3.055302666666667166e-01 3.350813333333333560e-02 2.898373333333333079e-02 7.847973333333332913e-02 1.926652777777777825e-02 1.701132352941176276e-02 6.090468749999999529e-03 8.125454545454546817e-03 4.049019607843136123e-03 2.069196721311475362e-02 2.922083333333333130e-02 6.800238805970149070e-02 3.778181818181818030e-02 -1.045287878787878877e-02 1.899378787878787389e-02 6.176348484848484532e-02 2.802955223880596730e-02 6.193880597014927644e-03 7.375253968253968340e-02 4.883873015873013701e-02 1.400327868852459202e-03 -3.642622950819680459e-04 4.531920634920634516e-02 1.453787878787878886e-02 2.756727272727277009e-03 3.008924528301887280e-02 2.921679245283018839e-02 3.155319148936160242e-04 3.921422222222222670e-02 7.351000000000000589e-02 3.488720930232558359e-02 1.023162790697674032e-02 6.609558139534883747e-02 7.460315789473684345e-02 2.633789473684210528e-02 4.266050000000000397e-02 -3.298545454545454003e-02 2.150499999999999634e-02 3.958615384615386118e-02 1.514000000000000068e-02 1.110000000000000049e-02 3.944950000000000540e-02 8.795241379310346497e-02 1.476794117647058958e-02 1.619014285714285434e-02 1.314757142857142860e-02 6.724528571428572965e-02 9.216202898550723832e-02 8.459507246376810063e-02 8.722028985507248450e-03 8.991779411764708185e-02 1.062774999999999970e-01 4.610323529411764626e-02 -1.114558823529413151e-03 4.645882352941177636e-03 -4.104179104477611792e-03 3.560671641791045283e-02 8.261955223880598775e-02 9.447250000000001480e-02 1.951839285714285915e-02 1.355263157894735695e-03 5.310818181818181827e-02 3.123745454545455089e-02 3.560519230769230992e-02 2.703044444444443681e-02 3.508212765957446216e-02 2.843431818181818213e-02 3.221136363636363086e-03 9.949534883720929229e-03 6.557578947368421229e-02 1.319607843137255094e-03 1.216874999999999728e-02 2.654067796610169293e-03 -1.873389830508474796e-02 7.006355932203389703e-02 4.023728813559321544e-04 3.113915254237287905e-02 7.765237288135594385e-02 9.054694915254236920e-02 2.647915254237287810e-02 1.051015254237288032e-01 5.576915254237287817e-02 7.745310344827588400e-02 -2.268235294117646947e-02 1.661400000000000099e-01 9.121999999999999900e-03 -1.139500000000000061e-02
4.417851351351351902e-02 0.000000000000000000e+00 6.316432989690722033e-02 3.969378947368421007e-02 5.389896907216495253e-02 3.008845360824742229e-02 5.753484536082474621e-02 5.589576086956521417e-02 1.329358695652173641e-02 -9.705918367346938469e-03 4.742272727272726918e-02 2.481717171717171336e-02 2.471979166666666769e-02 1.852906250000000213e-02 -1.369212121212121450e-02 4.463112244897959185e-02 1.077596907216494676e-01 1.162326595744680585e-01 1.013515789473684418e-02 8.893125000000001723e-03 3.833212121212120627e-02 3.269689898989899257e-01 3.883373737373736756e-02 4.089505050505050365e-02 3.269689898989899257e-01 2.469848484848485154e-02 2.466222222222222080e-02 8.388979797979798092e-02 1.875568421052631676e-02 1.669659340659340394e-02 3.940325842696629222e-02 1.899805194805194788e-02 3.631513157894736971e-02 -4.994714285714287223e-03 9.315555555555550885e-03 6.727762500000000756e-02 3.318370370370370137e-02 -1.971474999999999964e-02 -4.037500000000082554e-05 8.349737500000001256e-02 4.257160493827160004e-03 2.690493827160494577e-03 9.943727272727273525e-02 6.144884615384615251e-02 -3.939866666666666517e-03 -1.916626666666666756e-02 1.802974683544304041e-02 2.412920454545455090e-02 1.950207792207792751e-02 5.056853333333333200e-02 1.045440000000000084e-02 -7.572857142857155471e-04 2.921724637681159462e-02 6.066590909090909672e-02 1.905893939393939196e-02 3.457137931034482553e-02 5.491288135593220404e-02 -6.399166666666667586e-03 6.222527777777776825e-02 7.889324324324324678e-02 -3.131923076923078669e-02 1.375447368421052821e-02 1.036275862068965214e-02 -2.575218750000000251e-02 6.658687500000000370e-02 1.633058823529411410e-02 1.447655769230769274e-01 -2.068421052631577023e-03 -3.039361702127680730e-04 1.495755319148935752e-02 4.422840425531913977e-02 1.244478888888888857e-01 4.046611111111111936e-02 4.131644444444444730e-02 1.098552808988764035e-01 1.342958426966292251e-01 4.570134831460673230e-02 -1.089550561797754478e-03 4.566179775280897711e-03 -1.371647727272727255e-02 6.201931818181816505e-03 2.753034090909090362e-02 9.726573033707863747e-02 -9.052307692307694567e-03 7.012469135802467703e-03 7.108772151898733183e-02 4.826924050632910856e-02 8.043896103896105987e-02 5.155583333333332158e-02 6.555741935483870575e-02 7.241186440677964756e-03 -5.840847457627119932e-03 5.311051724137931529e-02 2.447382352941175968e-02 -6.813421052631579711e-03 2.070765432098765207e-02 2.956547619047618630e-03 -2.519511904761905299e-02 9.372357142857143386e-02 5.451190476190477530e-03 1.502385542168674717e-02 1.201196428571428693e-01 1.093646428571428408e-01 4.092523809523810480e-02 1.092022619047619131e-01 9.855273809523809603e-02 4.958740740740740643e-02 1.435526315789474551e-03 1.432493750000000121e-01 -1.158125000000000127e-02 -2.340125000000000191e-02
2.991152777777777994e-02 6.316432989690722033e-02 0.000000000000000000e+00 5.369252173913044435e-02 3.840525862068965707e-02 4.645405172413793332e-02 7.178120689655172193e-02 5.214594594594595262e-03 1.855288288288287415e-02 -1.088222222222222195e-02 7.468606837606837912e-02 4.614128205128206067e-02 7.045132743362831317e-03 1.156053097345132938e-02 -3.526179487179486455e-02 2.361879310344827676e-02 1.901197368421052858e-01 1.871919642857142740e-01 2.515127272727273045e-02 1.871245454545454254e-02 1.466564102564102585e-02 3.674414529914528660e-01 9.312444444444442637e-02 5.023247863247864292e-02 3.674414529914528660e-01 7.047350427350429491e-02 6.080547008547006888e-02 1.835002564102564127e-01 3.065198198198198012e-02 -1.662377358490566004e-02 -3.032211538461538746e-03 1.381565217391304487e-02 1.245087912087912592e-02 2.789266666666666283e-02 1.812979797979798538e-02 1.250146938775510419e-01 1.559757575757575454e-02 -3.030408163265305502e-02 -1.171591836734693984e-02 1.616429591836734403e-01 1.834838383838383741e-02 1.058070707070707037e-02 2.071468421052631570e-01 1.259875000000000023e-01 -9.159666666666666651e-03 -2.138366666666666888e-02 1.136701030927836625e-03 3.770173076923075822e-02 1.635741935483870507e-02 9.419670454545454874e-02 1.179731818181818243e-01 -2.300261904761904952e-02 9.707317073170691323e-05 1.423660493827160478e-01 2.520370370370370039e-02 7.771821917808219293e-02 3.439202702702702508e-02 3.759411764705880479e-03 9.125764705882352668e-02 1.628453061224489629e-01 7.597588235294118475e-02 5.919100000000001444e-02 7.384609756097561262e-02 1.272727272727285552e-04 2.392527272727272836e-01 1.639743478260869414e-01 2.078996825396825232e-01 -2.035735294117646879e-02 9.395000000000002308e-03 -8.491964285714288666e-04 7.499267857142856430e-02 2.160512149532710646e-01 9.135962616822429494e-02 3.254373831775701081e-02 1.528921698113207550e-01 2.199347169811320668e-01 7.096990566037736370e-02 -1.067877358490566288e-02 -3.100207547169811159e-02 9.736285714285714682e-03 -2.343428571428571826e-03 1.334730476190476300e-01 1.828710377358490347e-01 -6.877894736842116033e-04 -2.112363636363636873e-02 1.057694845360824670e-01 8.030412371134021746e-03 1.530151063829787161e-01 1.187363636363636260e-01 1.544773749999999723e-01 4.752380281690141151e-02 -1.138675324675324750e-02 1.605160526315789205e-01 2.802803921568626858e-02 -1.718531914893616994e-02 6.656060606060607183e-03 -1.240696078431372668e-02 -3.810959999999999348e-02 1.471925999999999790e-01 2.292509803921568418e-02 -2.172574257425743515e-03 2.557590196078431410e-01 2.165546078431372645e-01 5.535137254901962428e-02 1.405411764705882527e-01 2.458856862745097960e-01 4.811222222222222289e-02 -4.673584905660351885e-04 2.436018181818182249e-01 -1.521850000000000459e-02 -8.158888888888887747e-02
1.408374999999999731e-02 3.969378947368421007e-02 5.369252173913044435e-02 0.000000000000000000e+00 2.856121693121692340e-02 1.803526041666666732e-02 2.352937172774869495e-02 2.807508108108107761e-02 3.597419354838710115e-02 -1.153932291666666908e-02 3.741526041666665831e-02 5.445958549222796458e-03 2.929502645502645580e-02 2.190719576719576608e-02 5.199481865284971867e-03 7.400680628272249956e-03 7.975926315789473586e-02 1.129598404255319211e-01 -1.239902298850574514e-02 8.898994413407822213e-03 9.474322916666666483e-03 3.155393264248704810e-01 6.527963730569946721e-02 2.977823834196891006e-02 3.155393264248704810e-01 2.109056994818652928e-02 2.646165803108807904e-02 8.319481865284973632e-02 -3.679550561797751296e-03 7.007183908045977981e-03 1.758139534883720531e-02 1.176757763975154990e-02 2.436251655629139215e-02 -1.281025641025642162e-03 1.698549382716049369e-02 8.338111111111112805e-02 2.988783625730994514e-02 -1.881429411764706100e-02 -2.955294117647057264e-03 6.295435294117647518e-02 3.927529411764706102e-02 7.319764705882352007e-03 1.020051204819277246e-01 6.662191616766467706e-02 2.179161490683230104e-02 -3.798456790123455780e-03 1.201887573964497379e-02 3.584284916201117138e-02 2.179740963855421321e-02 2.604350000000000415e-02 3.296392405063290620e-02 1.143031847133757668e-02 2.084824675324675400e-02 7.523830065359478347e-02 2.741360544217686518e-03 4.308599999999999930e-02 1.967592307692307349e-02 7.636481481481484541e-03 3.744777777777777428e-02 7.213858490566035786e-02 1.657378640776699039e-02 9.598823529411763811e-03 4.609484210526315628e-02 2.414836538461538271e-02 9.362370000000000414e-02 4.752048543689320337e-02 8.660645161290321525e-02 -5.657230769230770298e-03 1.904906077348066107e-02 -3.000000000000000062e-03 3.539082417582416901e-02 7.022451977401129863e-02 2.316642458100558188e-02 1.493357541899441310e-02 7.535308988764045923e-02 7.424327683615819518e-02 1.959370786516853591e-02 -1.325112359550562231e-02 -1.439674698795180563e-02 5.500848484848483433e-03 1.055288135593220218e-02 6.979244318181818119e-02 5.461780898876403972e-02 3.018292682926828046e-03 5.015384615384612527e-04 2.906654761904762033e-02 1.334690476190476295e-02 5.678463414634146722e-02 4.961852112676055221e-02 7.352986111111110834e-02 2.018898550724637642e-02 7.484113475177305193e-03 5.728083916083916149e-02 -1.068254237288135573e-02 -5.769333333333333778e-03 9.941464968152865719e-03 -7.540346820809247681e-03 -1.822976470588235157e-02 3.182888235294118601e-02 8.604393063583815407e-03 1.135767441860464910e-02 6.796300578034682183e-02 8.928994219653180187e-02 2.532468208092485476e-02 7.337109826589595374e-02 5.306485549132947815e-02 1.874179104477610930e-03 2.076579439252336859e-02 1.001698076923076830e-01 2.926744680851063249e-02 4.589230769230769058e-03
2.421581081081080472e-02 5.389896907216495253e-02 3.840525862068965707e-02 2.856121693121692340e-02 0.000000000000000000e+00 2.382414248021108572e-02 2.281688654353562079e-02 2.096323529411765058e-02 2.875384000000000273e-02 -6.724815789473684649e-03 6.895363157894736361e-02 2.916157480314960498e-02 6.348116710875332559e-03 2.611269841269841033e-02 -1.109342931937172885e-02 5.500263852242740382e-04 1.440810846560846570e-01 1.855898933333333667e-01 1.231559659090909059e-02 8.453453453453455002e-03 2.066401574803149871e-02 3.407007329842932086e-01 6.590395287958115966e-02 3.543735602094241072e-02 3.407007329842932086e-01 3.812227748691099372e-02 4.151431937172774672e-02 1.243605789473684192e-01 -9.779090909090910888e-03 5.820299401197605652e-03 1.262885448916408783e-02 1.481628289473684197e-02 1.276490000000000263e-02 -2.763375394321765984e-03 2.822694704049844711e-02 9.900161585365856165e-02 3.215957507082153194e-02 -1.141999999999999960e-02 -2.916288951841360458e-03 1.247259943977590824e-01 4.298838414634146426e-02 2.443978658536585108e-02 1.592493808049535720e-01 8.951259259259258805e-02 2.105741324921133785e-03 1.782745283018867533e-02 3.210993883792048753e-02 4.563675675675675503e-02 3.088284374999999971e-02 7.528398809523809132e-02 4.368737804878049247e-02 1.085847972972972877e-02 2.299816326530611937e-02 1.139940816326530659e-01 -2.601901408450703161e-03 1.334055115511551259e-01 1.187825278810409127e-02 -2.021476793248943443e-03 4.216334710743802061e-02 7.890404958677685321e-02 1.693444915254237182e-02 6.427058823529412449e-03 8.605748987854251741e-02 3.472062745098039582e-02 9.536913385826771561e-02 1.043776653696497914e-01 1.636378169014084671e-01 -8.432875399361022817e-03 2.014305177111716527e-02 5.960566037735847908e-03 3.409478005865102662e-02 1.066960703812316613e-01 5.518784256559766677e-02 3.077860058309038471e-02 1.310488424437298849e-01 1.099176129032258115e-01 2.124662379421221256e-02 -9.034147909967843448e-03 3.451749174917491565e-03 -2.375599999999999847e-03 -1.886656804733725847e-03 9.575194690265487196e-02 1.267836438356164386e-01 -1.264971346704871040e-02 6.748366762177649553e-03 3.197799426934097577e-02 1.750347701149425339e-02 1.375332947976878328e-01 2.134564263322883890e-02 1.113590683229813555e-01 3.083463492063492212e-02 3.655559210526315717e-02 1.426225080385852273e-01 2.096131756756757294e-02 -1.573034985422740867e-02 5.001424050632911900e-03 -1.046428571428571590e-02 -3.005331460674157129e-02 9.660235955056181711e-02 3.760678770949720667e-02 -1.059262569832402148e-02 1.597505571030640448e-01 1.654284679665738167e-01 4.215621169916434346e-02 1.431285633802817092e-01 1.441064406779660745e-01 -6.722207792207790696e-03 4.826709401709403796e-03 1.174508383233533182e-01 1.311226415094339341e-02 -1.428851851851851984e-02
4.479108108108108277e-02 3.008845360824742229e-02 4.645405172413793332e-02 1.803526041666666732e-02 2.382414248021108572e-02 0.000000000000000000e+00 3.465935483870968142e-02 2.155519348268839300e-02 2.420486761710794257e-02 -1.052575452716297821e-02 5.984837022132796780e-02 1.187222444889779634e-02 9.542666666666668046e-03 2.197028282828282844e-02 -8.107444668008041352e-04 1.483786290322580519e-02 1.608109292929292833e-01 1.838988008130081619e-01 2.330687224669603791e-02 9.087260273972601332e-03 1.071795180722891379e-02 3.098317234468937476e-01 7.820460921843688795e-02 3.551286573146292258e-02 3.098317234468937476e-01 3.542521042084168653e-02 3.518785571142285518e-02 1.429302615694164891e-01 1.142048728813559351e-02 9.962595936794582316e-03 1.191877805486284136e-02 2.623031707317073288e-02 2.099602977667493556e-02 1.424207729468599144e-02 1.701066037735848857e-02 9.700251131221718226e-02 3.011280513918629734e-02 -3.395481798715202157e-03 -1.522483940042827257e-03 1.459463424947146093e-01 5.012278026905830214e-02 1.068330337078651597e-02 1.646450808314087744e-01 1.289002380952380955e-01 1.550092417061611078e-02 9.712744186046508646e-03 2.034926940639269696e-02 5.819786223277909065e-02 2.336736972704714713e-02 3.948952267303103281e-02 8.228290640394089750e-02 1.058232620320855542e-02 8.933324396782842125e-03 1.451720430107527049e-01 3.193729166666666591e-02 9.710801488833747941e-02 1.530994550408719401e-02 6.589999999999998637e-03 8.603663742690058347e-02 1.168856725146198844e-01 1.779538690476190760e-02 5.725618343195267024e-02 4.796916666666665996e-02 3.725193277310923784e-02 1.250024438202246846e-01 1.195676111111111245e-01 1.307485824742268266e-01 -1.830893111638955129e-02 1.215977178423236459e-02 1.584885010266940536e-02 3.131508733624454449e-02 1.251901525054466002e-01 5.008356321839080305e-02 1.353066666666666654e-02 1.872348364485981465e-01 1.535647263681591823e-01 4.625985111662531124e-02 -5.473300248138957685e-03 8.383418367346941180e-03 1.978651331719128229e-02 2.082455947136563693e-02 1.254193377483443783e-01 1.626643067226890560e-01 -1.206866666666667849e-03 6.050534521158129446e-03 5.296241071428570840e-02 1.032823660714285614e-02 1.366265624999999928e-01 4.047014457831325795e-02 1.465054694835680738e-01 3.903132211538461876e-02 2.386523341523341321e-02 1.228407524271844520e-01 3.899225201072386432e-02 -1.285420224719101279e-02 4.140119331742241580e-03 -7.145064935064933051e-03 -2.245339092872569720e-02 8.875740820734341618e-02 3.274212581344902728e-02 -7.632564655172415120e-03 1.803278540772532135e-01 1.740926180257510725e-01 4.859890557939913758e-02 1.420800865800865842e-01 1.608581995661604869e-01 4.020722222222222753e-02 1.720315112540192828e-02 1.081029767441860356e-01 -2.745447154471545182e-03 -2.059322580645161355e-02
2.959270270270270009e-02 5.753484536082474621e-02 7.178120689655172193e-02 2.352937172774869495e-02 2.281688654353562079e-02 3.465935483870968142e-02 0.000000000000000000e+00 2.094261217948718140e-02 2.376463022508038328e-02 -1.333808917197452232e-02 3.805987240829345614e-02 3.900228571428571850e-02 8.843306709265174800e-03 2.326778662420381921e-02 -3.454222222222223544e-03 1.696796178343949052e-02 1.234095063694267552e-01 1.552383762057877592e-01 1.724203418803418875e-02 -1.383075539568344968e-03 9.270760697305863510e-03 3.140346360759493360e-01 6.149685126582279254e-02 2.987775316455695829e-02 3.139196202531645552e-01 2.625289556962025553e-02 3.726142630744849749e-02 1.222463593004769478e-01 -1.910260416666666010e-03 5.642226277372262497e-03 3.822041237113403545e-03 1.605745098039215724e-02 6.679471698113205458e-03 1.037222222222224289e-04 1.548557761732852027e-02 1.179262521891418641e-01 2.552245791245791318e-02 -2.155932659932659895e-02 -8.118588235294115288e-03 1.235145182724252388e-01 5.480561188811187978e-02 1.105273204903677725e-02 1.273373703041144889e-01 1.048755370370370310e-01 1.575985212569316202e-02 5.111779816513761440e-03 8.671531531531530279e-03 3.977133828996282094e-02 3.744475903614458839e-02 3.851370873786407606e-02 7.448536779324056722e-02 3.098741379310344241e-02 3.189323913043478481e-02 1.078562527233115492e-01 3.456245202558635293e-02 1.064088065843621367e-01 2.298886214442013090e-02 7.023752969121374102e-05 6.690997652582159061e-02 9.260127906976745038e-02 2.436009615384615926e-03 2.086453883495145711e-02 6.113536130536129792e-02 2.211868480725623365e-02 1.013252242152466315e-01 9.811852348993288508e-02 1.488223305084745429e-01 -1.144152343750000009e-02 2.234949832775924301e-04 7.581876046901171728e-03 3.193293693693693980e-02 1.132994424460431609e-01 3.470838345864661612e-02 1.233870056497174753e-02 1.491637404580152537e-01 1.326666265060241212e-01 3.246295999999999210e-02 -1.377789999999999918e-02 -1.649652351738241374e-02 9.729186046511625191e-03 1.543010771992818844e-02 9.480440647482013539e-02 1.086405363321799322e-01 -9.395009074410164834e-03 1.086703296703296628e-02 3.128168190127970927e-02 1.793835087719298366e-02 1.165420350877193062e-01 3.858413207547169849e-02 1.223497058823529438e-01 2.059337686567164205e-02 1.868543071161048869e-02 1.362328030303030235e-01 1.819976744186046352e-02 -1.238017574692443050e-02 -2.797638376383764294e-03 -1.513911564625851879e-03 -3.127808149405772453e-02 8.061809847198642132e-02 2.362266666666666681e-02 -1.164369491525423829e-02 1.574494256756756860e-01 1.444249155405405438e-01 4.446947635135135163e-02 1.245567576791808961e-01 1.466107350427350298e-01 6.337544204322201162e-03 1.202509950248756461e-02 1.003072014925373151e-01 2.139416058394159621e-03 -1.715606060606061217e-02
2.550362318840580095e-02 5.589576086956521417e-02 5.214594594594595262e-03 2.807508108108107761e-02 2.096323529411765058e-02 2.155519348268839300e-02 2.094261217948718140e-02 0.000000000000000000e+00 1.985478911564625762e-02 -1.274676630434782611e-02 2.506469387755101697e-02 1.417914634146341668e-02 2.950599455040872100e-03 2.614633152173912595e-02 -4.393802435723951315e-03 7.047360544217686450e-03 4.847090534979423687e-02 7.325616438356165327e-02 2.278282387190684426e-03 -6.025266362252664105e-03 -4.185230352303518026e-04 2.890690270270269702e-01 3.130816216216215919e-02 2.318737837837837878e-02 2.891569054054053955e-01 1.513325675675675913e-02 2.020270635994587255e-02 5.216702185792350399e-02 2.142263868065967351e-03 1.384444084278768292e-02 -1.651741379310345259e-03 1.688945182724252425e-02 1.109919175911252068e-02 1.833591331269349926e-03 5.164674735249621777e-03 3.726026627218934767e-02 2.601872675250357231e-02 -9.134420600858369002e-03 -1.651028571428571259e-03 2.698138222849082515e-02 2.061345697329377072e-02 2.211001485884101295e-02 7.064448854961832835e-02 4.748210691823899487e-02 1.598503924646781787e-02 -3.070504731861212633e-04 1.469223285486443396e-02 3.146391803278688476e-02 1.932306737588652262e-02 1.830538726333907212e-02 3.339924162257495999e-02 8.125847953216372432e-03 1.914072978303747383e-02 6.339409090909091382e-02 3.819607843137250050e-04 5.147215909090909619e-02 2.476412350597609335e-02 3.487749469214438628e-03 3.320108786610878604e-02 3.227967346938775267e-02 -4.346604166666667886e-03 5.976323529411763959e-03 2.670708502024291692e-02 3.376330078125000522e-02 4.183223938223937927e-02 4.699807321772640073e-02 1.117670652173912982e-01 -1.557369747899159905e-02 4.167385057471264739e-03 3.080618705035970822e-03 1.272758409785932493e-02 4.193212538226299968e-02 1.482769475357710413e-02 1.168216216216216158e-02 7.592842443729903856e-02 4.923387583892618186e-02 2.017336120401337640e-02 -6.670635451505018548e-03 -2.336792452830188573e-03 -4.537110016420363131e-04 1.045904468412942913e-02 5.512697996918335119e-02 7.231269746646797059e-02 -5.451850699844479516e-03 1.028619496855345816e-02 2.239106012658228020e-02 8.047328244274809875e-03 4.699342507645259959e-02 2.746957983193277358e-02 7.617460547504024959e-02 2.084551446945337450e-02 1.053340836012861548e-02 3.946277419354838473e-02 1.253254833040421713e-02 -9.831106060606061015e-03 -5.101324921135647755e-03 -2.457201767304859844e-03 -2.372066469719349632e-02 5.055110132158589092e-02 1.805955686853766631e-02 -4.272404692082111717e-03 5.852846491228069076e-02 6.183583333333333293e-02 2.366201754385965222e-02 7.150869242199107967e-02 4.985775297619047391e-02 1.528023450586263928e-03 1.840455696202531258e-02 3.235255591054312513e-02 9.767733333333333823e-03 -2.250270270270267499e-03
4.104826086956521458e-02 1.329358695652173641e-02 1.855288288288287415e-02 3.597419354838710115e-02 2.875384000000000273e-02 2.420486761710794257e-02 2.376463022508038328e-02 1.985478911564625762e-02 0.000000000000000000e+00 -3.786951364175564043e-03 4.228592152199761589e-02 1.287172004744958388e-02 8.213706793802144981e-03 5.215414489311164664e-02 4.251041420118342566e-03 4.460951248513674375e-03 3.182343337334934269e-02 5.242225149700599496e-02 1.345637532133675887e-02 9.433927613941017754e-03 5.692470308788596944e-03 3.158807210401891608e-01 2.791088652482269158e-02 3.223871158392434960e-02 3.166104964539007138e-01 3.508557919621750100e-03 2.531904142011834336e-02 3.623631264916468003e-02 8.954463130659767039e-03 2.082213091922005543e-02 1.596228613569321622e-02 2.100910425844346521e-02 2.353922114047288239e-02 1.767280054644808709e-02 1.513871862615587954e-02 4.991437419354838312e-02 4.979857855361596169e-02 1.708842892768079602e-02 1.010190773067331724e-02 1.074579852579852016e-02 2.696331193838254203e-02 2.774994851994852171e-02 5.558474240422721369e-02 5.291850202429149858e-02 2.499540431266846635e-02 6.080745257452573396e-03 1.385334699453552067e-02 3.634272340425531711e-02 2.882377245508981750e-02 1.983446064139942136e-02 3.486987730061349988e-02 7.595993265993265277e-03 2.649104304635761450e-02 6.417715242881072424e-02 8.876071428571429348e-03 6.542224252491694869e-02 1.409918685121107351e-02 1.011068391866913087e-02 3.330912639405204240e-02 4.181291970802919478e-02 7.633302238805970454e-03 8.354183864915572591e-03 4.132600725952813997e-02 2.754383959044368405e-02 2.076701517706576808e-02 4.700778894472361358e-02 4.516957142857143392e-02 3.098554396423248286e-03 1.378001275510204113e-02 1.346749363867684630e-02 2.449297043010752184e-02 1.585820995962314642e-02 2.535461118690313792e-02 1.814480218281036561e-02 7.240728650137741307e-02 2.380657631954350914e-02 1.715879828326180231e-02 5.207707736389684261e-03 1.568382697947214022e-02 1.048240112994350270e-02 1.667694259012016123e-02 5.824411764705882816e-02 6.298980569948185726e-02 6.976258411843876649e-03 2.586726530612244723e-02 2.443404924760602531e-02 2.043740691489361397e-02 8.038975967957276425e-02 3.391316017316016451e-02 4.421294444444444360e-02 3.257519444444444828e-02 2.368230337078651437e-02 2.635709401709401475e-02 1.464849397590360864e-03 2.382447089947090351e-03 1.411911202185792483e-02 4.585430038510911188e-03 -3.790733590733592374e-03 3.574637644046094881e-02 1.592543114543114660e-02 6.085421994884910278e-03 2.821774234693877337e-02 3.481926020408163125e-02 3.368243622448979790e-02 6.939816537467699553e-02 8.581811125485120512e-03 7.947621776504298560e-03 1.219436493738819405e-02 2.693146198830409510e-02 4.823072289156626023e-03 1.496750000000000250e-03
2.109540540540540479e-02 -9.705918367346938469e-03 -1.088222222222222195e-02 -1.153932291666666908e-02 -6.724815789473684649e-03 -1.052575452716297821e-02 -1.333808917197452232e-02 -1.274676630434782611e-02 -3.786951364175564043e-03 0.000000000000000000e+00 1.645180540540540012e-02 -9.572378378378378419e-03 -3.638169014084506690e-03 3.461997840172784720e-03 -1.152656249999999861e-02 -1.456697297297297224e-02 3.628384279476008973e-04 3.251076252723311688e-02 -6.692715617715617495e-03 -7.533698296836983076e-03 -4.450313513513514709e-03 1.126312809472551080e-01 7.661668460710442836e-03 5.132120559741658837e-03 1.119078686759956698e-01 1.639229278794402528e-02 -6.221476293103448720e-03 1.424033659066232735e-02 -1.515783980582524268e-02 -8.544584382871535724e-03 -1.698669301712782669e-03 -2.695448548812665046e-03 -1.129175572519084021e-02 -3.967948717948718493e-03 1.424698795180720382e-03 1.591929988331388865e-02 7.962160633484162073e-03 -2.112983050847457717e-02 -1.214566101694915246e-02 -2.123355629877361588e-03 -1.318700696055685002e-03 -5.238928987194414223e-03 2.064986873508353402e-02 6.701982968369830929e-03 -4.491881918819188788e-03 -1.430487623762376377e-02 -1.255842892768079845e-02 1.608823453608247689e-02 1.376163956639566213e-02 1.577395472703062643e-02 -1.819556786703601520e-03 -1.100277361319340445e-02 3.327144970414198846e-03 1.727708141321044472e-02 -6.750920436817473350e-03 2.322191522762951169e-02 -1.038321428571428728e-02 -1.960180242634315326e-02 7.530647985989051839e-06 -2.674512908777968573e-02 -1.374786219081272111e-02 -1.203259649122806994e-02 2.479077429983526752e-03 -9.131564417177913742e-03 -9.009848484848485134e-03 -9.484231927710843127e-03 1.214256814921090347e-02 -1.068076819407008139e-02 -1.560521486643437830e-02 -1.410764774044032631e-02 1.697710144927536136e-02 1.020258766626360239e-02 -1.218860294117646683e-03 -1.943025703794369619e-02 3.296498765432098743e-02 2.398852417302799536e-02 1.064395408163265437e-02 -9.492355953905247390e-03 -1.692026178010471241e-02 -1.068502525252525322e-02 -6.794280575539568025e-03 1.276708283313325760e-02 1.095846962616822684e-02 -1.269004842615012105e-02 -5.711768292682928121e-03 7.573808353808351990e-03 -1.532742514970059783e-03 -1.168245192307692040e-02 -9.560543337645546411e-04 1.715367088607595153e-02 -4.075006257822278224e-03 -1.356479746835443159e-02 -3.625337579617834809e-03 5.187493261455520047e-03 -8.146016746411481949e-03 -1.393635135135135039e-02 -1.897873255813953275e-02 -1.801075757575757580e-02 9.831496519721573402e-03 -3.134300699300698531e-03 6.936292004634993930e-03 5.456901734104051965e-03 1.611660115606936353e-02 7.295271676300577914e-03 6.341086651053864931e-02 -7.372669789227166356e-03 -1.176424675324675220e-02 -6.013030303030303912e-03 -3.772538860103620030e-03 -3.526647398843931348e-03 -3.354761904761887747e-04
6.275186666666666968e-02 4.742272727272726918e-02 7.468606837606837912e-02 3.741526041666665831e-02 6.895363157894736361e-02 5.984837022132796780e-02 3.805987240829345614e-02 2.506469387755101697e-02 4.228592152199761589e-02 1.645180540540540012e-02 0.000000000000000000e+00 2.415699687174139437e-02 2.718256276150627510e-02 2.775026150627614777e-02 7.098862212943633267e-03 1.945727748691099268e-02 1.889486878306878281e-01 2.195025184404636176e-01 2.994851809954750949e-02 2.018918823529411780e-02 3.164544502617801236e-02 3.488135140771637110e-01 7.633936392075078847e-02 6.055240875912407811e-02 3.501462565172054342e-01 2.606656934306569862e-02 3.067044885177453231e-02 1.709771775898520363e-01 1.176023529411765510e-03 1.408119951040391615e-02 1.262935732647814738e-02 3.734949109414758411e-02 3.627805896805896824e-02 8.153287671232876954e-03 3.349350877192982384e-02 1.318007449209932236e-01 3.693155531215771420e-02 -2.687521881838074098e-02 3.834190371991248476e-03 2.016827753779697474e-01 7.658121348314607391e-02 1.885212837837837996e-02 2.073315509259259226e-01 1.697197051886792374e-01 1.209414285714285713e-02 7.115113772455090510e-03 1.586378019323671576e-02 8.223293450881610789e-02 5.185952879581152974e-02 6.331153153153153135e-02 9.860159303882197468e-02 2.765924855491329153e-03 1.747820659971305660e-02 1.938657228017883760e-01 2.794531013615733639e-02 1.367407317073170703e-01 2.650094339622641876e-02 1.122831103678929680e-02 7.505895446880270216e-02 1.533776859504132062e-01 2.894052542372881759e-02 5.419663299663300161e-03 1.024165489566613158e-01 4.058912912912912563e-02 1.168778635014836725e-01 1.433934660766961744e-01 2.132154494382022536e-01 -1.476451783355349837e-02 2.551301822323462365e-02 2.239931740614334744e-03 6.135264531435349888e-02 1.953652019002375395e-01 4.641470517448856303e-02 2.002375000000000335e-02 1.971262787878788059e-01 2.299141198501872541e-01 4.601578222778473365e-02 -5.998331242158091298e-03 -3.516461538461539919e-03 2.017022277227723329e-02 2.118704705882352990e-02 1.427547114252061267e-01 1.931824742268041240e-01 -6.024928741092637485e-03 1.676405502392344302e-02 4.746290361445783257e-02 3.075889541715628311e-02 1.689184551886792618e-01 5.735426395939086791e-02 1.727180272952853757e-01 5.082880541871920982e-02 2.635153175591531741e-02 1.780083583959899685e-01 5.145171503957783610e-02 -1.970809859154930375e-03 -5.411373493975904156e-03 4.771974885844749992e-03 -1.721910755148741215e-02 1.058732460136674464e-01 4.782067738231916831e-02 5.811217292377700641e-03 2.216366742338251872e-01 2.196694438138478700e-01 6.633737797956866522e-02 1.830403448275862155e-01 2.122436363636363565e-01 1.177414758269720169e-02 2.039706896551723991e-02 1.291371065989847799e-01 1.590380681818181693e-02 4.234090909090892007e-04
3.591813333333333108e-02 2.481717171717171336e-02 4.614128205128206067e-02 5.445958549222796458e-03 2.916157480314960498e-02 1.187222444889779634e-02 3.900228571428571850e-02 1.417914634146341668e-02 1.287172004744958388e-02 -9.572378378378378419e-03 2.415699687174139437e-02 0.000000000000000000e+00 1.101202715809891739e-03 1.411252906976744395e-02 -8.751702127659573976e-03 -4.090834141610086294e-03 7.132491176470587280e-02 1.148869403714564974e-01 1.080977011494252925e-02 5.446305525460456640e-03 1.511522793404461657e-03 2.507171884057971534e-01 4.320558454106280394e-02 3.494033816425120426e-02 2.515421352657005172e-01 7.010048309178743865e-03 1.331393617021276420e-02 7.698975538160469922e-02 -2.067982646420823880e-03 3.212741573033708452e-03 2.581470937129300147e-03 1.354061684460261192e-02 6.417903225806453373e-03 7.124027777777778604e-03 5.104837310195228968e-03 8.195158227848101107e-02 1.856831643002028465e-02 -1.763724417426544566e-02 -7.110445795339412345e-03 5.967136136136135666e-02 1.625168399168399128e-02 3.788094736842105657e-03 9.307930960086299721e-02 6.160854945054944354e-02 9.161788888888888413e-03 1.572181208053692516e-03 7.828049605411500564e-03 3.434191314553990820e-02 2.985697303921568471e-02 3.889727161997563742e-02 3.675481012658227825e-02 1.937831750339213607e-02 1.740217914438502850e-02 6.998708860759493555e-02 1.084842485549133116e-02 8.791501492537312501e-02 9.799416282642088583e-03 -6.980065040650407227e-03 3.169038961038960628e-02 2.890190251572327326e-02 -2.370547504025765327e-03 6.377907348242811691e-03 3.598124620060790674e-02 1.397627674750356701e-02 3.991959269662921639e-02 5.312611731843575047e-02 7.500784000000000618e-02 -6.843919413919415627e-03 -7.407976817702844816e-03 -2.204789915966386907e-03 2.025370491803278605e-02 5.067742076502732007e-02 1.636353591160220888e-02 1.225867549668874061e-02 7.205787541713015720e-02 7.245550857142857293e-02 3.259492554410080289e-02 -1.608258323765786313e-02 -7.166166471277841260e-03 -9.695232690124854858e-04 1.116814734561213419e-02 5.680541214750541718e-02 5.414706131078225043e-02 -5.928644808743168196e-03 5.949525909592061172e-03 2.659910398230088194e-02 1.357074675324675475e-02 4.080595604395604453e-02 2.166959999999999720e-02 7.431522491349480675e-02 1.121798414496036345e-02 7.684141876430205555e-03 6.837450116009281820e-02 2.624528985507246226e-02 -1.232503791982665284e-02 -5.599955555555556630e-03 -1.203730242360379413e-02 -2.185717001055966294e-02 5.852705573080968504e-02 7.982351694915254189e-03 -2.791922268907562951e-03 8.768906708595387844e-02 9.749450733752620946e-02 2.765501048218029292e-02 1.026102120890774044e-01 6.938183651804670504e-02 -8.309316037735849786e-03 1.058308605341246739e-03 2.642522388059701313e-02 -1.029050561797752866e-02 -8.749318181818182757e-03
-1.665111111111110959e-02 2.471979166666666769e-02 7.045132743362831317e-03 2.929502645502645580e-02 6.348116710875332559e-03 9.542666666666668046e-03 8.843306709265174800e-03 2.950599455040872100e-03 8.213706793802144981e-03 -3.638169014084506690e-03 2.718256276150627510e-02 1.101202715809891739e-03 0.000000000000000000e+00 6.335562913907283496e-03 -1.768515639810426532e-02 -9.478051330798478377e-03 3.219200768491835285e-02 5.696769894534995521e-02 -7.627205731832138909e-03 -4.715970307529162610e-03 -8.475066539923954353e-03 2.467352651515151429e-01 1.784190340909090622e-02 1.058875946969697196e-02 2.465887973484848228e-01 -4.167746212121211172e-03 3.907763033175353819e-03 2.770953978906999515e-02 -8.311177094379640709e-03 -6.855675082327113319e-03 2.418124999999999268e-03 6.707071759259258976e-03 4.433934977578474386e-03 -5.109875283446711249e-03 -1.109700534759357378e-03 2.879623188405797465e-02 1.525145978152929287e-02 -8.650029761904761555e-03 -5.572748015873015340e-03 1.891818627450980381e-02 8.237833163784331544e-03 1.598640576725024855e-03 4.943979957805907932e-02 3.811968850698174011e-02 -1.228269858541894194e-03 -1.452949616648412101e-02 -3.811302428256071149e-03 2.037451205510907096e-02 6.155273809523809266e-03 2.080571597633135844e-02 1.912983970406904877e-02 -1.650328083989500852e-03 4.805719844357976729e-03 4.118386920980926513e-02 -6.066293706293706192e-03 4.187394160583941816e-02 -2.617095808383233888e-03 -1.267571884984015321e-04 2.282910399999999937e-02 9.847426356589149971e-03 -7.519543307086614878e-03 -1.361880877742947544e-03 1.844519402985074844e-02 9.836229050279329464e-03 2.947309165526676086e-02 4.428277551020408376e-02 1.844310793237971188e-02 -1.293861740166865268e-02 -8.546443298969072511e-03 -3.878961973278520058e-03 1.652523504273504043e-02 2.689435897435897213e-02 -2.466868250539956068e-03 -8.031639697950378187e-03 2.629254347826086649e-02 3.280841517857142897e-02 9.809798657718119333e-03 -8.047500000000000833e-03 -3.080915331807779212e-03 -1.291525498891352673e-02 5.150635593220330910e-04 2.037513255567337950e-02 4.127708376421923564e-02 6.335438034188034008e-03 1.078295577130527995e-03 2.459660152008686165e-02 -5.065883597883596989e-03 8.250642398286980525e-04 1.272008009153318027e-02 4.274073446327683601e-02 3.161614699331847297e-03 4.175961754780652645e-03 3.340745433789954477e-02 3.793570581257414177e-03 -1.444254237288135692e-02 -1.035388707926167273e-02 -6.196927835051546651e-03 -2.133985537190082396e-02 2.385685185185185131e-02 6.460279792746113740e-03 6.643669064748200341e-03 4.409610256410255447e-02 4.767171282051282238e-02 2.271495384615384444e-02 6.288407676348548025e-02 3.054797507788162281e-02 -1.573204833141542136e-02 -1.559970887918484439e-04 5.001919708029196887e-02 -1.136830601092896249e-02 -3.240681818181816599e-03
2.266847222222222180e-02 1.852906250000000213e-02 1.156053097345132938e-02 2.190719576719576608e-02 2.611269841269841033e-02 2.197028282828282844e-02 2.326778662420381921e-02 2.614633152173912595e-02 5.215414489311164664e-02 3.461997840172784720e-03 2.775026150627614777e-02 1.411252906976744395e-02 6.335562913907283496e-03 0.000000000000000000e+00 1.760481380563123054e-03 4.322331511839707339e-03 -5.165354185832566822e-03 -1.151045998160073712e-02 5.608209393346378323e-03 1.214094320486815322e-02 8.045765027322404617e-03 3.748208076225045260e-01 3.134747731397459491e-02 3.406130671506352181e-02 3.753537931034482966e-01 -2.331070780399274039e-02 3.057108991825612659e-02 1.723785123966942168e-02 1.159446808510638215e-02 2.945956112852664635e-02 3.057148842337376396e-02 2.888191583610188323e-02 3.278098395721924796e-02 1.846035752979414968e-02 1.813050051072523025e-02 2.066151485148514863e-02 7.237830798479087668e-02 4.699926596758818853e-02 1.576263809523809414e-02 -2.451169491525423752e-02 1.544096585365853543e-02 4.112707100591716375e-02 1.183453141091658257e-02 2.559563941299790313e-02 4.062294055201698395e-02 -2.966808964781220549e-04 1.463711578947368176e-02 2.660198907103825117e-02 4.033784738041001905e-02 1.851006795016987491e-02 2.438077647058823488e-02 1.677753459119496818e-02 3.574115671641791420e-02 1.608169491525423753e-02 1.571651069518716776e-02 4.778223328591748448e-02 1.907950142450142578e-02 1.073268181818181830e-02 2.577899848254931736e-02 2.774412371134020450e-02 8.246511976047905465e-03 9.147857142857143339e-03 2.203791784702549550e-02 2.634916445623342388e-02 1.301031088082901278e-02 2.705125000000000238e-02 4.145117139334156438e-03 6.938741496598639820e-03 7.255369458128079103e-03 1.511577036310107931e-02 2.047863966770508901e-02 -1.305232606438213976e-02 9.501531151003165393e-03 9.694725738396624617e-03 1.235853347502656463e-02 -1.689762268266084902e-02 1.228398907103825030e-02 2.460766703176341455e-03 4.215730726256983196e-02 9.541516793066088381e-03 1.378723316062176185e-02 2.904456140350877152e-02 3.175875882946518208e-02 3.172014300306435358e-02 4.503162551440329647e-02 2.613325749741468237e-02 2.241841574167507609e-02 1.230942551020407921e-01 3.854295973884657583e-02 2.534405376344085400e-02 2.760015889830508620e-02 3.221457663451232634e-02 2.584587852494574668e-03 5.745129358830145146e-03 7.989212121212120946e-03 1.285245087900723816e-02 7.976092519685038656e-03 -5.545976331360948433e-03 1.812675834970530614e-02 1.163942631058358101e-02 6.949499509322863873e-03 -6.330039177277179893e-03 9.183134182174340632e-03 2.687791380999020319e-02 4.693130693069305637e-02 -1.945305252725470710e-02 1.544371584699437091e-04 1.498932413793103470e-02 3.660717703349279390e-03 1.845731578947368626e-02 6.432500000000001585e-03
