  217 base-pairs
...     1 A-T ...
    0.0000    0.0000    0.0000
    1.0000    0.0000    0.0000
    0.0000    1.0000    0.0000
    0.0000    0.0000    1.0000
...     2 A-T ...
    0.0208   -0.1586    3.2732
    0.8160    0.5776   -0.0224
   -0.5780    0.8156   -0.0266
    0.0029    0.0346    0.9994
...     3 A-T ...
    0.1389   -0.1627    6.5482
    0.3319    0.9416   -0.0560
   -0.9432    0.3304   -0.0353
   -0.0147    0.0645    0.9978
...     4 A-T ...
    0.2472    0.0156    9.8187
   -0.2736    0.9578   -0.0884
   -0.9607   -0.2766   -0.0229
   -0.0464    0.0786    0.9958
...     5 A-T ...
    0.2419    0.3368   13.0800
   -0.7772    0.6200   -0.1077
   -0.6241   -0.7813    0.0059
   -0.0804    0.0718    0.9942
...     6 A-T ...
    0.0615    0.7086   16.3310
   -0.9929    0.0531   -0.1067
   -0.0577   -0.9975    0.0406
   -0.1043    0.0465    0.9935
...     7 A-T ...
   -0.2913    1.0201   19.5741
   -0.8412   -0.5339   -0.0858
    0.5297   -0.8454    0.0684
   -0.1091    0.0121    0.9940
...     8 A-T ...
   -0.7498    1.1827   22.8149
   -0.3780   -0.9243   -0.0528
    0.9211   -0.3812    0.0790
   -0.0931   -0.0187    0.9955
...     9 A-T ...
   -1.2086    1.1626   26.0597
    0.2257   -0.9740   -0.0197
    0.9722    0.2239    0.0685
   -0.0623   -0.0346    0.9975
...    10 A-T ...
   -1.5619    0.9936   29.3133
    0.7471   -0.6647    0.0011
    0.6641    0.7465    0.0407
   -0.0279   -0.0297    0.9992
...    11 A-T ...
   -1.7431    0.7643   32.5774
    0.9939   -0.1106    0.0021
    0.1105    0.9939    0.0060
   -0.0027   -0.0057    1.0000
...    12 A-T ...
   -1.7489    0.5857   35.8496
    0.8749    0.4840   -0.0172
   -0.4843    0.8746   -0.0229
    0.0040    0.0284    0.9996
...    13 A-T ...
   -1.6409    0.5498   39.1248
    0.4341    0.8995   -0.0496
   -0.9008    0.4328   -0.0353
   -0.0103    0.0600    0.9981
...    14 A-T ...
   -1.5226    0.6964   42.3965
   -0.1658    0.9826   -0.0832
   -0.9853   -0.1685   -0.0266
   -0.0402    0.0776    0.9962
...    15 A-T ...
   -1.5013    0.9975   45.6597
   -0.7036    0.7027   -0.1056
   -0.7067   -0.7075   -0.0001
   -0.0747    0.0746    0.9944
...    16 A-T ...
   -1.6485    1.3684   48.9124
   -0.9806    0.1631   -0.1084
   -0.1677   -0.9852    0.0345
   -0.1012    0.0521    0.9935
...    17 A-T ...
   -1.9735    1.6984   52.1566
   -0.8948   -0.4372   -0.0908
    0.4328   -0.8992    0.0645
   -0.1098    0.0184    0.9938
...    18 A-T ...
   -2.4201    1.8922   55.3974
   -0.4777   -0.8765   -0.0591
    0.8731   -0.4812    0.0786
   -0.0973   -0.0140    0.9952
...    19 A-T ...
   -2.8872    1.9044   58.6410
    0.1167   -0.9929   -0.0251
    0.9908    0.1146    0.0718
   -0.0684   -0.0332    0.9971
...    20 A-T ...
   -3.2659    1.7569   61.8928
    0.6690   -0.7432   -0.0013
    0.7425    0.6683    0.0466
   -0.0338   -0.0321    0.9989
...    21 A-T ...
   -3.4803    1.5304   65.1550
    0.9755   -0.2198    0.0035
    0.2197    0.9755    0.0122
   -0.0061   -0.0111    0.9999
...    22 A-T ...
   -3.5149    1.3347   68.4261
    0.9231    0.3844   -0.0125
   -0.3846    0.9229   -0.0187
    0.0043    0.0220    0.9997
...    23 A-T ...
   -3.4205    1.2684   71.7012
    0.5310    0.8462   -0.0433
   -0.8473    0.5299   -0.0346
   -0.0063    0.0551    0.9985
...    24 A-T ...
   -3.2956    1.3823   74.9740
   -0.0560    0.9954   -0.0777
   -0.9978   -0.0584   -0.0297
   -0.0341    0.0759    0.9965
...    25 A-T ...
   -3.2501    1.6605   78.2390
   -0.6213    0.7768   -0.1028
   -0.7806   -0.6251   -0.0058
   -0.0688    0.0767    0.9947
...    26 A-T ...
   -3.3643    2.0268   81.4935
   -0.9563    0.2711   -0.1095
   -0.2757   -0.9608    0.0283
   -0.0976    0.0572    0.9936
...    27 A-T ...
   -3.6598    2.3722   84.7390
   -0.9374   -0.3350   -0.0953
    0.3306   -0.9419    0.0600
   -0.1098    0.0247    0.9936
...    28 A-T ...
   -4.0911    2.5956   87.9799
   -0.5715   -0.8180   -0.0653
    0.8143   -0.5752    0.0776
   -0.1010   -0.0089    0.9948
...    29 A-T ...
   -4.5629    2.6408   91.2226
    0.0063   -0.9995   -0.0308
    0.9972    0.0040    0.0746
   -0.0744   -0.0311    0.9967
...    30 A-T ...
   -4.9645    2.5175   94.4726
    0.5828   -0.8126   -0.0043
    0.8116    0.5818    0.0521
   -0.0398   -0.0339    0.9986
...    31 A-T ...
   -5.2116    2.2974   97.7330
    0.9453   -0.3263    0.0042
    0.3261    0.9451    0.0185
   -0.0100   -0.0161    0.9998
...    32 A-T ...
   -5.2765    2.0881  101.0028
    0.9600    0.2800   -0.0082
   -0.2801    0.9599   -0.0140
    0.0040    0.0157    0.9999
...    33 A-T ...
   -5.1990    1.9930  104.2776
    0.6214    0.7826   -0.0372
   -0.7835    0.6205   -0.0332
   -0.0029    0.0497    0.9988
...    34 A-T ...
   -5.0713    2.0737  107.5512
    0.0546    0.9959   -0.0718
   -0.9981    0.0524   -0.0321
   -0.0282    0.0735    0.9969
...    35 A-T ...
   -5.0042    2.3265  110.8179
   -0.5313    0.8413   -0.0995
   -0.8449   -0.5349   -0.0112
   -0.0626    0.0781    0.9950
...    36 A-T ...
   -5.0862    2.6845  114.0744
   -0.9202    0.3758   -0.1099
   -0.3802   -0.9246    0.0220
   -0.0934    0.0620    0.9937
...    37 A-T ...
   -5.3506    3.0419  117.3212
   -0.9684   -0.2288   -0.0992
    0.2242   -0.9730    0.0550
   -0.1091    0.0310    0.9935
...    38 A-T ...
   -5.7635    3.2931  120.5625
   -0.6583   -0.7494   -0.0714
    0.7456   -0.6621    0.0758
   -0.1041   -0.0033    0.9946
...    39 A-T ...
   -6.2362    3.3716  123.8044
   -0.1042   -0.9939   -0.0367
    0.9913   -0.1067    0.0767
   -0.0801   -0.0284    0.9964
...    40 A-T ...
   -6.6579    3.2749  127.0528
    0.4894   -0.8720   -0.0080
    0.8708    0.4882    0.0573
   -0.0461   -0.0350    0.9983
...    41 A-T ...
   -6.9368    3.0648  130.3113
    0.9034   -0.4288    0.0043
    0.4286    0.9032    0.0248
   -0.0145   -0.0206    0.9997
...    42 A-T ...
   -7.0334    2.8452  133.5796
    0.9850    0.1722   -0.0046
   -0.1723    0.9850   -0.0088
    0.0030    0.0094    1.0000
...    43 A-T ...
   -6.9758    2.7235  136.8539
    0.7042    0.7093   -0.0312
   -0.7100    0.7035   -0.0311
   -0.0001    0.0440    0.9990
...    44 A-T ...
   -6.8490    2.7708  140.1283
    0.1646    0.9842   -0.0658
   -0.9861    0.1626   -0.0339
   -0.0227    0.0704    0.9973
...    45 A-T ...
   -6.7634    2.9960  143.3965
   -0.4348    0.8954   -0.0956
   -0.8988   -0.4381   -0.0161
   -0.0563    0.0789    0.9953
...    46 A-T ...
   -6.8142    3.3422  146.6549
   -0.8727    0.4758   -0.1096
   -0.4802   -0.8770    0.0156
   -0.0887    0.0662    0.9939
...    47 A-T ...
   -7.0463    3.7081  149.9032
   -0.9875   -0.1198   -0.1026
    0.1152   -0.9921    0.0497
   -0.1078    0.0372    0.9935
...    48 A-T ...
   -7.4378    3.9848  153.1451
   -0.7369   -0.6716   -0.0773
    0.6676   -0.7409    0.0734
   -0.1066    0.0025    0.9943
...    49 A-T ...
   -7.9078    4.0966  156.3864
   -0.2133   -0.9760   -0.0429
    0.9732   -0.2161    0.0781
   -0.0855   -0.0251    0.9960
...    50 A-T ...
   -8.3466    4.0285  159.6333
    0.3900   -0.9207   -0.0122
    0.9193    0.3886    0.0620
   -0.0524   -0.0354    0.9980
...    51 A-T ...
   -8.6559    3.8319  162.8899
    0.8504   -0.5261    0.0036
    0.5257    0.8501    0.0311
   -0.0194   -0.0246    0.9995
...    52 A-T ...
   -8.7851    3.6057  166.1566
    0.9981    0.0623   -0.0015
   -0.0623    0.9981   -0.0033
    0.0013    0.0033    1.0000
...    53 A-T ...
   -8.7504    3.4596  169.4303
    0.7784    0.6273   -0.0255
   -0.6278    0.7779   -0.0284
    0.0020    0.0381    0.9993
...    54 A-T ...
   -8.6281    3.4738  172.7051
    0.2725    0.9603   -0.0595
   -0.9620    0.2708   -0.0350
   -0.0175    0.0668    0.9976
...    55 A-T ...
   -8.5270    3.6695  175.9748
   -0.3329    0.9386   -0.0911
   -0.9416   -0.3360   -0.0206
   -0.0500    0.0789    0.9956
...    56 A-T ...
   -8.5482    4.0006  179.2351
   -0.8144    0.5700   -0.1085
   -0.5742   -0.8186    0.0094
   -0.0835    0.0700    0.9940
...    57 A-T ...
   -8.7474    4.3713  182.4851
   -0.9944   -0.0093   -0.1054
    0.0047   -0.9990    0.0440
   -0.1057    0.0432    0.9935
...    58 A-T ...
   -9.1148    4.6711  185.7277
   -0.8064   -0.5856   -0.0828
    0.5814   -0.8106    0.0704
   -0.1084    0.0086    0.9941
...    59 A-T ...
   -9.5784    4.8156  188.9686
   -0.3197   -0.9462   -0.0492
    0.9432   -0.3228    0.0789
   -0.0905   -0.0212    0.9957
...    60 A-T ...
  -10.0310    4.7778  192.2141
    0.2859   -0.9581   -0.0169
    0.9565    0.2842    0.0663
   -0.0587   -0.0351    0.9977
...    61 A-T ...
  -10.3690    4.5980  195.4688
    0.7871   -0.6169    0.0022
    0.6164    0.7866    0.0373
   -0.0248   -0.0280    0.9993
...    62 A-T ...
  -10.5314    4.3688  198.7339
    0.9988   -0.0484    0.0010
    0.0484    0.9988    0.0026
   -0.0011   -0.0025    1.0000
...    63 A-T ...
  -10.5220    4.2010  202.0067
    0.8430    0.5375   -0.0201
   -0.5379    0.8427   -0.0250
    0.0035    0.0319    0.9995
...    64 A-T ...
  -10.4078    4.1829  205.2817
    0.3772    0.9246   -0.0532
   -0.9261    0.3757   -0.0354
   -0.0127    0.0626    0.9980
...    65 A-T ...
  -10.2948    4.3475  208.5528
   -0.2269    0.9701   -0.0862
   -0.9729   -0.2297   -0.0246
   -0.0437    0.0783    0.9960
...    66 A-T ...
  -10.2881    4.6603  211.8149
   -0.7461    0.6572   -0.1068
   -0.6612   -0.7502    0.0033
   -0.0780    0.0731    0.9943
...    67 A-T ...
  -10.4540    5.0321  215.0666
   -0.9890    0.1013   -0.1075
   -0.1059   -0.9936    0.0380
   -0.1030    0.0490    0.9935
...    68 A-T ...
  -10.7949    5.3521  218.3102
   -0.8659   -0.4924   -0.0880
    0.4881   -0.8703    0.0667
   -0.1095    0.0148    0.9939
...    69 A-T ...
  -11.2487    5.5285  221.5510
   -0.4222   -0.9048   -0.0555
    0.9015   -0.4255    0.0789
   -0.0950   -0.0167    0.9953
...    70 A-T ...
  -11.7115    5.5224  224.7953
    0.1783   -0.9837   -0.0220
    0.9818    0.1764    0.0700
   -0.0650   -0.0341    0.9973
...    71 A-T ...
  -12.0762    5.3625  228.0481
    0.7141   -0.7001    0.0002
    0.6994    0.7134    0.0433
   -0.0304   -0.0308    0.9991
...    72 A-T ...
  -12.2720    5.1339  231.3114
    0.9874   -0.1585    0.0028
    0.1585    0.9873    0.0087
   -0.0041   -0.0081    1.0000
...    73 A-T ...
  -12.2901    4.9474  234.5831
    0.8973    0.4411   -0.0151
   -0.4414    0.8971   -0.0211
    0.0042    0.0256    0.9997
...    74 A-T ...
  -12.1877    4.8981  237.8583
    0.4772    0.8775   -0.0469
   -0.8788    0.4760   -0.0351
   -0.0085    0.0579    0.9983
...    75 A-T ...
  -12.0660    5.0305  241.1304
   -0.1180    0.9897   -0.0808
   -0.9923   -0.1206   -0.0280
   -0.0375    0.0769    0.9963
...    76 A-T ...
  -12.0338    5.3219  244.3944
   -0.6686    0.7362   -0.1045
   -0.7401   -0.6725   -0.0026
   -0.0722    0.0756    0.9945
...    77 A-T ...
  -12.1665    5.6912  247.6480
   -0.9715    0.2106   -0.1090
   -0.2152   -0.9761    0.0318
   -0.0997    0.0544    0.9935
...    78 A-T ...
  -12.4788    6.0284  250.8927
   -0.9148   -0.3931   -0.0928
    0.3887   -0.9192    0.0626
   -0.1099    0.0212    0.9937
...    79 A-T ...
  -12.9192    6.2353  254.1335
   -0.5195   -0.8522   -0.0618
    0.8487   -0.5230    0.0782
   -0.0990   -0.0118    0.9950
...    80 A-T ...
  -13.3887    6.2619  257.3767
    0.0685   -0.9973   -0.0275
    0.9951    0.0664    0.0731
   -0.0711   -0.0324    0.9969
...    81 A-T ...
  -13.7779    6.1246  260.6277
    0.6323   -0.7747   -0.0025
    0.7739    0.6314    0.0490
   -0.0364   -0.0330    0.9988
...    82 A-T ...
  -14.0066    5.9005  263.8891
    0.9638   -0.2667    0.0039
    0.2666    0.9637    0.0149
   -0.0077   -0.0133    0.9999
...    83 A-T ...
  -14.0542    5.6984  267.1597
    0.9406    0.3393   -0.0106
   -0.3394    0.9405   -0.0167
    0.0043    0.0193    0.9998
...    84 A-T ...
  -13.9668    5.6194  270.4347
    0.5714    0.8197   -0.0406
   -0.8207    0.5704   -0.0341
   -0.0047    0.0528    0.9986
...    85 A-T ...
  -13.8403    5.7187  273.7078
   -0.0077    0.9971   -0.0752
   -0.9995   -0.0100   -0.0308
   -0.0315    0.0749    0.9967
...    86 A-T ...
  -13.7850    5.9862  276.9736
   -0.5829    0.8062   -0.1014
   -0.8099   -0.5865   -0.0082
   -0.0661    0.0774    0.9948
...    87 A-T ...
  -13.8850    6.3493  280.2290
   -0.9419    0.3174   -0.1098
   -0.3219   -0.9464    0.0255
   -0.0958    0.0594    0.9936
...    88 A-T ...
  -14.1670    6.7004  283.4750
   -0.9524   -0.2890   -0.0971
    0.2845   -0.9569    0.0579
   -0.1096    0.0275    0.9936
...    89 A-T ...
  -14.5907    6.9361  286.7160
   -0.6104   -0.7892   -0.0680
    0.7855   -0.6141    0.0769
   -0.1024   -0.0065    0.9947
...    90 A-T ...
  -15.0633    6.9959  289.9584
   -0.0421   -0.9986   -0.0333
    0.9961   -0.0445    0.0756
   -0.0770   -0.0300    0.9966
...    91 A-T ...
  -15.4741    6.8839  293.2077
    0.5428   -0.8399   -0.0058
    0.8388    0.5417    0.0544
   -0.0426   -0.0344    0.9985
...    92 A-T ...
  -15.7352    6.6678  296.4672
    0.9284   -0.3716    0.0043
    0.3715    0.9282    0.0212
   -0.0119   -0.0181    0.9998
...    93 A-T ...
  -15.8138    6.4535  299.7364
    0.9724    0.2333   -0.0066
   -0.2333    0.9723   -0.0118
    0.0036    0.0130    0.9999
...    94 A-T ...
  -15.7447    6.3466  303.0110
    0.6586    0.7517   -0.0345
   -0.7525    0.6578   -0.0324
   -0.0016    0.0473    0.9989
...    95 A-T ...
  -15.6169    6.4126  306.2850
    0.1028    0.9923   -0.0692
   -0.9944    0.1007   -0.0330
   -0.0258    0.0722    0.9971
...    96 A-T ...
  -15.5414    6.6536  309.5524
   -0.4899    0.8663   -0.0978
   -0.8697   -0.4933   -0.0134
   -0.0599    0.0785    0.9951
...    97 A-T ...
  -15.6095    7.0069  312.8097
   -0.9008    0.4202   -0.1098
   -0.4246   -0.9052    0.0192
   -0.0914    0.0639    0.9938
...    98 A-T ...
  -15.8599    7.3684  316.0571
   -0.9782   -0.1814   -0.1008
    0.1768   -0.9828    0.0527
   -0.1086    0.0338    0.9935
...    99 A-T ...
  -16.2638    7.6311  319.2987
   -0.6937   -0.7165   -0.0740
    0.7126   -0.6976    0.0749
   -0.1053   -0.0008    0.9944
...   100 A-T ...
  -16.7358    7.7242  322.5403
   -0.1521   -0.9876   -0.0394
    0.9849   -0.1548    0.0774
   -0.0825   -0.0270    0.9962
...   101 T-A ...
  -17.5746    7.6081  325.8702
    0.3783   -0.9252    0.0297
    0.9217    0.3795    0.0801
   -0.0854   -0.0029    0.9963
...   102 T-A ...
  -18.0053    7.3717  329.1103
    0.8420   -0.5356    0.0652
    0.5302    0.8437    0.0835
   -0.0997   -0.0357    0.9944
...   103 T-A ...
  -18.3233    6.9820  332.3486
    0.9941    0.0509    0.0961
   -0.0574    0.9962    0.0657
   -0.0924   -0.0708    0.9932
...   104 C-G ...
  -18.2488    6.8088  335.7043
    0.7867    0.6144    0.0601
   -0.6170    0.7857    0.0444
   -0.0199   -0.0720    0.9972
...   105 G-C ...
  -18.7124    6.9891  339.2054
    0.3008    0.9537    0.0032
   -0.9534    0.3006    0.0248
    0.0227   -0.0105    0.9997
...   106 T-A ...
  -18.0825    6.7535  342.5781
   -0.2424    0.9702    0.0035
   -0.9696   -0.2424    0.0345
    0.0344    0.0050    0.9994
...   107 C-G ...
  -18.1040    7.1358  345.9173
   -0.7540    0.6560   -0.0339
   -0.6565   -0.7509    0.0718
    0.0217    0.0764    0.9968
...   108 T-A ...
  -17.8760    7.6669  349.2606
   -0.9901    0.1359   -0.0343
   -0.1390   -0.9831    0.1189
   -0.0176    0.1225    0.9923
...   109 T-A ...
  -18.0524    8.3108  352.4689
   -0.8882   -0.4581    0.0353
    0.4579   -0.8759    0.1519
   -0.0386    0.1511    0.9878
...   110 C-G ...
  -18.5058    8.5996  355.7867
   -0.4640   -0.8838    0.0599
    0.8796   -0.4516    0.1495
   -0.1051    0.1221    0.9869
...   111 G-C ...
  -18.3392    8.8006  359.3133
    0.1218   -0.9906    0.0631
    0.9855    0.1283    0.1115
   -0.1185    0.0486    0.9918
...   112 G-C ...
  -19.1092    8.6914  362.5343
    0.6479   -0.7603    0.0476
    0.7570    0.6495    0.0713
   -0.0851   -0.0101    0.9963
...   113 C-G ...
  -19.4175    8.5874  365.8993
    0.9630   -0.2605    0.0684
    0.2586    0.9653    0.0354
   -0.0753   -0.0164    0.9970
...   114 A-T ...
  -19.6644    8.7139  369.2765
    0.9394    0.3420   -0.0229
   -0.3416    0.9396    0.0201
    0.0284   -0.0111    0.9995
...   115 A-T ...
  -19.4979    8.5357  372.5445
    0.5686    0.8221   -0.0294
   -0.8224    0.5690    0.0031
    0.0193    0.0225    0.9996
...   116 T-A ...
  -18.9168    8.3899  375.9278
    0.0606    0.9982   -0.0002
   -0.9981    0.0606    0.0113
    0.0113   -0.0005    0.9999
...   117 T-A ...
  -18.6440    8.5263  379.1907
   -0.5276    0.8495    0.0010
   -0.8486   -0.5271    0.0448
    0.0386    0.0228    0.9990
...   118 A-T ...
  -18.6516    8.6779  382.5274
   -0.9273    0.3696   -0.0597
   -0.3731   -0.9256    0.0640
   -0.0316    0.0816    0.9962
...   119 A-T ...
  -18.7152    9.0995  385.7767
   -0.9714   -0.2348   -0.0341
    0.2325   -0.9707    0.0602
   -0.0472    0.0506    0.9976
...   120 A-T ...
  -18.9268    9.4141  389.0318
   -0.6573   -0.7535   -0.0153
    0.7524   -0.6573    0.0423
   -0.0419    0.0163    0.9990
...   121 A-T ...
  -19.1971    9.5560  392.2947
   -0.1008   -0.9948   -0.0104
    0.9947   -0.1010    0.0168
   -0.0178   -0.0087    0.9998
...   122 A-T ...
  -19.4152    9.5229  395.5644
    0.4927   -0.8699   -0.0212
    0.8700    0.4929   -0.0068
    0.0164   -0.0151    0.9998
...   123 A-T ...
  -19.4894    9.3773  398.8374
    0.9042   -0.4248   -0.0436
    0.4243    0.9053   -0.0199
    0.0479   -0.0005    0.9989
...   124 A-T ...
  -19.3810    9.2232  402.1091
    0.9819    0.1763   -0.0694
   -0.1779    0.9839   -0.0176
    0.0652    0.0296    0.9974
...   125 A-T ...
  -19.1190    9.1676  405.3752
    0.6970    0.7115   -0.0891
   -0.7144    0.6998   -0.0007
    0.0619    0.0641    0.9960
...   126 A-T ...
  -18.7887    9.2814  408.6337
    0.1548    0.9833   -0.0954
   -0.9872    0.1577    0.0245
    0.0391    0.0904    0.9951
...   127 A-T ...
  -18.5009    9.5727  411.8851
   -0.4448    0.8915   -0.0860
   -0.8956   -0.4422    0.0487
    0.0054    0.0987    0.9951
...   128 A-T ...
  -18.3505    9.9843  415.1328
   -0.8804    0.4699   -0.0643
   -0.4735   -0.8786    0.0629
   -0.0269    0.0859    0.9959
...   129 A-T ...
  -18.3819   10.4145  418.3814
   -0.9913   -0.1260   -0.0384
    0.1235   -0.9904    0.0621
   -0.0459    0.0568    0.9973
...   130 A-T ...
  -18.5722   10.7548  421.6353
   -0.7366   -0.6761   -0.0178
    0.6749   -0.7364    0.0463
   -0.0444    0.0221    0.9988
...   131 A-T ...
  -18.8401   10.9298  424.8967
   -0.2102   -0.9776   -0.0101
    0.9774   -0.2104    0.0215
   -0.0232   -0.0054    0.9997
...   132 A-T ...
  -19.0754   10.9253  428.1654
    0.3935   -0.9191   -0.0182
    0.9193    0.3937   -0.0031
    0.0101   -0.0155    0.9998
...   133 A-T ...
  -19.1801   10.7930  431.4381
    0.8519   -0.5223   -0.0390
    0.5220    0.8528   -0.0186
    0.0430   -0.0045    0.9991
...   134 A-T ...
  -19.1044   10.6321  434.7104
    0.9957    0.0665   -0.0650
   -0.0678    0.9975   -0.0192
    0.0635    0.0235    0.9977
...   135 A-T ...
  -18.8650   10.5521  437.9778
    0.7719    0.6299   -0.0864
   -0.6326    0.7745   -0.0046
    0.0640    0.0582    0.9963
...   136 A-T ...
  -18.5391   10.6328  441.2377
    0.2630    0.9601   -0.0954
   -0.9638    0.2660    0.0197
    0.0443    0.0868    0.9952
...   137 A-T ...
  -18.2356   10.8946  444.4902
   -0.3430    0.9351   -0.0888
   -0.9392   -0.3403    0.0448
    0.0117    0.0987    0.9950
...   138 A-T ...
  -18.0555   11.2912  447.7382
   -0.8227    0.5643   -0.0688
   -0.5681   -0.8207    0.0614
   -0.0218    0.0896    0.9957
...   139 A-T ...
  -18.0539   11.7265  450.9863
   -0.9990   -0.0156   -0.0430
    0.0128   -0.9979    0.0634
   -0.0439    0.0628    0.9971
...   140 A-T ...
  -18.2202   12.0899  454.2390
   -0.8068   -0.5905   -0.0207
    0.5891   -0.8065    0.0500
   -0.0463    0.0282    0.9985
...   141 A-T ...
  -18.4819   12.2977  457.4990
   -0.3170   -0.9484   -0.0104
    0.9480   -0.3172    0.0263
   -0.0282   -0.0015    0.9996
...   142 A-T ...
  -18.7312   12.3234  460.7665
    0.2895   -0.9570   -0.0157
    0.9572    0.2895    0.0009
    0.0037   -0.0152    0.9999
...   143 A-T ...
  -18.8649   12.2078  464.0389
    0.7890   -0.6134   -0.0347
    0.6132    0.7898   -0.0168
    0.0377   -0.0080    0.9993
...   144 A-T ...
  -18.8224   12.0436  467.3116
    0.9972   -0.0442   -0.0604
    0.0430    0.9989   -0.0202
    0.0612    0.0176    0.9980
...   145 A-T ...
  -18.6082   11.9419  470.5801
    0.8372    0.5405   -0.0833
   -0.5430    0.8397   -0.0081
    0.0655    0.0520    0.9965
...   146 A-T ...
  -18.2902   11.9902  473.8414
    0.3681    0.9249   -0.0950
   -0.9285    0.3710    0.0150
    0.0491    0.0826    0.9954
...   147 A-T ...
  -17.9745   12.2211  477.0951
   -0.2371    0.9672   -0.0911
   -0.9713   -0.2343    0.0407
    0.0180    0.0981    0.9950
...   148 A-T ...
  -17.7664   12.5995  480.3437
   -0.7549    0.6517   -0.0731
   -0.6556   -0.7527    0.0594
   -0.0163    0.0928    0.9956
...   149 A-T ...
  -17.7315   13.0361  483.5914
   -0.9943    0.0950   -0.0476
   -0.0979   -0.9931    0.0642
   -0.0412    0.0685    0.9968
...   150 A-T ...
  -17.8714   13.4199  486.8429
   -0.8670   -0.4977   -0.0241
    0.4960   -0.8667    0.0534
   -0.0474    0.0344    0.9983
...   151 A-T ...
  -18.1234   13.6596  490.1015
   -0.4199   -0.9075   -0.0111
    0.9070   -0.4201    0.0309
   -0.0328    0.0029    0.9995
...   152 A-T ...
  -18.3832   13.7169  493.3678
    0.1819   -0.9832   -0.0136
    0.9833    0.1819    0.0051
   -0.0026   -0.0143    0.9999
...   153 A-T ...
  -18.5437   13.6209  496.6396
    0.7165   -0.6969   -0.0305
    0.6969    0.7171   -0.0146
    0.0320   -0.0108    0.9994
...   154 A-T ...
  -18.5346   13.4573  499.9126
    0.9865   -0.1543   -0.0557
    0.1533    0.9880   -0.0208
    0.0582    0.0120    0.9982
...   155 A-T ...
  -18.3479   13.3367  503.1822
    0.8922    0.4445   -0.0798
   -0.4467    0.8946   -0.0113
    0.0663    0.0457    0.9967
...   156 A-T ...
  -18.0414   13.3537  506.4449
    0.4686    0.8784   -0.0939
   -0.8818    0.4715    0.0104
    0.0534    0.0780    0.9955
...   157 A-T ...
  -17.7169   13.5525  509.6999
   -0.1282    0.9874   -0.0929
   -0.9915   -0.1253    0.0363
    0.0242    0.0968    0.9950
...   158 A-T ...
  -17.4830   13.9097  512.9491
   -0.6778    0.7312   -0.0771
   -0.7351   -0.6755    0.0569
   -0.0105    0.0953    0.9954
...   159 A-T ...
  -17.4149   14.3439  516.1966
   -0.9775    0.2043   -0.0523
   -0.2075   -0.9761    0.0645
   -0.0379    0.0739    0.9965
...   160 A-T ...
  -17.5263   14.7450  519.4471
   -0.9166   -0.3988   -0.0277
    0.3968   -0.9162    0.0564
   -0.0479    0.0407    0.9980
...   161 A-T ...
  -17.7651   15.0153  522.7043
   -0.5177   -0.8555   -0.0124
    0.8548   -0.5178    0.0355
   -0.0368    0.0078    0.9993
...   162 A-T ...
  -18.0318   15.1052  525.9693
    0.0721   -0.9973   -0.0119
    0.9974    0.0720    0.0096
   -0.0087   -0.0126    0.9999
...   163 A-T ...
  -18.2170   15.0318  529.2404
    0.6351   -0.7720   -0.0266
    0.7720    0.6355   -0.0119
    0.0261   -0.0130    0.9996
...   164 A-T ...
  -18.2409   14.8724  532.5136
    0.9636   -0.2625   -0.0509
    0.2618    0.9649   -0.0209
    0.0546    0.0068    0.9985
...   165 A-T ...
  -18.0836   14.7361  535.7841
    0.9363    0.3430   -0.0759
   -0.3449    0.9385   -0.0141
    0.0664    0.0394    0.9970
...   166 A-T ...
  -17.7920   14.7233  539.0481
    0.5633    0.8211   -0.0924
   -0.8243    0.5661    0.0059
    0.0572    0.0729    0.9957
...   167 A-T ...
  -17.4624   14.8891  542.3044
   -0.0178    0.9954   -0.0943
   -0.9994   -0.0148    0.0318
    0.0302    0.0948    0.9950
...   168 A-T ...
  -17.2052   15.2225  545.5544
   -0.5924    0.8016   -0.0809
   -0.8056   -0.5900    0.0540
   -0.0044    0.0971    0.9953
...   169 A-T ...
  -17.1042   15.6507  548.8018
   -0.9487    0.3111   -0.0571
   -0.3145   -0.9471    0.0643
   -0.0340    0.0790    0.9963
...   170 A-T ...
  -17.1855   16.0658  552.0515
   -0.9550   -0.2949   -0.0317
    0.2928   -0.9544    0.0590
   -0.0476    0.0470    0.9978
...   171 A-T ...
  -17.4077   16.3651  555.3074
   -0.6091   -0.7930   -0.0141
    0.7921   -0.6091    0.0399
   -0.0403    0.0131    0.9991
...   172 A-T ...
  -17.6778   16.4881  558.5710
   -0.0386   -0.9992   -0.0108
    0.9991   -0.0388    0.0142
   -0.0146   -0.0103    0.9998
...   173 A-T ...
  -17.8848   16.4398  561.8413
    0.5459   -0.8375   -0.0230
    0.8376    0.5462   -0.0088
    0.0199   -0.0145    0.9997
...   174 A-T ...
  -17.9412   16.2883  565.1144
    0.9288   -0.3676   -0.0462
    0.3670    0.9300   -0.0204
    0.0505    0.0020    0.9987
...   175 A-T ...
  -17.8149   16.1396  568.3857
    0.9688    0.2372   -0.0718
   -0.2389    0.9709   -0.0165
    0.0658    0.0331    0.9973
...   176 A-T ...
  -17.5413   16.0989  571.6511
    0.6511    0.7536   -0.0904
   -0.7566    0.6539    0.0016
    0.0603    0.0674    0.9959
...   177 A-T ...
  -17.2102   16.2314  574.9088
    0.0929    0.9911   -0.0952
   -0.9950    0.0959    0.0271
    0.0360    0.0922    0.9951
...   178 A-T ...
  -16.9326   16.5384  578.1596
   -0.4997    0.8621   -0.0842
   -0.8662   -0.4972    0.0507
    0.0018    0.0983    0.9952
...   179 A-T ...
  -16.7997   16.9570  581.4072
   -0.9081    0.4141   -0.0617
   -0.4176   -0.9064    0.0636
   -0.0296    0.0835    0.9961
...   180 A-T ...
  -16.8493   17.3828  584.6562
   -0.9816   -0.1875   -0.0359
    0.1851   -0.9808    0.0611
   -0.0467    0.0533    0.9975
...   181 A-T ...
  -17.0520   17.7089  587.9107
   -0.6930   -0.7207   -0.0164
    0.7196   -0.6929    0.0441
   -0.0431    0.0188    0.9989
...   182 A-T ...
  -17.3216   17.8653  591.1730
   -0.1489   -0.9888   -0.0102
    0.9887   -0.1490    0.0189
   -0.0202   -0.0073    0.9998
...   183 A-T ...
  -17.5476   17.8444  594.4422
    0.4500   -0.8928   -0.0198
    0.8929    0.4502   -0.0053
    0.0136   -0.0153    0.9998
...   184 A-T ...
  -17.6353   17.7043  597.7152
    0.8827   -0.4681   -0.0416
    0.4677    0.8837   -0.0194
    0.0458   -0.0023    0.9989
...   185 A-T ...
  -17.5412   17.5467  600.9871
    0.9894    0.1285   -0.0675
   -0.1300    0.9913   -0.0183
    0.0646    0.0269    0.9976
...   186 A-T ...
  -17.2887   17.4802  604.2538
    0.7308    0.6768   -0.0880
   -0.6796    0.7335   -0.0024
    0.0629    0.0616    0.9961
...   187 A-T ...
  -16.9599   17.5794  607.5129
    0.2024    0.9746   -0.0955
   -0.9784    0.2054    0.0224
    0.0414    0.0889    0.9952
...   188 A-T ...
  -16.6648   17.8581  610.7648
   -0.4009    0.9119   -0.0872
   -0.9161   -0.3982    0.0470
    0.0081    0.0988    0.9951
...   189 A-T ...
  -16.5012   18.2635  614.0126
   -0.8565    0.5119   -0.0663
   -0.5156   -0.8546    0.0623
   -0.0248    0.0876    0.9959
...   190 A-T ...
  -16.5183   18.6964  617.2610
   -0.9961   -0.0778   -0.0404
    0.0752   -0.9952    0.0627
   -0.0451    0.0594    0.9972
...   191 A-T ...
  -16.6984   19.0471  620.5143
   -0.7684   -0.6397   -0.0190
    0.6384   -0.7682    0.0480
   -0.0453    0.0247    0.9987
...   192 A-T ...
  -16.9640   19.2366  623.7751
   -0.2573   -0.9663   -0.0102
    0.9660   -0.2575    0.0236
   -0.0254   -0.0038    0.9997
...   193 A-T ...
  -17.2059   19.2451  627.0433
    0.3486   -0.9371   -0.0170
    0.9372    0.3487   -0.0014
    0.0073   -0.0155    0.9999
...   194 A-T ...
  -17.3235   19.1196  630.3159
    0.8257   -0.5629   -0.0371
    0.5627    0.8265   -0.0179
    0.0407   -0.0061    0.9992
...   195 A-T ...
  -17.2622   18.9569  633.5884
    0.9979    0.0181   -0.0630
   -0.0194    0.9996   -0.0197
    0.0626    0.0209    0.9978
...   196 A-T ...
  -17.0336   18.8670  636.8563
    0.8016    0.5917   -0.0851
   -0.5943    0.8042   -0.0062
    0.0648    0.0555    0.9964
...   197 A-T ...
  -16.7106   18.9335  640.1168
    0.3094    0.9461   -0.0953
   -0.9498    0.3124    0.0177
    0.0465    0.0850    0.9953
...   198 A-T ...
  -16.4014   19.1819  643.3698
   -0.2972    0.9506   -0.0898
   -0.9547   -0.2944    0.0430
    0.0145    0.0986    0.9950
...   199 A-T ...
  -16.2088   19.5710  646.6180
   -0.7943    0.6034   -0.0707
   -0.6073   -0.7922    0.0606
   -0.0195    0.0911    0.9957
...   200 A-T ...
  -16.1927   20.0072  649.8660
   -0.9984    0.0328   -0.0450
   -0.0356   -0.9973    0.0638
   -0.0428    0.0653    0.9969
...   201 A-T ...
  -16.3477   20.3800  653.1181
   -0.8344   -0.5508   -0.0221
    0.5492   -0.8341    0.0516
   -0.0469    0.0309    0.9984
...   202 A-T ...
  -16.6056   20.6018  656.3775
   -0.3626   -0.9319   -0.0106
    0.9315   -0.3627    0.0283
   -0.0302    0.0004    0.9995
...   203 A-T ...
  -16.8599   20.6412  659.6445
    0.2429   -0.9699   -0.0147
    0.9701    0.2429    0.0027
    0.0010   -0.0149    0.9999
...   204 A-T ...
  -17.0056   20.5338  662.9166
    0.7585   -0.6509   -0.0328
    0.6507    0.7591   -0.0159
    0.0352   -0.0093    0.9993
...   205 A-T ...
  -16.9777   20.3694  666.1895
    0.9940   -0.0924   -0.0583
    0.0914    0.9956   -0.0206
    0.0600    0.0151    0.9981
...   206 A-T ...
  -16.7753   20.2590  669.4585
    0.8626    0.4993   -0.0818
   -0.5016    0.8650   -0.0096
    0.0660    0.0493    0.9966
...   207 A-T ...
  -16.4619   20.2936  672.7204
    0.4126    0.9060   -0.0946
   -0.9095    0.4156    0.0130
    0.0511    0.0807    0.9954
...   208 A-T ...
  -16.1419   20.5105  675.9747
   -0.1898    0.9775   -0.0920
   -0.9816   -0.1869    0.0388
    0.0207    0.0976    0.9950
...   209 A-T ...
  -15.9222   20.8800  679.2235
   -0.7223    0.6875   -0.0749
   -0.6914   -0.7201    0.0584
   -0.0138    0.0939    0.9955
...   210 A-T ...
  -15.8727   21.3160  682.4711
   -0.9885    0.1430   -0.0497
   -0.1460   -0.9872    0.0644
   -0.0398    0.0709    0.9967
...   211 A-T ...
  -16.0005   21.7078  685.7222
   -0.8901   -0.4551   -0.0256
    0.4533   -0.8897    0.0548
   -0.0477    0.0371    0.9982
...   212 A-T ...
  -16.2471   21.9610  688.9802
   -0.4634   -0.8861   -0.0116
    0.8855   -0.4635    0.0330
   -0.0346    0.0050    0.9994
...   213 A-T ...
  -16.5104   22.0325  692.2459
    0.1341   -0.9909   -0.0128
    0.9909    0.1341    0.0070
   -0.0052   -0.0136    0.9999
...   214 A-T ...
  -16.6820   21.9460  695.5174
    0.6820   -0.7308   -0.0288
    0.7308    0.6825   -0.0134
    0.0294   -0.0118    0.9995
...   215 A-T ...
  -16.6874   21.7838  698.7905
    0.9779   -0.2019   -0.0536
    0.2010    0.9794   -0.0209
    0.0567    0.0097    0.9983
...   216 A-T ...
  -16.5133   21.6559  702.0605
    0.9129    0.4007   -0.0781
   -0.4028    0.9152   -0.0126
    0.0665    0.0430    0.9969
...   217 A-T ...
  -16.2129   21.6597  705.3238
    0.5107    0.8547   -0.0933
   -0.8580    0.5136    0.0084
    0.0551    0.0758    0.9956
