0.000000000000000000e+00 4.277720000000000133e-02 1.184462000000000015e-01 -5.167204000000000796e-01 -1.486555999999999989e-01 -3.836900000000000727e-02 1.066920000000002797e-02 -2.839941999999999744e-01 -3.795943999999999985e-01 -1.004284000000000149e-01 -2.656156000000000073e-01 -8.267700000000001437e-02 -2.781920000000002308e-02 -6.585339999999999250e-02 -2.483779999999999322e-02 -1.507480000000000209e-01 -1.417788000000000104e-01 -4.430629999999999291e-01 -1.727045999999999859e-01 -5.418800000000000006e-02 1.498400000000002334e-02 -5.841615999999999476e-01 -8.820220000000000837e-02 -1.656679591836734411e-01 2.101000000000002865e-02 -3.831240816326529908e-01 -4.997695918367346390e-01 -1.312128000000000183e-01 -3.334701999999999389e-01 -3.057179999999999342e-01 -5.180481999999999587e-01 -3.151428000000000007e-01 -4.834753999999999996e-01 -8.090400000000000369e-02 1.667211999999999861e-01 -4.021131999999999485e-01 1.364228000000000107e-01 -3.898873999999999396e-01 1.551187999999999734e-01 -4.233808000000000016e-01 8.234800000000031678e-03 -3.190774000000000110e-01 -1.469863999999999893e-01 -1.929326530612241949e-02 -1.262630000000000141e-01 -5.913004000000000593e-01 -2.348033999999999955e-01 -6.660059999999996816e-02 -4.376992000000000105e-01 2.214099999999999402e-02 -2.173834000000000044e-01 -2.820294000000000412e-01 -1.139381999999999756e-01 -1.508183999999999914e-01 -8.024999999999995678e-03 7.537632653061225596e-02 -1.671053999999999873e-01 -2.282362000000000279e-01 -2.137513513513513153e-01 1.208078000000000068e-01 -2.591273469387755379e-01 -2.158063265306122414e-01 3.274081632653073892e-03 -2.237714285714283852e-02 2.198897959183674505e-02 -1.998018367346938440e-01 -1.036859574468085715e-01 -4.822263999999999995e-01 -2.605951999999999713e-01 -2.503090476190475977e-01
4.277720000000000133e-02 0.000000000000000000e+00 7.129883928571427720e-01 -2.811325000000000074e-01 -2.296928571428570945e-02 7.747657142857142798e-01 7.539358928571429086e-01 -1.916966071428571339e-01 4.797605357142856741e-01 6.463066071428570369e-01 -2.861560714285714124e-01 6.438767857142858875e-02 7.803519642857141836e-01 7.516073214285714510e-01 5.774432142857143235e-01 -6.498214285714286331e-02 -9.924017857142856947e-02 3.406178571428571111e-02 -1.491516071428571344e-01 -1.488639285714285776e-01 6.769353571428570193e-01 -3.361530357142857306e-01 4.918487500000000567e-01 3.876260000000000816e-01 8.137250909090906204e-01 -2.497494545454545800e-01 -6.932509090909089178e-02 6.439033928571428200e-01 -3.051408928571427981e-01 -6.522571428571427576e-02 -4.471394642857142721e-01 -8.455321428571428710e-02 -4.053799999999999626e-01 6.266801785714285478e-01 1.341066071428571871e-01 -3.321973214285714460e-01 7.000208928571429734e-01 3.967499999999999499e-02 6.350171428571428356e-01 -3.337762499999999410e-01 8.077866071428571049e-01 -6.104975000000000263e-01 -2.941407142857142554e-01 7.978432727272727343e-01 7.152089285714284816e-01 -6.574810714285714841e-01 -3.632249999999998674e-02 7.003985714285713149e-01 -3.007321428571428368e-01 1.960892857142858964e-02 -3.204689285714285574e-01 3.704517857142857612e-02 -2.767273214285714267e-01 -4.620589285714284122e-02 -1.719969642857142600e-01 8.006156363636359741e-01 5.584942857142857209e-01 -5.469423214285713541e-01 8.314609302325581819e-01 4.938349090909092132e-01 8.309444444444459565e-03 -3.098356603773584905e-01 6.826822641509433520e-01 5.905307547169812432e-01 2.206735849056604484e-02 -1.755560377358489910e-01 4.634490196078431407e-02 5.866934482758620062e-01 5.633420689655171953e-01 8.313599999999992177e-03
1.184462000000000015e-01 7.129883928571427720e-01 0.000000000000000000e+00 7.470172413793102484e-02 3.267627586206897083e-01 8.758034482758622064e-01 7.808441379310344654e-01 -4.108068965517242682e-02 4.751351724137931609e-01 6.644043103448274978e-01 -2.117800000000000238e-01 2.212682758620689583e-01 9.000032758620688522e-01 8.684622413793101625e-01 5.339999999999999192e-01 2.162165517241379231e-01 2.535706896551725292e-02 2.098079310344827531e-01 2.627967241379310925e-01 3.043129310344827587e-01 8.444772413793102395e-01 -2.960772413793103519e-01 3.782665517241379227e-01 3.965850877192982904e-01 8.188647368421052564e-01 -2.232607017543859484e-01 1.618840350877192857e-01 8.246212068965518283e-01 9.482741379310345720e-02 2.479477586206896567e-01 -1.187879310344827355e-01 3.790189655172413602e-02 -2.236143103448275660e-01 5.115279310344827968e-01 1.589825862068965368e-01 -1.856839655172413672e-01 5.592251724137931035e-01 1.328837931034482778e-01 5.393596551724137989e-01 -4.009534482758621010e-01 8.510191379310344528e-01 -5.703201724137930695e-01 -1.781551724137931114e-01 8.981173684210526087e-01 6.250693103448274890e-01 -3.368375862068965221e-01 -5.210810344827586371e-02 7.417334482758618508e-01 2.175667241379310446e-01 1.909632758620689597e-01 -1.241134482758620705e-01 6.241293103448276869e-02 -3.822905172413793018e-01 1.082222413793103577e-01 2.108900000000000219e-01 7.141031578947366620e-01 5.328186206896552424e-01 -4.357215517241379565e-01 8.340604444444443821e-01 4.245914285714286196e-01 1.623592727272726854e-01 -2.105650000000000022e-01 6.853264814814815642e-01 7.860566666666666258e-01 8.181333333333332125e-02 2.733620754716981627e-01 4.351849019607844093e-01 6.026362068965517294e-01 9.283379310344828106e-01 8.257320000000004101e-02
-5.167204000000000796e-01 -2.811325000000000074e-01 7.470172413793102484e-02 0.000000000000000000e+00 -4.952562068965517539e-01 -2.348558620689654985e-01 -3.464824137931034609e-01 -5.557303448275862090e-01 -3.548491379310344529e-01 -3.585777586206896905e-01 -6.155527586206896995e-01 -4.555929310344827843e-01 -2.546208620689655033e-01 -2.474649999999999905e-01 -3.517487931034482540e-01 -4.686087931034482179e-01 -4.207848275862068332e-01 -4.506401724137930609e-01 -4.990775862068965174e-01 -5.219568965517241699e-01 -6.883275862068959083e-03 -6.630877586206896934e-01 -4.290913793103447449e-01 -3.917028070175438970e-01 -3.315670175438596434e-01 -6.563442105263158632e-01 -5.147345614035087058e-01 -6.033517241379311030e-02 -4.947181034482758255e-01 -5.174667241379311555e-01 -5.618465517241378882e-01 -5.268420689655172184e-01 -6.266181034482759538e-01 -3.272196551724138036e-01 -5.458567241379309598e-01 -5.922312068965517318e-01 -3.813987931034482637e-01 -4.791337931034482245e-01 -3.619477586206896746e-01 -5.485213793103448365e-01 -2.990686206896551735e-01 -8.893827586206896063e-01 -6.505179310344828547e-01 -1.893850877192982118e-01 -2.617706896551723617e-01 -6.807729310344826645e-01 -4.777684482758620677e-01 -3.526644827586207231e-01 -5.221858620689655561e-01 -4.642872413793103781e-01 -6.142391379310343513e-01 -4.297748275862069423e-01 -7.220348275862069620e-01 -5.272744827586206551e-01 -5.590577586206897376e-01 -2.878696491228070475e-01 -3.747677586206896172e-01 -7.903586206896553445e-01 -3.131784444444444815e-01 -3.462362500000000232e-01 -5.131823636363637142e-01 -7.118135185185185954e-01 -3.313987037037037231e-01 -3.153257407407406565e-01 -4.801466666666667216e-01 -5.509352830188680716e-01 -3.488380392156862908e-01 -4.044603448275863600e-01 -1.165137931034483654e-02 -5.398939999999999850e-01
-1.486555999999999989e-01 -2.296928571428570945e-02 3.267627586206897083e-01 -4.952562068965517539e-01 0.000000000000000000e+00 -2.393758620689653838e-02 -5.475155172413792570e-02 -2.553181034482758793e-01 -1.581760344827586318e-01 -8.065586206896550869e-02 -2.902396551724137908e-01 -1.126017241379310141e-01 -9.891034482758619129e-02 -5.554758620689655146e-02 -1.160351724137931029e-01 -8.503275862068960730e-03 -1.490363793103448853e-01 -2.444432758620689872e-01 -2.077717241379310742e-01 -3.497431034482758466e-02 -4.116810344827585844e-02 -3.222484482758620761e-01 -7.398275862068964814e-02 -1.507142105263157839e-01 -5.261157894736840507e-02 -3.210363157894736696e-01 -3.279564912280701905e-01 -1.217643103448275699e-01 -1.538891379310344809e-01 -3.502015517241379716e-01 -2.645613793103447908e-01 -3.029031034482758677e-01 -2.108094827586206588e-01 -6.887948275862068592e-02 -1.165536206896551630e-01 -2.110363793103448293e-01 4.138293103448277555e-02 -1.266927586206896550e-01 -3.334586206896552468e-02 -3.229777586206896700e-01 -5.040155172413791906e-02 -4.894701724137931476e-01 -2.851965517241379366e-01 5.142771929824562632e-02 -2.879275862068965061e-02 -2.317741379310344629e-01 -1.852862068965517306e-01 -1.074025862068965359e-01 -3.460606896551724487e-01 -1.875751724137931231e-01 -2.587534482758620524e-01 -2.006700000000000150e-01 -3.083148275862068743e-01 -8.114362068965516595e-02 -3.478482758620689286e-02 -2.927456140350877256e-02 -1.365853448275861914e-01 -4.125041379310344647e-01 -7.146266666666666045e-02 -7.941642857142856837e-02 -1.447349090909090807e-01 -3.103766666666667451e-01 -7.582462962962963071e-02 -6.730499999999997596e-02 -2.543618518518518945e-01 -1.127994339622641479e-01 -1.049472549019607875e-01 -2.391989655172413742e-01 2.696441379310344777e-01 -2.306408000000000069e-01
-3.836900000000000727e-02 7.747657142857142798e-01 8.758034482758622064e-01 -2.348558620689654985e-01 -2.393758620689653838e-02 0.000000000000000000e+00 7.475315517241378771e-01 -2.023994827586206857e-01 3.899550000000000516e-01 6.753650000000001041e-01 -4.042353448275861627e-01 4.093344827586207352e-02 8.163998275862067722e-01 9.067089655172414497e-01 6.052324137931035519e-01 -1.049015517241379258e-01 -2.120953448275862130e-01 3.782689655172415122e-02 -1.327367241379310281e-01 -9.181293103448276427e-02 7.090703448275862408e-01 -4.988782758620688984e-01 3.005465517241379669e-01 2.631782456140350779e-01 8.315189473684209132e-01 -4.108156140350876506e-01 2.767526315789476180e-02 8.340658620689654912e-01 -3.163099999999999801e-01 5.772517241379311603e-02 -5.356300000000000505e-01 -2.134820689655172188e-01 -5.104217241379310765e-01 7.082915517241379355e-01 1.599632758620689599e-01 -4.408586206896552562e-01 5.984731034482758671e-01 -1.796672413793103107e-02 5.945122413793103577e-01 -3.523994827586206524e-01 8.101234482758621347e-01 -6.201239655172412490e-01 -2.536567241379310000e-01 8.216954385964913010e-01 6.301156896551725062e-01 -7.490343103448275919e-01 -1.351544827586206865e-01 7.266998275862068812e-01 -2.352782758620689529e-01 6.789896551724140805e-02 -3.060500000000000442e-01 -3.910741379310344462e-02 -3.172205172413792851e-01 -5.551034482758611562e-03 -8.656689655172412901e-02 8.534659649122807723e-01 5.467262068965518251e-01 -5.595198275862067749e-01 8.300615555555554970e-01 4.813314285714285767e-01 -1.008021818181818463e-01 -2.838640740740741020e-01 7.428800000000000958e-01 6.191525925925924767e-01 3.495777777777778206e-02 -1.190500000000000308e-01 1.814935294117646924e-01 5.024789655172413605e-01 7.774668965517241848e-01 -4.360240000000001337e-02
1.066920000000002797e-02 7.539358928571429086e-01 7.808441379310344654e-01 -3.464824137931034609e-01 -5.475155172413792570e-02 7.475315517241378771e-01 0.000000000000000000e+00 -2.006553448275862073e-01 4.391110344827586776e-01 6.040268965517241462e-01 -3.789381034482758315e-01 6.338431034482758242e-02 7.799934482758621446e-01 7.282817241379312412e-01 5.920187931034481821e-01 -1.255005172413792836e-01 -1.509084482758620560e-01 1.309982758620690906e-02 -1.424505172413793042e-01 -1.735398275862068962e-01 6.205277586206897622e-01 -4.153406896551725125e-01 4.095753448275861741e-01 3.537926315789474696e-01 7.938689473684210629e-01 -3.844098245614035458e-01 -1.500359649122807171e-01 6.258117241379310691e-01 -3.218631034482758446e-01 -1.392972413793103215e-01 -4.927424137931034065e-01 -1.434784482758620638e-01 -4.809100000000000597e-01 6.462837931034483008e-01 1.409387931034482844e-01 -3.980624137931034756e-01 6.191749999999999199e-01 -4.364120689655172358e-02 5.699391379310344563e-01 -3.454782758620689731e-01 7.802236206896550064e-01 -6.069639655172414106e-01 -2.449134482758620890e-01 7.692208771929823774e-01 6.356365517241377994e-01 -6.642746551724137971e-01 -1.017110344827586305e-01 6.923531034482759416e-01 -3.871005172413792828e-01 2.568551724137931730e-02 -3.072853448275861821e-01 3.995396551724136880e-02 -3.260418965517241641e-01 2.233896551724137702e-02 -1.496141379310345076e-01 8.287747368421052307e-01 4.992706896551724061e-01 -5.270055172413792288e-01 7.550808888888890236e-01 4.612614285714285445e-01 -2.476472727272725424e-02 -2.456909259259259237e-01 6.864190740740740981e-01 5.899411111111111383e-01 5.269037037037036658e-02 -1.584130188679245266e-01 2.833372549019607875e-02 5.531186206896553381e-01 7.291213793103448193e-01 3.743119999999999087e-02
-2.839941999999999744e-01 -1.916966071428571339e-01 -4.108068965517242682e-02 -5.557303448275862090e-01 -2.553181034482758793e-01 -2.023994827586206857e-01 -2.006553448275862073e-01 0.000000000000000000e+00 -2.892787931034482285e-01 -3.007506896551723763e-01 -2.778058620689655145e-01 -1.822934482758620522e-01 -2.491808620689655029e-01 -2.034887931034482789e-01 -1.799539655172413544e-01 -1.730660344827586183e-01 -2.247275862068965901e-01 -3.877182758620689174e-01 -2.118125862068965526e-01 -2.225093103448275988e-01 -1.467691379310344657e-01 -4.386970689655172451e-01 -1.973843103448275904e-01 -1.954887719298245286e-01 -2.284031578947368357e-01 -3.890636842105263948e-01 -4.837805263157894387e-01 -2.420662068965517277e-01 -2.318606896551723695e-01 -4.613686206896551734e-01 -3.548427586206896467e-01 -3.391662068965516363e-01 -2.176622413793103394e-01 -2.020663793103448236e-01 -2.421943103448275791e-01 -2.020039655172413962e-01 -1.647113793103448520e-01 -4.215084482758620910e-01 -2.329736206896551587e-01 -3.560241379310344345e-01 -1.594063793103448201e-01 -4.597663793103448637e-01 -3.709196551724137647e-01 -1.830242105263157615e-01 -1.729177586206896156e-01 -2.311972413793103032e-01 -2.634748275862068834e-01 -2.689536206896551707e-01 -4.551605172413792921e-01 -2.844777586206896358e-01 -2.600274137931034568e-01 -2.267731034482758923e-01 -3.481989655172413878e-01 -3.026982758620689884e-01 -1.601243103448275751e-01 -2.521326315789473305e-01 -2.425863793103448240e-01 -4.283493103448275385e-01 -2.569084444444444393e-01 -1.544944642857142558e-01 -2.662452727272727193e-01 -3.552175925925925015e-01 -2.095368518518518630e-01 -2.029935185185184898e-01 -2.974227777777778137e-01 -2.808079245283018888e-01 -2.569750980392156992e-01 -2.823100000000000054e-01 -8.782275862068968098e-02 -2.940143999999999536e-01
-3.795943999999999985e-01 4.797605357142856741e-01 4.751351724137931609e-01 -3.548491379310344529e-01 -1.581760344827586318e-01 3.899550000000000516e-01 4.391110344827586776e-01 -2.892787931034482285e-01 0.000000000000000000e+00 4.520831666666666471e-01 -4.241024999999999934e-01 -3.109266666666665041e-02 4.502836666666666932e-01 4.084803333333333897e-01 2.314040000000000263e-01 -3.070911666666666928e-01 -1.035713333333333208e-01 3.023783333333332143e-02 -2.645413333333332950e-01 -3.764614999999999490e-01 2.602651666666666586e-01 -1.979551666666666543e-01 2.667381666666666651e-01 2.825398305084746431e-01 4.783494915254237756e-01 -4.344761016949152399e-01 6.617067796610169583e-02 3.768311666666667170e-01 -2.916299999999999448e-01 -3.320503333333332807e-01 -6.037876666666668335e-01 -1.776786666666666514e-01 -5.875038333333334473e-01 3.185843333333333027e-01 -2.541996666666666571e-01 -4.712126666666665575e-01 3.927616666666667311e-01 8.482066666666666921e-02 2.135203333333333398e-01 -3.313146666666665907e-01 4.640520000000000200e-01 -4.112105000000000343e-01 -2.677016666666666156e-01 5.071296610169492292e-01 5.948643333333332173e-01 -6.815518333333335788e-01 -1.659483333333333990e-02 4.564031666666667486e-01 -3.639633333333332499e-01 -2.793141666666666412e-01 -4.354083333333333417e-01 6.253866666666668683e-02 -2.206816666666666649e-01 -2.787484999999999546e-01 -4.129071666666666029e-01 4.756827118644067487e-01 3.328640000000000487e-01 -4.225323333333332321e-01 6.519134042553191843e-01 1.253389655172413852e-01 -1.916378947368421182e-01 -2.245932142857142710e-01 3.453992592592594058e-01 3.584564814814815148e-01 -1.758885185185185274e-01 -1.603316981132075214e-01 -2.697903921568627905e-01 6.545751724137930383e-01 7.852462068965517794e-01 4.460599999999999288e-02
-1.004284000000000149e-01 6.463066071428570369e-01 6.644043103448274978e-01 -3.585777586206896905e-01 -8.065586206896550869e-02 6.753650000000001041e-01 6.040268965517241462e-01 -3.007506896551723763e-01 4.520831666666666471e-01 0.000000000000000000e+00 -3.778345901639344473e-01 -3.279836065573759046e-03 7.213059016393442713e-01 6.586483606557376191e-01 5.011239344262294892e-01 -1.025311475409836082e-01 -1.258318032786885088e-01 2.006377049180327679e-02 -2.393391803278688279e-01 -1.769339344262295111e-01 5.919636065573770090e-01 -3.979898360655738099e-01 3.905560655737704834e-01 3.527784999999999949e-01 7.196404999999999053e-01 -3.298178333333332546e-01 -2.870516666666666356e-02 6.159186885245903076e-01 -2.582913114754098460e-01 -2.167119672131147534e-01 -5.376814754098361293e-01 -1.462275409836065465e-01 -4.897072131147541252e-01 5.619791803278687548e-01 -6.443836065573767258e-02 -3.961722950819672739e-01 6.289236065573771128e-01 7.944262295081978495e-03 4.693203278688525271e-01 -3.590611475409835052e-01 6.882172131147539229e-01 -6.150385245901639486e-01 -2.923586885245901268e-01 7.580043333333331690e-01 5.954931147540982739e-01 -6.102840983606557801e-01 -1.039144262295082083e-01 6.950204918032785173e-01 -3.345368852459017495e-01 -9.911983606557377147e-02 -4.194409836065573494e-01 4.685147540983607140e-02 -3.225106557377049321e-01 -1.340277049180327862e-01 -1.794672131147540539e-01 6.900418333333332432e-01 4.680595081967213189e-01 -5.310986885245900790e-01 7.480966666666667431e-01 3.240855932203389744e-01 -3.511224137931032857e-02 -3.689228070175438745e-01 5.635280000000000289e-01 6.041863636363636880e-01 -8.439363636363633736e-02 -2.457927777777777767e-01 -5.434519230769231657e-02 6.402303333333333457e-01 6.442683333333332207e-01 1.005423076923077537e-02
-2.656156000000000073e-01 -2.861560714285714124e-01 -2.117800000000000238e-01 -6.155527586206896995e-01 -2.902396551724137908e-01 -4.042353448275861627e-01 -3.789381034482758315e-01 -2.778058620689655145e-01 -4.241024999999999934e-01 -3.778345901639344473e-01 0.000000000000000000e+00 -2.733765573770492452e-01 -3.812426229508195652e-01 -4.059452459016392734e-01 -3.428070491803278386e-01 -2.574047540983606663e-01 -2.460859016393442400e-01 -5.588281967213112322e-01 -2.938867213114753629e-01 -3.053706557377048880e-01 -2.307427868852459374e-01 -4.556819672131147136e-01 -2.990495081967212698e-01 -2.724284999999999624e-01 -3.784709999999999464e-01 -2.563841666666666907e-01 -5.834391666666667309e-01 -4.284452459016393489e-01 -3.991436065573770176e-01 -5.856932786885244990e-01 -4.445585245901639282e-01 -4.883868852459016252e-01 -3.279798360655737932e-01 -3.681231147540983684e-01 -3.644826229508195681e-01 -3.630857377049180323e-01 -2.090631147540983337e-01 -4.781501639344262200e-01 -2.702196721311475591e-01 -4.246939344262294358e-01 -3.614214754098360460e-01 -4.226844262295081922e-01 -3.000770491803278484e-01 -3.154526666666666035e-01 -3.237229508196720618e-01 -3.702762295081967192e-01 -2.578639344262295130e-01 -3.875613114754097865e-01 -5.079416393442622857e-01 -3.691795081967213510e-01 -2.888840983606557611e-01 -3.019139344262294911e-01 -3.295375409836066027e-01 -3.334604918032786913e-01 -3.119765573770491018e-01 -3.545733333333334070e-01 -3.765826229508196787e-01 -3.463873770491803783e-01 -4.545314583333333047e-01 -2.376445762711864584e-01 -3.560072413793103907e-01 -3.250429824561403835e-01 -3.567650909090908651e-01 -3.343565454545454063e-01 -2.234499999999999542e-01 -3.510070370370371173e-01 -4.257098076923076513e-01 -4.725976666666666381e-01 -3.698169999999999513e-01 -4.100707692307692942e-01
-8.267700000000001437e-02 6.438767857142858875e-02 2.212682758620689583e-01 -4.555929310344827843e-01 -1.126017241379310141e-01 4.093344827586207352e-02 6.338431034482758242e-02 -1.822934482758620522e-01 -3.109266666666665041e-02 -3.279836065573759046e-03 -2.733765573770492452e-01 0.000000000000000000e+00 5.663112903225806655e-02 3.134596774193549457e-02 1.334306451612904398e-02 -1.437543548387097136e-01 -1.352930645161290468e-01 -3.311919354838709917e-01 -1.649322580645161407e-01 -1.373880645161290048e-01 -3.424967741935484172e-02 -2.503883870967741343e-01 -6.808967741935482987e-02 -6.969786885245900232e-02 1.048519672131147662e-01 -2.783519672131146705e-01 -3.091024590163934382e-01 -1.231290322580644823e-02 -1.993783870967742178e-01 -3.572677419354838846e-01 -2.899574193548387080e-01 -1.614985483870967631e-01 -2.341951612903226121e-01 5.871645161290323101e-02 -1.510104838709677433e-01 -2.054864516129032148e-01 6.735967741935486308e-02 -2.011995161290322243e-01 2.828000000000001693e-02 -2.215069354838709315e-01 7.165161290322580312e-02 -5.207798387096774784e-01 -3.458091935483871282e-01 1.226855737704918015e-01 9.074935483870967545e-02 -2.632464516129032206e-01 -1.513279032258064705e-01 4.662032258064516960e-02 -3.865845161290321630e-01 -1.885649999999999826e-01 -1.927837096774193404e-01 -1.541775806451612663e-01 -3.239467741935483369e-01 8.158870967741935556e-03 -1.801530645161290578e-01 1.042265573770491810e-01 -3.229016129032257626e-02 -4.433232258064516151e-01 6.430061224489795613e-02 -2.668366666666666109e-02 -9.294620689655171131e-02 -2.926447368421052353e-01 9.648799999999997656e-02 7.558399999999999841e-02 -1.994961818181817947e-01 -2.035272222222221927e-01 -1.874834615384615155e-01 3.797666666666665164e-02 1.064670000000000338e-01 -1.585669230769230775e-01
-2.781920000000002308e-02 7.803519642857141836e-01 9.000032758620688522e-01 -2.546208620689655033e-01 -9.891034482758619129e-02 8.163998275862067722e-01 7.799934482758621446e-01 -2.491808620689655029e-01 4.502836666666666932e-01 7.213059016393442713e-01 -3.812426229508195652e-01 5.663112903225806655e-02 0.000000000000000000e+00 7.996606451612903177e-01 6.743025806451611315e-01 -1.876270967741935636e-01 -1.168379032258064359e-01 1.656048387096776403e-02 -1.906230645161290094e-01 -1.737190322580645097e-01 7.247824193548387806e-01 -4.287169354838709645e-01 4.775159677419355542e-01 4.117209836065573447e-01 8.758752459016393432e-01 -4.154521311475408707e-01 -4.939442622950818845e-02 7.527554838709676899e-01 -2.914982258064515719e-01 -1.819561290322580793e-01 -4.821846774193548346e-01 -9.087177419354836028e-02 -5.856927419354839293e-01 7.322338709677418400e-01 7.553790322580644645e-02 -4.591901612903225849e-01 6.777537096774194358e-01 -4.273080645161288910e-02 6.328220967741935432e-01 -3.834540322580645144e-01 8.575319354838708552e-01 -6.299274193548386469e-01 -2.787862903225805655e-01 8.695634426229505998e-01 6.894788709677418526e-01 -7.530493548387096059e-01 -9.369612903225806033e-02 7.819600000000000994e-01 -3.643982258064516477e-01 -1.795161290322433119e-04 -3.471940322580644445e-01 8.730645161290316592e-03 -3.032729032258063562e-01 -1.207999999999998832e-02 -1.653672580645161594e-01 8.885516393442622896e-01 5.638129032258063500e-01 -5.576870967741937024e-01 8.398271428571427721e-01 4.811113333333333908e-01 -6.741051724137929468e-02 -3.064692982456140302e-01 7.872536363636363221e-01 6.927172727272725705e-01 4.928490909090908756e-02 -1.719520370370370144e-01 4.823423076923075148e-02 6.545873333333332988e-01 8.594693333333334184e-01 1.039607692307692177e-01
-6.585339999999999250e-02 7.516073214285714510e-01 8.684622413793101625e-01 -2.474649999999999905e-01 -5.554758620689655146e-02 9.067089655172414497e-01 7.282817241379312412e-01 -2.034887931034482789e-01 4.084803333333333897e-01 6.586483606557376191e-01 -4.059452459016392734e-01 3.134596774193549457e-02 7.996606451612903177e-01 0.000000000000000000e+00 6.040459677419353079e-01 -1.104230645161290575e-01 -1.727154838709677176e-01 5.269693548387097137e-02 -1.351738709677419714e-01 -1.442459677419355157e-01 7.030796774193547316e-01 -4.859508064516127046e-01 2.972462903225806530e-01 2.642186885245901284e-01 8.120372131147538530e-01 -4.613780327868851616e-01 5.824147540983606874e-02 8.035761290322580574e-01 -2.669617741935483846e-01 -9.069677419354830322e-03 -5.329066129032258292e-01 -1.809382258064516080e-01 -5.241845161290322741e-01 6.829056451612901535e-01 1.060396774193548552e-01 -4.517172580645161251e-01 6.131616129032260165e-01 -3.881354838709676763e-02 5.745882258064515247e-01 -3.666048387096773609e-01 8.018237096774190054e-01 -6.181717741935482957e-01 -2.663866129032257946e-01 8.273918032786884424e-01 6.449129032258062999e-01 -7.346525806451612572e-01 -1.405390322580645224e-01 7.205779032258061712e-01 -2.297814516129032536e-01 2.263403225806451952e-02 -3.149146774193548604e-01 -6.948451612903225327e-02 -3.349066129032257644e-01 -4.495500000000001578e-02 -1.133432258064516335e-01 8.450591803278686420e-01 5.433983870967742380e-01 -5.436304838709676845e-01 8.339102040816325223e-01 4.889973333333333949e-01 -1.002474137931034376e-01 -2.975592982456139457e-01 7.192665454545453807e-01 6.244405454545454148e-01 4.711745454545456652e-02 -1.405574074074074087e-01 1.538078846153845824e-01 5.317993333333332906e-01 8.032153333333332812e-01 -2.545692307692309572e-02
-2.483779999999999322e-02 5.774432142857143235e-01 5.339999999999999192e-01 -3.517487931034482540e-01 -1.160351724137931029e-01 6.052324137931035519e-01 5.920187931034481821e-01 -1.799539655172413544e-01 2.314040000000000263e-01 5.011239344262294892e-01 -3.428070491803278386e-01 1.334306451612904398e-02 6.743025806451611315e-01 6.040459677419353079e-01 0.000000000000000000e+00 -1.015012903225806645e-01 -1.321911290322580756e-01 -1.418422580645161135e-01 -1.886656451612903074e-01 -1.015683870967741959e-01 5.323099999999999499e-01 -4.532159677419353438e-01 3.503133870967742314e-01 2.435045901639344978e-01 6.388554098360653688e-01 -3.230845901639344264e-01 -1.468149180327868730e-01 5.226277419354837805e-01 -3.227001612903225292e-01 -2.073311290322580880e-01 -3.822819354838709049e-01 -1.018203225806451617e-01 -4.687335483870966879e-01 5.065691935483870312e-01 2.536596774193548495e-02 -3.366895161290321958e-01 4.561570967741935823e-01 -1.323145161290322294e-02 4.646143548387097200e-01 -3.589343548387096128e-01 6.455169354838707907e-01 -6.330203225806451117e-01 -2.994620967741935535e-01 7.097796721311474544e-01 4.593590322580645147e-01 -5.778066129032259912e-01 -1.527469354838709992e-01 5.891651612903223700e-01 -3.634503225806450799e-01 3.634354838709678761e-03 -3.410780645161290425e-01 -1.445751612903226624e-01 -2.944793548387096838e-01 -1.191919354838709422e-02 -1.216632258064515720e-01 6.436342622950819159e-01 3.598964516129032343e-01 -5.782569354838709152e-01 6.484404081632652028e-01 3.486260000000000470e-01 -8.710689655172414170e-02 -3.237577192982456498e-01 5.262476363636363619e-01 4.403007272727272881e-01 -6.829600000000000948e-02 -1.601879629629629764e-01 9.820769230769231875e-03 4.381490000000000662e-01 3.525146666666667539e-01 -1.970076923076920922e-02
-1.507480000000000209e-01 -6.498214285714286331e-02 2.162165517241379231e-01 -4.686087931034482179e-01 -8.503275862068960730e-03 -1.049015517241379258e-01 -1.255005172413792836e-01 -1.730660344827586183e-01 -3.070911666666666928e-01 -1.025311475409836082e-01 -2.574047540983606663e-01 -1.437543548387097136e-01 -1.876270967741935636e-01 -1.104230645161290575e-01 -1.015012903225806645e-01 0.000000000000000000e+00 -1.833511290322580867e-01 -4.050327419354838865e-01 -1.232827419354838999e-01 -5.112193548387097136e-02 -2.391129032258064099e-02 -4.794530645161290128e-01 -9.861516129032257827e-02 -1.496291803278688715e-01 -1.442052459016393284e-01 -3.870414754098361887e-01 -3.513211475409835360e-01 -1.144187096774193363e-01 -2.358670967741935687e-01 -3.652135483870967425e-01 -3.520829032258063762e-01 -3.309530645161290474e-01 -3.448024193548386851e-01 -1.002935483870967016e-02 -1.114850000000000008e-01 -2.805833870967741062e-01 -3.440532258064515903e-02 -1.095969354838709497e-01 -8.058112903225808643e-02 -3.492435483870968693e-01 -1.334985483870967660e-01 -3.994312903225807343e-01 -2.146925806451613350e-01 -1.293527868852459017e-01 -1.446498387096774585e-01 -3.578027419354837813e-01 -1.838600000000000512e-01 -1.906545161290322254e-01 -3.329020967741935233e-01 -1.863274193548386803e-01 -3.096466129032258707e-01 -2.504293548387097057e-01 -2.672208064516128911e-01 -2.007285483870967779e-01 -3.313612903225805068e-02 -5.872786885245901561e-02 -1.959379032258064812e-01 -3.531685483870968256e-01 -2.119538775510203810e-01 -5.177199999999999164e-02 -2.496724137931033982e-01 -3.338928070175438689e-01 -4.756636363636365661e-02 -1.027505454545454833e-01 -2.168290909090908880e-01 -1.743848148148148258e-01 -1.921878846153845799e-01 -2.987430000000000363e-01 1.792809999999999404e-01 -1.307303846153846372e-01
-1.417788000000000104e-01 -9.924017857142856947e-02 2.535706896551725292e-02 -4.207848275862068332e-01 -1.490363793103448853e-01 -2.120953448275862130e-01 -1.509084482758620560e-01 -2.247275862068965901e-01 -1.035713333333333208e-01 -1.258318032786885088e-01 -2.460859016393442400e-01 -1.352930645161290468e-01 -1.168379032258064359e-01 -1.727154838709677176e-01 -1.321911290322580756e-01 -1.833511290322580867e-01 0.000000000000000000e+00 -2.498530645161290142e-01 -1.975532258064516544e-01 -1.961572580645161157e-01 -2.037504838709677246e-01 -1.857516129032258101e-01 -8.799129032258064254e-02 -1.033909836065573656e-01 -1.129586885245901506e-01 -2.386852459016393646e-01 -3.100259016393442923e-01 -1.669559677419354127e-01 -1.362788709677419663e-01 -4.373846774193548281e-01 -3.208370967741935864e-01 -1.918938709677419363e-01 -2.371553225806452003e-01 -1.803733870967741959e-01 -3.476582258064516706e-01 -2.203185483870967742e-01 -6.646741935483871377e-02 -1.793166129032258138e-01 -1.379001612903225649e-01 -2.306504838709677319e-01 -1.260511290322580413e-01 -5.371219354838709936e-01 -2.809193548387097228e-01 4.892098360655738193e-02 7.475806451612894855e-04 -2.204080645161290708e-01 -1.386006451612902812e-01 -1.595059677419354560e-01 -3.617417741935484155e-01 -2.506051612903225645e-01 -3.394972580645160831e-01 -8.218145161290321687e-02 -3.397104838709676944e-01 -2.293890322580645347e-01 -2.339883870967741919e-01 -1.509414754098360734e-01 -1.611224193548387307e-01 -4.306622580645160236e-01 -1.054281632653061296e-01 -1.231170000000000042e-01 -9.479793103448276581e-02 -3.828692982456140537e-01 -1.834847272727272993e-01 -8.760800000000001919e-02 -2.802952727272727818e-01 -1.900301851851851909e-01 -1.946834615384615830e-01 -7.844700000000000284e-02 -2.911099999999998064e-02 -1.311676923076923185e-01
-4.430629999999999291e-01 3.406178571428571111e-02 2.098079310344827531e-01 -4.506401724137930609e-01 -2.444432758620689872e-01 3.782689655172415122e-02 1.309982758620690906e-02 -3.877182758620689174e-01 3.023783333333332143e-02 2.006377049180327679e-02 -5.588281967213112322e-01 -3.311919354838709917e-01 1.656048387096776403e-02 5.269693548387097137e-02 -1.418422580645161135e-01 -4.050327419354838865e-01 -2.498530645161290142e-01 0.000000000000000000e+00 -3.893401612903225617e-01 -4.042640322580645651e-01 6.572032258064516852e-02 -4.436680645161290015e-01 -1.389866129032257536e-01 -8.087032786885245406e-02 3.864852459016394209e-02 -4.374267213114753639e-01 -2.384727868852458965e-01 6.771354838709678359e-02 -3.296990322580644617e-01 -4.562462903225807387e-01 -6.829604838709677495e-01 -3.758827419354838772e-01 -6.042820967741934224e-01 1.742725806451613652e-02 -3.624587096774193329e-01 -5.896696774193547208e-01 3.014774193548385231e-02 -2.035875806451613312e-01 -3.313790322580643932e-02 -4.503069354838709626e-01 2.915532258064516130e-02 -5.175948387096773740e-01 -3.472808064516128557e-01 4.397065573770492924e-02 1.389312903225806417e-01 -6.695517741935484990e-01 -1.880514516129032365e-01 4.890467741935484308e-02 -4.848917741935484527e-01 -3.367688709677418846e-01 -5.351941935483870427e-01 -1.415475806451613194e-01 -4.427943548387096029e-01 -4.212787096774194273e-01 -4.335216129032258281e-01 9.200311475409835016e-02 2.980354838709679127e-02 -4.856624193548386703e-01 3.161000000000002697e-02 -1.204069999999999863e-01 -3.729879310344827448e-01 -3.989907017543858903e-01 -9.954599999999999560e-02 2.468890909090910510e-02 -2.964489090909090963e-01 -3.457848148148148226e-01 -3.488763461538461064e-01 -5.507033333333331837e-02 2.496306666666666119e-01 -2.232453846153846233e-01
-1.727045999999999859e-01 -1.491516071428571344e-01 2.627967241379310925e-01 -4.990775862068965174e-01 -2.077717241379310742e-01 -1.327367241379310281e-01 -1.424505172413793042e-01 -2.118125862068965526e-01 -2.645413333333332950e-01 -2.393391803278688279e-01 -2.938867213114753629e-01 -1.649322580645161407e-01 -1.906230645161290094e-01 -1.351738709677419714e-01 -1.886656451612903074e-01 -1.232827419354838999e-01 -1.975532258064516544e-01 -3.893401612903225617e-01 0.000000000000000000e+00 -1.255240322580645218e-01 -1.590658064516128345e-01 -3.544908064516127943e-01 -1.540322580645161754e-01 -1.675744262295082165e-01 -1.856429508196721090e-01 -4.090449180327868084e-01 -3.772903278688524153e-01 -1.476601612903225558e-01 -2.389932258064516313e-01 -4.273519354838709594e-01 -2.827606451612904026e-01 -3.403890322580644945e-01 -2.514551612903226374e-01 -1.568475806451612720e-01 -2.990406451612902528e-01 -2.231700000000000350e-01 -9.341725806451610381e-02 -1.970893548387096239e-01 -1.813470967741935280e-01 -3.758614516129031857e-01 -1.367211290322580819e-01 -5.218085483870966712e-01 -2.969274193548386842e-01 -1.064309836065573389e-01 -1.553901612903225427e-01 -2.725932258064516223e-01 -2.016830645161290514e-01 -1.550341935483870726e-01 -4.290830645161289869e-01 -1.884606451612902966e-01 -3.189701612903224626e-01 -2.944141935483871597e-01 -3.475185483870967262e-01 -2.498211290322580325e-01 -1.013979032258064822e-01 -1.529198360655737443e-01 -2.213395161290322433e-01 -4.568698387096774005e-01 -2.088157142857142712e-01 -8.087516666666666465e-02 -2.621031034482758093e-01 -4.201059649122806938e-01 -1.894232727272727457e-01 -1.063841818181818083e-01 -2.487641818181818010e-01 -2.225698148148148592e-01 -2.406640384615384709e-01 -1.281369999999999731e-01 4.036023333333332852e-01 -7.919384615384615633e-02
-5.418800000000000006e-02 -1.488639285714285776e-01 3.043129310344827587e-01 -5.219568965517241699e-01 -3.497431034482758466e-02 -9.181293103448276427e-02 -1.735398275862068962e-01 -2.225093103448275988e-01 -3.764614999999999490e-01 -1.769339344262295111e-01 -3.053706557377048880e-01 -1.373880645161290048e-01 -1.737190322580645097e-01 -1.442459677419355157e-01 -1.015683870967741959e-01 -5.112193548387097136e-02 -1.961572580645161157e-01 -4.042640322580645651e-01 -1.255240322580645218e-01 0.000000000000000000e+00 -1.128612903225806458e-01 -4.002737096774193759e-01 -1.312538709677419368e-01 -1.887660655737704862e-01 -1.573265573770492032e-01 -2.755073770491803242e-01 -4.160408196721311347e-01 -1.594364516129032350e-01 -2.432875806451613443e-01 -3.855885483870967745e-01 -2.061043548387097302e-01 -2.947416129032257581e-01 -1.854340322580645406e-01 -1.369650000000000034e-01 -1.511762903225806476e-01 -1.860230645161290719e-01 -2.370387096774192667e-02 -2.145843548387096622e-01 -1.264762903225806479e-01 -3.223338709677420200e-01 -1.170130645161290145e-01 -5.328920967741935799e-01 -3.008417741935483503e-01 -1.168637704918032705e-01 -1.852672580645161049e-01 -2.434745161290322868e-01 -2.603887096774193943e-01 -1.887616129032257950e-01 -3.936520967741936050e-01 -1.378495161290322624e-01 -2.861064516129032675e-01 -2.404780645161290475e-01 -3.045295161290321739e-01 -1.170675806451612899e-01 3.744064516129032294e-02 -1.629490163934425861e-01 -2.698732258064516221e-01 -5.131146774193549032e-01 -2.753246938775510411e-01 -7.357083333333332142e-02 -1.669593103448275551e-01 -4.221649122807017984e-01 -1.565810909090909198e-01 -1.165100000000000025e-01 -2.313940000000000163e-01 -1.389879629629629521e-01 -9.068269230769229750e-02 -2.769626666666666903e-01 2.752116666666666878e-01 -1.938896153846153825e-01
1.498400000000002334e-02 6.769353571428570193e-01 8.444772413793102395e-01 -6.883275862068959083e-03 -4.116810344827585844e-02 7.090703448275862408e-01 6.205277586206897622e-01 -1.467691379310344657e-01 2.602651666666666586e-01 5.919636065573770090e-01 -2.307427868852459374e-01 -3.424967741935484172e-02 7.247824193548387806e-01 7.030796774193547316e-01 5.323099999999999499e-01 -2.391129032258064099e-02 -2.037504838709677246e-01 6.572032258064516852e-02 -1.590658064516128345e-01 -1.128612903225806458e-01 0.000000000000000000e+00 -3.006853225806452312e-01 1.118383870967742111e-01 5.566770491803278709e-02 7.059778688524591672e-01 -2.638226229508196519e-01 1.026504918032786901e-01 6.561080645161289082e-01 -2.274727419354838631e-01 1.297019354838709615e-01 -4.193748387096774555e-01 -1.604325806451612491e-01 -5.717891935483869759e-01 5.824164516129032299e-01 2.226743548387096483e-01 -3.711708064516128780e-01 2.293279032258064010e-01 5.020758064516129410e-02 4.813453225806451630e-01 -2.941295161290323756e-01 6.581917741935483512e-01 -3.214288709677419753e-01 -1.965909677419354351e-01 7.124950819672131175e-01 4.789041935483869805e-01 -7.213972580645160448e-01 -1.489224193548387143e-01 6.286753225806452905e-01 -8.793903225806452839e-02 6.479161290322582589e-02 -1.712269354838709678e-01 -1.343143548387096819e-01 -1.291441935483871317e-01 1.207935483870967337e-02 -7.044338709677419597e-02 7.718252459016393674e-01 4.357449999999999379e-01 -3.149030645161290942e-01 6.733569387755102831e-01 3.477963333333333185e-01 -4.466275862068962849e-02 -1.411198245614034841e-01 7.053714545454544682e-01 5.293120000000000047e-01 8.698309090909091268e-02 -1.163992592592592440e-01 2.539157692307692504e-01 4.587693333333333623e-01 7.593256666666666765e-01 -7.389538461538461278e-02
-5.841615999999999476e-01 -3.361530357142857306e-01 -2.960772413793103519e-01 -6.630877586206896934e-01 -3.222484482758620761e-01 -4.988782758620688984e-01 -4.153406896551725125e-01 -4.386970689655172451e-01 -1.979551666666666543e-01 -3.979898360655738099e-01 -4.556819672131147136e-01 -2.503883870967741343e-01 -4.287169354838709645e-01 -4.859508064516127046e-01 -4.532159677419353438e-01 -4.794530645161290128e-01 -1.857516129032258101e-01 -4.436680645161290015e-01 -3.544908064516127943e-01 -4.002737096774193759e-01 -3.006853225806452312e-01 0.000000000000000000e+00 -3.874991935483871885e-01 -3.381563934426229934e-01 -4.011314754098361246e-01 -4.741337704918033302e-01 -6.260396721311475288e-01 -4.344649999999999346e-01 -3.379240322580643330e-01 -6.584988709677417340e-01 -7.284888709677419527e-01 -4.927362903225806501e-01 -4.366656451612903056e-01 -4.908146774193548612e-01 -2.393120967741935723e-01 -5.106420967741934769e-01 -2.539622580645161665e-01 -4.615937096774194170e-01 -4.065401612903225548e-01 -4.050980645161290084e-01 -4.088924193548386099e-01 -2.936945161290322459e-01 -2.896516129032257747e-01 -4.257857377049179548e-01 -3.041475806451612307e-01 -5.183958064516127617e-01 -1.345403225806451608e-01 -4.363751612903224997e-01 -6.203574193548386795e-01 -4.894104838709677496e-01 -2.764062903225806278e-01 -2.169495161290322660e-01 -2.824679032258064493e-01 -5.161714516129032315e-01 -4.619411290322579244e-01 -3.914614754098360017e-01 -3.722424193548385940e-01 -1.704311290322580996e-01 -4.511485714285714543e-01 -3.200296666666665457e-01 -5.333215517241379766e-01 -2.871564912280701320e-01 -3.713852727272726750e-01 -3.780941818181817182e-01 -2.200123636363636448e-01 -4.298101851851851007e-01 -5.341351923076923525e-01 -4.365529999999999133e-01 -3.078656666666665931e-01 -4.133134615384614907e-01
