0.000000000000000000e+00 2.871172000000000168e-01 1.235019999999999729e-01 3.369893999999999390e-01 1.958078000000000041e-01 1.587288000000000310e-01 2.408986000000000183e-01 2.808606000000000158e-01 1.432322000000000040e-01 2.481335999999999820e-01 3.831305999999999878e-01 1.623539999999999983e-01 1.970560000000000089e-01 1.289649999999999963e-01 2.149936000000000347e-01 1.877633999999999692e-01 1.692744000000000193e-01 2.358764000000000138e-01 1.927912000000000237e-01 2.423508000000000051e-01 -7.515879999999999783e-02 2.452837999999999408e-01 9.240439999999999765e-02 4.065857142857141893e-02 2.355724489795918419e-01 2.944418367346938736e-01 2.342479591836734709e-01 5.431900000000000617e-02 2.350774000000000474e-01 2.906844000000000094e-01 1.933874000000000148e-01 2.208670000000000078e-01 1.888698000000000043e-01 2.155652000000000124e-01 4.800477999999999690e-01 2.101144000000000067e-01 5.735559999999999270e-02 1.467419999999999836e-01 1.971200000000000452e-01 3.090384000000000464e-01 2.739264000000000143e-01 5.086578000000000488e-01 3.667440000000000699e-01 2.116555102040816594e-01 2.148101999999999789e-01 2.013216000000000172e-01 1.509333999999999953e-01 2.538788000000000156e-01 3.252538000000000373e-01 3.484223999999999655e-01 3.596486000000000405e-01 1.695074000000000025e-01 4.296751999999999794e-01 2.491374000000000088e-01 2.636754000000000042e-01 3.239606122448979719e-01 2.088044000000000011e-01 5.094625999999999877e-01 1.790654054054054145e-01 2.125448000000000059e-01 2.219163265306122734e-01 3.930991836734693545e-01 2.797634693877550927e-01 1.953389795918367422e-01 3.423238775510203946e-01 1.936883673469387557e-01 2.605634042553191532e-01 1.810028000000000192e-01 6.369519999999999349e-02 2.696914285714285819e-01
2.871172000000000168e-01 0.000000000000000000e+00 3.478448214285713713e-01 1.974248214285714287e-01 2.254926785714286008e-01 3.993412499999999810e-01 4.284867857142857228e-01 2.068635714285714244e-01 5.564498214285713562e-01 5.750378571428571561e-01 1.668953571428571092e-01 2.150974999999999693e-01 3.332328571428571640e-01 3.363478571428571429e-01 4.012053571428571552e-01 2.343226785714285776e-01 2.071189285714285511e-01 2.703192857142857064e-01 2.223569642857143314e-01 2.417114285714285771e-01 2.549512500000000181e-01 1.844905357142856972e-01 2.428308928571428493e-01 2.181969090909090248e-01 5.233543636363635621e-01 1.839514545454545569e-01 2.570812727272727138e-01 2.325564285714285806e-01 2.204846428571428929e-01 2.354523214285714483e-01 2.024389285714285891e-01 1.788630357142857175e-01 2.019616071428571580e-01 5.006583928571427533e-01 4.011005357142857219e-01 1.996232142857143066e-01 2.279787499999999800e-01 2.848028571428571354e-01 4.601642857142856924e-01 1.158260714285714171e-01 4.869144642857142768e-01 1.454803571428571474e-01 1.862932142857142981e-01 2.659427272727273306e-01 6.131369642857142921e-01 2.044096428571428870e-01 2.180589285714285563e-01 3.967687500000000034e-01 1.860071428571428709e-01 2.398567857142857029e-01 2.138700000000000045e-01 2.203516071428571477e-01 1.463167857142857187e-01 2.781053571428571680e-01 2.526564285714285596e-01 7.234027272727271418e-01 4.264089285714285915e-01 1.581848214285714316e-01 3.971462790697674605e-01 3.982070909090908994e-01 3.020140740740741570e-01 2.168945283018868242e-01 6.211166037735849077e-01 4.419424528301887367e-01 2.547056603773584782e-01 2.365052830188679178e-01 1.925286274509804274e-01 3.732644827586207303e-01 5.571789655172414424e-01 2.417899999999999772e-01
1.235019999999999729e-01 3.478448214285713713e-01 0.000000000000000000e+00 1.406760344827586440e-01 1.556327586206896763e-01 5.217924137931033712e-01 3.020236206896552145e-01 2.252100000000000213e-01 1.609039655172413430e-01 3.861282758620689926e-01 1.120451724137930954e-01 1.680763793103448311e-01 4.072284482758620761e-01 5.345544827586207193e-01 1.496832758620689763e-01 1.527594827586206683e-01 5.544482758620689587e-03 1.291644827586206912e-01 1.992115517241379863e-01 1.478570689655172576e-01 4.728963793103447832e-01 8.603172413793103157e-02 2.476724137931035075e-01 2.050482456140351184e-01 2.169914035087719406e-01 1.490582456140351064e-01 2.534933333333332928e-01 6.317934482758621462e-01 2.052089655172414095e-01 1.028436206896551630e-01 2.485391379310344651e-01 2.355206896551724494e-01 2.700905172413792799e-01 -1.100637931034482847e-01 4.086067241379310877e-01 2.074712068965517131e-01 2.692636206896552031e-01 7.189482758620690216e-03 2.537670689655172618e-01 4.314451724137930433e-01 9.608224137931035969e-02 3.154053448275861427e-01 2.176408620689655182e-01 3.620094736842105476e-01 1.477465517241377882e-02 4.932431034482758769e-01 1.146098275862068860e-01 2.350929310344827550e-01 9.751758620689654489e-02 3.368837931034482924e-01 1.283274137931034453e-01 1.360836206896551825e-01 3.370718965517242038e-01 2.052001724137930971e-01 2.020398275862069215e-01 5.269387719298245232e-01 8.884775862068963748e-02 2.661768965517241070e-01 3.172393333333332621e-01 -1.681053571428569454e-02 1.817690909090909426e-02 2.591531481481481047e-01 6.035394444444444062e-01 2.066046296296296103e-01 2.377433333333333065e-01 2.404075471698113309e-01 2.767358823529411094e-01 2.369737931034482936e-01 5.626458620689653856e-01 1.926724000000000214e-01
3.369893999999999390e-01 1.974248214285714287e-01 1.406760344827586440e-01 0.000000000000000000e+00 3.043984482758620991e-01 1.568089655172414110e-01 1.618081034482758696e-01 3.295929310344827279e-01 2.960725862068965264e-01 2.224718965517241132e-01 4.010889655172413804e-01 2.420760344827586341e-01 1.538979310344827656e-01 1.432374137931034797e-01 1.617968965517241620e-01 3.105293103448275027e-01 3.010010344827586670e-01 3.378206896551724236e-01 3.655524137931034923e-01 3.657115517241379399e-01 -1.411013793103448044e-01 4.486105172413793474e-01 1.721127586206896709e-01 1.965031578947368518e-01 1.574280701754385836e-01 4.073107017543859953e-01 3.336468421052630751e-01 2.754637931034483248e-02 4.662310344827586550e-01 2.559793103448275708e-01 3.722544827586207195e-01 3.364915517241379161e-01 3.994503448275861790e-01 1.367498275862069068e-01 3.370175862068965356e-01 4.043206896551723717e-01 6.448724137931034772e-02 3.200534482758620181e-01 1.721165517241379506e-01 4.190765517241378801e-01 1.599893103448276066e-01 4.801618965517240878e-01 3.891174137931034949e-01 1.127571929824561503e-01 1.613806896551724379e-01 4.624910344827586339e-01 2.605018965517241769e-01 1.671632758620689996e-01 3.726915517241378706e-01 2.835334482758620767e-01 4.007396551724137779e-01 2.891077586206896033e-01 4.060374137931034300e-01 3.036960344827586145e-01 3.613032758620688956e-01 2.137801754385965092e-01 2.177137931034482665e-01 4.795779310344828184e-01 1.360399999999999943e-01 1.774942857142856878e-01 3.373003636363635094e-01 4.079781481481480343e-01 2.301829629629629781e-01 1.995544444444444232e-01 2.960766666666667102e-01 4.043496226415093653e-01 2.859382352941177152e-01 2.131355172413792742e-01 1.726017241379309841e-01 2.947567999999999855e-01
1.958078000000000041e-01 2.254926785714286008e-01 1.556327586206896763e-01 3.043984482758620991e-01 0.000000000000000000e+00 1.891139655172413558e-01 1.876756896551724507e-01 1.754182758620690119e-01 1.612151724137931008e-01 2.225946551724137801e-01 2.201510344827586341e-01 1.593965517241378860e-01 2.121839655172413630e-01 1.951862068965516950e-01 1.903862068965517240e-01 1.244639655172413845e-01 1.863441379310344925e-01 2.578567241379310371e-01 1.529281034482758983e-01 2.068553448275862183e-01 -1.006517241379310985e-02 2.324362068965517003e-01 1.340548275862069039e-01 8.012824561403508739e-02 2.006292982456140406e-01 1.695410526315789534e-01 3.040015789473683450e-01 1.210549999999999959e-01 1.844444827586206870e-01 2.967615517241379286e-01 2.078105172413793056e-01 1.812417241379310207e-01 1.339048275862068926e-01 1.055029310344827442e-01 2.857956896551724357e-01 1.729981034482758195e-01 4.160362068965516719e-02 1.522032758620689985e-01 1.795505172413792982e-01 2.224574137931034645e-01 2.140551724137930989e-01 3.239791379310344999e-01 2.207612068965516816e-01 2.434994736842105434e-01 1.714898275862068722e-01 1.551406896551724146e-01 1.925663793103448151e-01 2.067777586206896445e-01 2.808053448275861785e-01 2.314194827586206760e-01 2.163893103448275845e-01 1.437474137931034623e-01 3.155518965517241647e-01 1.886822413793103337e-01 2.629694827586206984e-01 2.291628070175438514e-01 1.626803448275862263e-01 2.726829310344827673e-01 2.123197777777777184e-01 1.903849999999999987e-01 1.832210909090908613e-01 2.745851851851852099e-01 2.237294444444443975e-01 1.713942592592592740e-01 2.149681481481481027e-01 2.278296226415094383e-01 3.121766666666666579e-01 2.439017241379310419e-01 8.644448275862068320e-02 1.453472000000000097e-01
1.587288000000000310e-01 3.993412499999999810e-01 5.217924137931033712e-01 1.568089655172414110e-01 1.891139655172413558e-01 0.000000000000000000e+00 2.948951724137930941e-01 7.428982758620690519e-02 2.384453448275862253e-01 2.894268965517240999e-01 -8.696551724137907037e-04 1.941300000000000248e-01 2.695960344827585953e-01 4.211915517241379692e-01 2.571691379310344638e-01 2.287486206896551522e-01 1.652379310344827545e-01 1.938615517241379371e-01 1.619624137931034435e-01 1.860620689655172466e-01 1.299262068965517380e-01 2.827758620689656017e-03 2.375722413793103505e-01 2.439942105263157857e-01 3.118928070175439049e-01 1.809245614035088004e-02 2.525447368421052663e-01 3.765606896551724203e-01 1.167734482758620573e-01 2.480056896551724455e-01 9.962896551724136074e-02 1.100201724137930825e-01 1.039420689655172481e-01 3.039686206896552445e-01 1.640274137931034548e-01 8.352689655172414185e-02 2.755384482758620468e-01 2.011408620689655036e-01 3.032801724137931254e-01 -1.675000000000000100e-02 3.592405172413793424e-01 -1.334543103448275758e-01 2.646568965517242036e-02 2.436307017543859754e-01 2.851194827586206459e-01 8.384017241379308760e-02 1.347091379310344783e-01 2.776863793103447886e-01 2.201551724137931487e-01 1.258870689655172126e-01 5.795982758620690095e-02 1.605951724137930636e-01 -4.707034482758620103e-02 1.514193103448276123e-01 1.769144827586206503e-01 3.817754385964912123e-01 2.661320689655172211e-01 -8.934758620689654818e-02 3.285964444444444132e-01 2.844862499999999961e-01 1.371659999999999824e-01 1.968481481481481818e-02 3.354461111111110561e-01 2.609996296296296925e-01 1.003981481481481253e-01 1.335443396226415336e-01 2.291272549019607307e-01 2.605841379310344652e-01 6.194655172413791044e-01 1.355920000000000181e-01
2.408986000000000183e-01 4.284867857142857228e-01 3.020236206896552145e-01 1.618081034482758696e-01 1.876756896551724507e-01 2.948951724137930941e-01 0.000000000000000000e+00 1.640118965517241290e-01 3.151748275862069071e-01 3.029327586206895795e-01 1.454636206896552098e-01 2.323444827586206851e-01 3.109420689655172376e-01 2.996962068965516868e-01 2.992093103448275615e-01 2.014965517241379678e-01 2.088713793103448291e-01 2.061913793103448411e-01 2.256908620689654921e-01 2.564581034482758537e-01 2.185256896551724115e-01 1.169296551724137850e-01 2.367541379310344751e-01 2.077085964912280813e-01 3.492915789473683419e-01 1.139303508771929846e-01 1.644317543859649122e-01 2.149237931034482796e-01 1.725827586206896691e-01 2.138313793103448490e-01 2.096884482758620272e-01 1.718822413793103521e-01 1.878436206896551552e-01 2.857672413793103106e-01 3.083032758620689595e-01 2.008015517241379388e-01 2.015256896551724519e-01 1.754510344827586443e-01 2.844036206896551899e-01 6.067431034482758528e-02 3.875151724137930187e-01 6.995344827586205683e-02 1.173174137931034672e-01 3.157677192982456527e-01 3.649113793103447856e-01 2.048522413793103514e-01 1.879563793103448122e-01 3.147970689655172349e-01 1.780355172413793374e-01 1.987865517241379776e-01 1.422082758620689669e-01 1.782218965517241571e-01 9.940879310344827302e-02 2.625360344827586401e-01 2.245756896551724113e-01 4.073243859649122722e-01 2.565637931034482344e-01 8.733275862068964890e-02 2.942888888888888776e-01 2.898064285714285759e-01 2.791143636363636604e-01 1.499972222222222262e-01 3.619175925925925408e-01 3.323644444444444623e-01 1.690529629629629882e-01 1.928624528301886298e-01 2.325249019607843470e-01 2.479155172413793073e-01 3.061862068965517381e-01 1.966172000000000197e-01
2.808606000000000158e-01 2.068635714285714244e-01 2.252100000000000213e-01 3.295929310344827279e-01 1.754182758620690119e-01 7.428982758620690519e-02 1.640118965517241290e-01 0.000000000000000000e+00 1.794477586206896791e-01 1.750913793103448246e-01 3.856943103448275401e-01 1.514194827586206604e-01 9.297982758620691734e-02 7.854534482758622482e-02 1.523006896551724054e-01 2.468436206896551521e-01 2.150639655172413844e-01 2.755631034482758368e-01 2.687836206896551672e-01 2.276796551724137863e-01 -2.593318965517241170e-01 3.716912068965517735e-01 1.738370689655172052e-01 1.195719298245613987e-01 1.734607017543859653e-01 2.989975438596490509e-01 2.735364912280702221e-01 -1.132070689655172435e-01 2.866386206896552324e-01 3.175567241379310679e-01 3.083696551724138257e-01 3.030548275862068874e-01 3.013984482758620964e-01 5.572793103448276525e-02 3.245027586206896131e-01 3.232562068965517121e-01 9.695517241379307885e-03 1.970506896551724174e-01 1.565605172413792878e-01 3.238184482758620364e-01 1.414679310344827412e-01 4.534186206896551607e-01 2.851087931034482215e-01 1.246859649122807195e-01 1.450960344827585957e-01 3.260039655172414230e-01 2.726913793103448169e-01 1.735308620689655357e-01 3.368479310344827948e-01 2.940946551724138991e-01 3.427067241379310181e-01 2.546091379310345126e-01 4.102936206896552473e-01 2.313058620689655287e-01 3.011353448275862488e-01 1.817243859649122495e-01 1.478903448275862287e-01 3.732006896551723907e-01 9.804933333333334944e-02 2.052841071428571362e-01 2.960852727272727525e-01 3.561401851851851430e-01 1.838670370370369955e-01 1.457174074074074066e-01 2.429714814814815105e-01 2.678775471698113253e-01 2.588376470588235612e-01 8.595034482758620586e-02 2.848858620689654897e-01 2.247127999999999903e-01
1.432322000000000040e-01 5.564498214285713562e-01 1.609039655172413430e-01 2.960725862068965264e-01 1.612151724137931008e-01 2.384453448275862253e-01 3.151748275862069071e-01 1.794477586206896791e-01 0.000000000000000000e+00 4.922508333333333042e-01 1.494353333333333367e-01 1.851296666666666646e-01 2.506636666666667290e-01 2.488741666666666463e-01 3.369556666666666533e-01 1.744846666666666768e-01 2.043936666666667235e-01 3.259589999999999987e-01 1.832311666666666672e-01 1.440603333333333458e-01 1.603175000000000294e-01 3.527826666666666333e-01 2.688179999999999459e-01 2.513050847457627412e-01 4.726983050847457513e-01 1.581262711864407089e-01 3.791764406779660757e-01 6.797783333333333455e-02 2.193776666666666375e-01 2.000630000000000186e-01 2.606930000000000081e-01 2.095576666666666699e-01 2.066403333333332870e-01 4.137521666666666986e-01 2.144321666666666737e-01 1.969756666666666323e-01 1.530086666666666262e-01 4.182848333333332724e-01 3.569180000000000130e-01 1.719929999999999792e-01 3.780654999999999988e-01 3.148636666666667083e-01 2.521871666666666845e-01 3.023238983050847151e-01 5.902546666666667052e-01 2.098853333333332849e-01 2.964658333333333728e-01 3.477120000000000766e-01 1.896735000000000504e-01 1.463193333333333290e-01 1.921184999999999699e-01 2.678546666666666853e-01 3.331408333333333860e-01 2.386561666666666415e-01 1.832653333333333356e-01 5.580649152542372926e-01 3.698648333333333649e-01 2.231580000000000230e-01 3.280965957446809189e-01 3.122605172413793206e-01 2.511954385964912384e-01 3.008139285714285793e-01 5.042377777777777847e-01 3.814812962962963461e-01 1.643677777777777793e-01 2.852718867924528001e-01 1.828184313725490229e-01 3.194468965517240910e-01 1.543568965517241043e-01 1.530456000000000039e-01
2.481335999999999820e-01 5.750378571428571561e-01 3.861282758620689926e-01 2.224718965517241132e-01 2.225946551724137801e-01 2.894268965517240999e-01 3.029327586206895795e-01 1.750913793103448246e-01 4.922508333333333042e-01 0.000000000000000000e+00 1.774863934426229028e-01 1.904354098360655501e-01 3.118455737704917130e-01 3.076877049180327117e-01 3.397501639344261415e-01 1.904195081967213765e-01 2.353516393442622590e-01 2.616659016393442783e-01 2.165842622950819585e-01 2.138080327868852604e-01 2.139203278688525112e-01 2.192352459016393418e-01 2.275534426229507967e-01 1.710016666666666629e-01 4.836554999999999049e-01 1.668963333333333410e-01 2.668293333333333073e-01 2.364573770491803228e-01 2.441998360655737443e-01 2.144027868852459162e-01 2.369008196721311132e-01 1.909652459016393244e-01 2.114472131147540623e-01 3.572747540983606251e-01 2.628426229508196710e-01 2.130514754098360719e-01 1.859054098360655438e-01 2.556521311475410396e-01 3.444083606557377109e-01 1.096101639344262413e-01 3.711655737704917524e-01 1.652618032786885294e-01 2.081047540983606559e-01 2.846199999999999841e-01 4.935083606557376656e-01 1.905342622950819131e-01 2.409477049180327457e-01 3.289636065573769419e-01 2.049645901639344792e-01 1.733390163934425965e-01 1.624473770491803581e-01 2.374819672131147918e-01 1.616409836065573757e-01 1.659432786885246258e-01 2.532906557377049284e-01 5.858516666666666595e-01 3.659647540983606007e-01 1.441777049180328063e-01 3.377406249999999610e-01 3.398859322033898067e-01 2.586541379310344779e-01 2.013915789473684215e-01 5.155138181818181842e-01 4.033043636363635720e-01 1.384890909090909228e-01 2.544625925925925736e-01 1.975738461538461554e-01 3.422063333333333346e-01 4.613639999999998853e-01 2.174984615384615849e-01
3.831305999999999878e-01 1.668953571428571092e-01 1.120451724137930954e-01 4.010889655172413804e-01 2.201510344827586341e-01 -8.696551724137907037e-04 1.454636206896552098e-01 3.856943103448275401e-01 1.494353333333333367e-01 1.774863934426229028e-01 0.000000000000000000e+00 2.362483606557377602e-01 9.082639344262294356e-02 6.786885245901647448e-03 1.874678688524590020e-01 2.583585245901638960e-01 2.639878688524590622e-01 2.507360655737704835e-01 2.568055737704918462e-01 2.626785245901639421e-01 -2.489309836065573822e-01 4.664868852459016502e-01 1.251391803278688597e-01 1.011225000000000179e-01 1.477498333333333302e-01 4.949721666666667130e-01 2.528741666666666776e-01 -1.344547540983606071e-01 2.607203278688524639e-01 3.595406557377048284e-01 3.833726229508196415e-01 2.771463934426229847e-01 3.355024590163934173e-01 1.330036065573770854e-01 3.931647540983606581e-01 3.534472131147540774e-01 2.041967213114754751e-02 1.699018032786885068e-01 1.903142622950819429e-01 4.076937704918033867e-01 1.521698360655737714e-01 5.891990163934426317e-01 4.756867213114754911e-01 1.276161666666666694e-01 1.333939344262294879e-01 3.741165573770491859e-01 2.785242622950820368e-01 1.693439344262294977e-01 3.793667213114754189e-01 3.731039344262295221e-01 4.187545901639344037e-01 2.299185245901639307e-01 5.580970491803278755e-01 3.471716393442622062e-01 2.968747540983605604e-01 1.850559999999999983e-01 1.767988524590164146e-01 5.461945901639345680e-01 5.011541666666666922e-02 1.752345762711864652e-01 2.992929310344828453e-01 5.070943859649122976e-01 2.026038181818182182e-01 1.369596363636363667e-01 3.281921818181819384e-01 3.020087037037037514e-01 3.189026923076923037e-01 1.724599999999999467e-01 1.183993333333333148e-01 2.468284615384615521e-01
1.623539999999999983e-01 2.150974999999999693e-01 1.680763793103448311e-01 2.420760344827586341e-01 1.593965517241378860e-01 1.941300000000000248e-01 2.323444827586206851e-01 1.514194827586206604e-01 1.851296666666666646e-01 1.904354098360655501e-01 2.362483606557377602e-01 0.000000000000000000e+00 2.150001612903225390e-01 2.026050000000000073e-01 2.144624193548387014e-01 1.317258064516129423e-01 2.295532258064515996e-01 1.455208064516128885e-01 1.920243548387096377e-01 2.063451612903225707e-01 -7.400790322580645675e-02 1.769295161290322660e-01 1.369669354838709829e-01 1.043513114754098248e-01 2.290170491803278641e-01 1.390201639344262330e-01 2.539349180327868938e-01 8.690903225806452526e-02 2.007483870967742001e-01 1.893579032258064787e-01 2.424691935483870575e-01 2.284487096774193704e-01 1.323412903225806292e-01 1.577975806451612784e-01 2.780888709677419857e-01 1.760867741935483732e-01 3.803870967741934672e-02 1.678127419354838723e-01 1.896887096774193260e-01 2.431066129032257994e-01 2.275390322580645164e-01 3.040377419354839406e-01 2.080367741935483794e-01 2.080283606557376819e-01 2.026916129032258485e-01 1.802606451612902838e-01 2.236269354838709422e-01 2.016150000000000164e-01 1.911435483870967955e-01 2.014232258064516390e-01 2.617020967741935378e-01 1.695777419354838333e-01 2.914895161290323444e-01 2.033020967741935303e-01 2.114461290322580400e-01 2.276665573770491613e-01 1.857435483870968074e-01 2.631903225806451752e-01 2.313828571428571679e-01 1.979326666666666457e-01 1.353444827586207100e-01 2.677700000000000080e-01 2.320969090909091315e-01 1.810532727272727571e-01 2.013812727272726866e-01 2.115231481481481268e-01 1.865707692307692622e-01 2.220380000000000131e-01 1.082943333333333535e-01 1.074753846153845838e-01
1.970560000000000089e-01 3.332328571428571640e-01 4.072284482758620761e-01 1.538979310344827656e-01 2.121839655172413630e-01 2.695960344827585953e-01 3.109420689655172376e-01 9.297982758620691734e-02 2.506636666666667290e-01 3.118455737704917130e-01 9.082639344262294356e-02 2.150001612903225390e-01 0.000000000000000000e+00 2.773870967741934868e-01 3.118241935483871408e-01 1.758504838709677720e-01 1.997040322580645177e-01 1.531687096774193291e-01 1.856408064516128775e-01 2.091229032258064835e-01 2.400777419354838682e-01 3.294032258064515800e-02 1.993349999999999567e-01 1.787770491803279127e-01 3.266265573770491537e-01 7.070163934426228203e-02 1.121780327868852623e-01 2.051359677419354877e-01 1.609930645161290197e-01 1.900248387096774016e-01 2.111862903225806554e-01 1.452875806451612850e-01 1.485359677419354485e-01 2.823370967741935522e-01 1.671362903225806218e-01 1.006495161290322515e-01 2.715449999999999253e-01 7.320951612903225936e-02 2.711714516129031805e-01 -1.728290322580645216e-02 2.994629032258064871e-01 -6.489467741935482648e-02 6.217000000000000304e-02 4.639155737704918070e-01 3.313779032258065138e-01 1.390562903225806002e-01 1.484854838709677716e-01 3.250946774193547717e-01 1.617380645161290431e-01 1.478366129032258058e-01 1.163490322580645192e-01 1.492367741935483605e-01 -2.968064516129034769e-03 2.134885483870967438e-01 1.914172580645161215e-01 3.732783606557377176e-01 2.617017741935483977e-01 -3.184032258064515338e-03 3.012418367346938464e-01 2.584933333333332972e-01 2.094531034482758902e-01 4.657403508771930378e-02 3.583332727272727780e-01 3.303274545454545352e-01 1.471867272727273024e-01 1.745233333333333081e-01 2.778682692307692381e-01 3.000293333333334256e-01 2.283563333333333556e-01 2.057592307692308053e-01
1.289649999999999963e-01 3.363478571428571429e-01 5.345544827586207193e-01 1.432374137931034797e-01 1.951862068965516950e-01 4.211915517241379692e-01 2.996962068965516868e-01 7.854534482758622482e-02 2.488741666666666463e-01 3.076877049180327117e-01 6.786885245901647448e-03 2.026050000000000073e-01 2.773870967741934868e-01 0.000000000000000000e+00 2.555458064516129557e-01 1.927467741935484091e-01 1.715054838709677565e-01 1.721054838709677459e-01 1.679620967741935478e-01 1.669509677419354632e-01 1.416888709677419367e-01 9.663225806451614802e-03 2.399270967741935767e-01 2.325906557377048767e-01 3.174003278688524166e-01 2.948655737704917665e-02 2.494691803278688558e-01 3.464893548387097399e-01 1.344691935483871004e-01 2.200720967741935097e-01 9.234983870967741759e-02 1.390609677419354651e-01 8.945419354838708703e-02 3.089787096774193054e-01 1.179185483870967832e-01 6.684403225806451188e-02 2.701961290322579257e-01 1.826200000000000323e-01 2.735882258064515904e-01 -1.184854838709678039e-02 3.125185483870967507e-01 -1.000535483870968051e-01 4.312596774193548643e-02 2.911380327868852147e-01 2.772503225806451921e-01 1.021746774193548479e-01 1.482874193548387176e-01 2.961449999999999361e-01 2.132033870967741940e-01 1.227111290322580456e-01 5.254919354838709367e-02 1.618412903225806276e-01 -4.197322580645160284e-02 1.484030645161290296e-01 1.631932258064515973e-01 3.775759016393442913e-01 2.633069354838710185e-01 -6.938790322580647152e-02 3.481110204081632742e-01 2.804628333333333279e-01 1.368462068965517198e-01 2.268543859649123362e-02 3.285787272727273001e-01 2.792507272727272616e-01 1.028534545454545257e-01 1.532229629629629497e-01 2.303076923076922966e-01 2.451366666666666416e-01 5.769749999999997936e-01 1.432896153846153764e-01
2.149936000000000347e-01 4.012053571428571552e-01 1.496832758620689763e-01 1.617968965517241620e-01 1.903862068965517240e-01 2.571691379310344638e-01 2.992093103448275615e-01 1.523006896551724054e-01 3.369556666666666533e-01 3.397501639344261415e-01 1.874678688524590020e-01 2.144624193548387014e-01 3.118241935483871408e-01 2.555458064516129557e-01 0.000000000000000000e+00 1.577372580645161060e-01 1.723519354838709827e-01 1.675450000000000272e-01 1.520559677419354994e-01 1.839877419354838950e-01 8.495387096774195679e-02 1.174738709677419224e-01 2.208390322580645049e-01 1.322567213114754225e-01 2.775262295081967756e-01 1.722422950819672283e-01 1.637475409836065543e-01 1.515767741935483415e-01 1.365011290322580562e-01 1.950359677419354620e-01 1.953551612903225987e-01 1.577437096774193248e-01 1.566022580645161089e-01 1.643649999999999833e-01 2.539629032258064467e-01 1.680987096774193557e-01 1.820879032258063968e-01 1.155193548387096897e-01 2.770582258064516190e-01 6.744758064516129248e-02 2.438030645161290699e-01 7.394161290322581737e-02 1.103579032258064363e-01 3.370463934426229935e-01 3.628562903225807101e-01 1.799043548387096458e-01 1.562014516129032193e-01 2.924700000000000633e-01 1.730811290322580853e-01 1.829904838709676962e-01 1.520487096774193470e-01 1.553287096774193243e-01 1.043679032258064410e-01 1.828201612903225526e-01 1.670462903225806151e-01 4.211578688524589831e-01 1.819991935483870893e-01 1.191388709677419222e-01 2.566259183673469391e-01 2.329610000000000014e-01 2.937189655172414149e-01 1.634761403508771804e-01 3.788458181818181725e-01 2.741565454545454306e-01 1.695892727272727274e-01 1.634899999999999964e-01 2.393276923076922413e-01 2.503316666666666745e-01 -2.068500000000000547e-02 1.360684615384615548e-01
1.877633999999999692e-01 2.343226785714285776e-01 1.527594827586206683e-01 3.105293103448275027e-01 1.244639655172413845e-01 2.287486206896551522e-01 2.014965517241379678e-01 2.468436206896551521e-01 1.744846666666666768e-01 1.904195081967213765e-01 2.583585245901638960e-01 1.317258064516129423e-01 1.758504838709677720e-01 1.927467741935484091e-01 1.577372580645161060e-01 0.000000000000000000e+00 2.133925806451613116e-01 2.360750000000000626e-01 1.423012903225806536e-01 1.789620967741935298e-01 -2.360354838709676634e-02 1.877948387096774197e-01 1.097645161290322496e-01 7.620245901639344233e-02 1.875586885245902058e-01 2.071275409836065839e-01 2.683537704918032563e-01 1.165141935483870878e-01 1.856575806451613020e-01 2.993348387096774754e-01 2.415441935483870761e-01 1.806720967741935469e-01 2.042233870967742337e-01 7.953709677419354418e-02 3.135532258064516742e-01 2.094496774193548572e-01 1.761290322580640522e-04 1.081396774193548321e-01 1.556680645161290510e-01 2.056854838709677447e-01 1.949750000000000372e-01 3.742401612903226149e-01 2.419185483870967546e-01 2.321190163934426787e-01 2.049414516129032526e-01 2.310353225806451305e-01 2.073608064516128946e-01 2.037198387096774421e-01 3.109070967741935365e-01 1.996983870967742325e-01 1.954467741935483616e-01 1.653664516129032258e-01 3.409188709677420381e-01 1.881493548387096759e-01 1.852709677419354939e-01 2.043909836065573860e-01 1.607929032258064994e-01 3.442282258064516265e-01 1.892773469387755425e-01 1.414646666666666830e-01 1.738996551724137640e-01 2.922275438596491637e-01 1.999078181818182143e-01 1.495949090909090839e-01 1.870641818181818239e-01 2.193264814814814556e-01 3.349053846153845493e-01 1.883886666666665932e-01 8.904333333333329381e-02 1.495650000000000035e-01
1.692744000000000193e-01 2.071189285714285511e-01 5.544482758620689587e-03 3.010010344827586670e-01 1.863441379310344925e-01 1.652379310344827545e-01 2.088713793103448291e-01 2.150639655172413844e-01 2.043936666666667235e-01 2.353516393442622590e-01 2.639878688524590622e-01 2.295532258064515996e-01 1.997040322580645177e-01 1.715054838709677565e-01 1.723519354838709827e-01 2.133925806451613116e-01 0.000000000000000000e+00 2.087170967741935335e-01 1.907412903225806367e-01 1.816903225806451583e-01 -1.610359677419355151e-01 2.536862903225806654e-01 1.614498387096774124e-01 1.185316393442622795e-01 2.240801639344262575e-01 2.220000000000000306e-01 2.212904918032786716e-01 2.428080645161290879e-02 2.589987096774193365e-01 1.667245161290322741e-01 2.668569354838709606e-01 2.338432258064516156e-01 1.799482258064515894e-01 1.510475806451612724e-01 2.866004838709677593e-01 1.690125806451613089e-01 4.999951612903225789e-02 2.248462903225805776e-01 1.935451612903225649e-01 3.180524193548388001e-01 2.132441935483871120e-01 4.117067741935484526e-01 2.830683870967742877e-01 2.187383606557377069e-01 1.975506451612903669e-01 1.953475806451612784e-01 3.073256451612903506e-01 2.318520967741935779e-01 2.044937096774193941e-01 2.000970967741935724e-01 2.721493548387096673e-01 2.597820967741935050e-01 3.795132258064517483e-01 1.989767741935483947e-01 2.546340322580645243e-01 2.144414754098360743e-01 2.155817741935484311e-01 3.766891935483870912e-01 2.221775510204081761e-01 2.230094999999999994e-01 2.057213793103448429e-01 3.304831578947368675e-01 2.067132727272726900e-01 1.796683636363636538e-01 2.290807272727272692e-01 2.454135185185185308e-01 1.712353846153846504e-01 2.187776666666666758e-01 -6.321000000000002832e-03 1.942488461538461331e-01
2.358764000000000138e-01 2.703192857142857064e-01 1.291644827586206912e-01 3.378206896551724236e-01 2.578567241379310371e-01 1.938615517241379371e-01 2.061913793103448411e-01 2.755631034482758368e-01 3.259589999999999987e-01 2.616659016393442783e-01 2.507360655737704835e-01 1.455208064516128885e-01 1.531687096774193291e-01 1.721054838709677459e-01 1.675450000000000272e-01 2.360750000000000626e-01 2.087170967741935335e-01 0.000000000000000000e+00 2.662806451612902969e-01 2.832256451612903958e-01 -3.343419354838708668e-02 3.885227419354839173e-01 1.699908064516128248e-01 1.839957377049180332e-01 2.203122950819672576e-01 3.223627868852459444e-01 3.268327868852458629e-01 2.199016129032258654e-02 3.040795161290323345e-01 2.035956451612903340e-01 3.120330645161291105e-01 2.364867741935484102e-01 3.168153225806452089e-01 1.723309677419354591e-01 3.026859677419354577e-01 2.857185483870968712e-01 9.561629032258064931e-02 2.987722580645161274e-01 2.016170967741935383e-01 3.018408064516129308e-01 2.146487096774193637e-01 4.338088709677418997e-01 3.814967741935484380e-01 1.869042622950819743e-01 2.630082258064516676e-01 3.013635483870967247e-01 2.918954838709678090e-01 2.153950000000000031e-01 2.578124193548387288e-01 2.460609677419354491e-01 3.180835483870967373e-01 2.212087096774193185e-01 4.055632258064515994e-01 2.499491935483870719e-01 3.126561290322580344e-01 2.855685245901639080e-01 2.488129032258064588e-01 3.822054838709677549e-01 2.094632653061224425e-01 1.767036666666666755e-01 3.000034482758621168e-01 3.793342105263158293e-01 2.499210909090908705e-01 2.099447272727272829e-01 2.303059999999999830e-01 3.712487037037036641e-01 2.322923076923076868e-01 2.128496666666666592e-01 9.723099999999999798e-02 2.966788461538461541e-01
1.927912000000000237e-01 2.223569642857143314e-01 1.992115517241379863e-01 3.655524137931034923e-01 1.529281034482758983e-01 1.619624137931034435e-01 2.256908620689654921e-01 2.687836206896551672e-01 1.832311666666666672e-01 2.165842622950819585e-01 2.568055737704918462e-01 1.920243548387096377e-01 1.856408064516128775e-01 1.679620967741935478e-01 1.520559677419354994e-01 1.423012903225806536e-01 1.907412903225806367e-01 2.662806451612902969e-01 0.000000000000000000e+00 2.539124193548387143e-01 -3.211483870967742071e-02 2.402914516129033007e-01 1.520503225806451864e-01 1.263913114754098566e-01 1.818703278688524883e-01 1.854349180327869162e-01 3.515354098360655155e-01 2.704112903225806136e-02 2.485412903225805992e-01 3.252445161290322684e-01 1.820327419354838272e-01 2.613341935483871059e-01 1.580779032258064487e-01 8.171677419354840544e-02 2.766390322580645211e-01 1.823366129032258087e-01 4.235887096774194199e-02 2.048891935483870552e-01 2.072237096774193488e-01 3.024609677419355935e-01 2.142082258064516298e-01 3.824341935483870913e-01 3.046966129032258608e-01 2.337180327868852436e-01 1.319256451612903225e-01 1.660861290322580286e-01 2.118741935483870187e-01 2.690209677419354573e-01 3.592956451612903668e-01 2.756825806451613237e-01 2.550201612903225667e-01 1.978990322580644889e-01 3.528009677419354784e-01 1.423912903225806326e-01 2.938082258064515506e-01 2.359437704918032619e-01 1.832374193548387542e-01 3.336119354838709694e-01 2.053377551020407754e-01 1.571915000000000118e-01 1.543531034482758801e-01 2.742968421052631722e-01 2.137958181818181980e-01 1.886052727272727048e-01 1.897652727272727269e-01 2.538314814814814913e-01 3.354673076923076480e-01 2.191280000000000727e-01 1.628936666666666866e-01 1.738415384615384918e-01
2.423508000000000051e-01 2.417114285714285771e-01 1.478570689655172576e-01 3.657115517241379399e-01 2.068553448275862183e-01 1.860620689655172466e-01 2.564581034482758537e-01 2.276796551724137863e-01 1.440603333333333458e-01 2.138080327868852604e-01 2.626785245901639421e-01 2.063451612903225707e-01 2.091229032258064835e-01 1.669509677419354632e-01 1.839877419354838950e-01 1.789620967741935298e-01 1.816903225806451583e-01 2.832256451612903958e-01 2.539124193548387143e-01 0.000000000000000000e+00 -5.920032258064516356e-02 2.380424193548387746e-01 1.554045161290323052e-01 1.188711475409836155e-01 2.127234426229508424e-01 2.519260655737705079e-01 3.184332786885246125e-01 3.541725806451611475e-02 2.417720967741935623e-01 3.753258064516128423e-01 1.867156451612903001e-01 2.238575806451612582e-01 1.510825806451612796e-01 1.163006451612903364e-01 3.709691935483870884e-01 2.218253225806451345e-01 7.189838709677420781e-02 1.924688709677419285e-01 1.951908064516129082e-01 3.053522580645162132e-01 2.666029032258063758e-01 3.716635483870968648e-01 2.835554838709677394e-01 2.161249180327869113e-01 1.493679032258065087e-01 1.916374193548386895e-01 1.893049999999999455e-01 2.501996774193548934e-01 3.546714516129032546e-01 2.973859677419355418e-01 2.429461290322580402e-01 2.186696774193548354e-01 3.636187096774193273e-01 1.564327419354838711e-01 3.040130645161289724e-01 2.786703278688524299e-01 1.819890322580645092e-01 3.304058064516129378e-01 2.199269387755102001e-01 1.805396666666666539e-01 1.831062068965517153e-01 3.003450877192982427e-01 2.683129090909090464e-01 1.893274545454545765e-01 2.106025454545454589e-01 2.464446296296296524e-01 3.895471153846153944e-01 2.270283333333334153e-01 1.222483333333333477e-01 1.702819230769230530e-01
-7.515879999999999783e-02 2.549512500000000181e-01 4.728963793103447832e-01 -1.411013793103448044e-01 -1.006517241379310985e-02 1.299262068965517380e-01 2.185256896551724115e-01 -2.593318965517241170e-01 1.603175000000000294e-01 2.139203278688525112e-01 -2.489309836065573822e-01 -7.400790322580645675e-02 2.400777419354838682e-01 1.416888709677419367e-01 8.495387096774195679e-02 -2.360354838709676634e-02 -1.610359677419355151e-01 -3.343419354838708668e-02 -3.211483870967742071e-02 -5.920032258064516356e-02 0.000000000000000000e+00 -2.993246774193548121e-01 6.835709677419353480e-02 3.603967213114753904e-02 2.607570491803279378e-01 -3.035362295081966977e-01 -9.973934426229508210e-02 -4.005548387096773133e-02 -1.309961290322581018e-01 -1.009211290322580973e-01 -1.810753225806450983e-01 -1.639027419354838755e-01 -2.162858064516128831e-01 1.006638709677419308e-01 -1.237464516129032216e-01 -2.401259677419354810e-01 1.391540322580645250e-01 -6.132161290322581115e-02 1.523338709677419522e-01 -4.076499999999999013e-01 2.705396774193548626e-01 -4.294291935483869338e-01 -2.675137096774194423e-01 3.259418032786885466e-01 2.512448387096774538e-01 -2.622125806451612862e-01 -1.660454838709677639e-01 2.585483870967741904e-01 -1.160964516129032453e-01 -1.627751612903225453e-01 -2.189033870967742323e-01 -1.089138709677419520e-01 -3.515538709677419327e-01 -1.016961290322580674e-01 -1.001306451612903187e-01 3.341955737704918605e-01 1.353133870967742070e-01 -3.771883870967741581e-01 2.143975510204081669e-01 2.874666666666668771e-02 -5.549482758620688516e-02 -2.434614035087719341e-01 2.967216363636364651e-01 2.612310909090909128e-01 -1.637039999999999607e-01 -4.273462962962964323e-02 6.965057692307691228e-02 1.337153333333333249e-01 4.254763333333332342e-01 -1.417680769230769133e-01
2.452837999999999408e-01 1.844905357142856972e-01 8.603172413793103157e-02 4.486105172413793474e-01 2.324362068965517003e-01 2.827758620689656017e-03 1.169296551724137850e-01 3.716912068965517735e-01 3.527826666666666333e-01 2.192352459016393418e-01 4.664868852459016502e-01 1.769295161290322660e-01 3.294032258064515800e-02 9.663225806451614802e-03 1.174738709677419224e-01 1.877948387096774197e-01 2.536862903225806654e-01 3.885227419354839173e-01 2.402914516129033007e-01 2.380424193548387746e-01 -2.993246774193548121e-01 0.000000000000000000e+00 8.530935483870968894e-02 1.219201639344262289e-01 1.485785245901639628e-01 4.698442622950820269e-01 3.032749180327868888e-01 -1.655474193548387429e-01 3.253100000000001546e-01 3.596532258064516485e-01 3.044117741935484234e-01 3.367999999999999883e-01 3.882666129032258384e-01 1.408917741935483692e-01 4.876508064516130170e-01 3.244232258064516650e-01 7.629032258064519408e-03 2.013277419354838893e-01 1.347119354838709759e-01 5.372825806451613229e-01 1.397561290322580640e-01 7.100975806451612637e-01 5.140687096774194664e-01 1.939404918032786862e-01 2.174501612903226022e-01 3.714396774193549078e-01 2.961556451612903929e-01 1.705116129032258343e-01 3.809641935483871200e-01 3.016233870967741648e-01 5.016859677419354124e-01 2.705224193548387279e-01 6.319003225806453239e-01 2.503998387096774136e-01 2.384561290322580185e-01 1.885798360655737693e-01 2.465745161290323062e-01 7.007659677419355582e-01 9.396306122448980225e-02 1.532791666666666885e-01 2.894546551724138106e-01 5.528092982456140891e-01 1.928900000000000059e-01 1.485598181818181540e-01 3.840143636363637092e-01 2.826090740740740959e-01 3.126888461538461228e-01 2.169369999999999910e-01 -3.099800000000000125e-02 1.769803846153846227e-01
