0.0 3.804147 6.432532 9.966075 13.300996 16.741805 19.776047 23.271225 26.339028 28.281858 29.837467 26.406832 22.805535 20.139083 17.032448 14.173095 10.879238 8.532229 5.16704 5.440329 5.698473 5.635027 6.818161 10.216789 10.691946 8.721564 10.800703 13.820767 13.72886 13.374756 16.08145 18.214745 18.448986 18.587367 21.323295 23.046417 23.093395 24.423421 24.30172 27.209751 27.009142 24.760581 21.097639 18.942245 15.449473 14.024801 12.552372 12.312147 9.132945 8.195904 10.721862 13.284764 16.754973 20.13901 23.133457 26.756051 
3.804147 0.0 3.804919 6.645983 10.255233 13.577043 16.836022 20.262985 23.4247 25.130141 26.45009 22.929106 19.419495 16.766894 13.480509 10.749418 7.396895 5.96042 3.676917 6.340667 8.438557 8.546148 8.468552 11.701879 11.77338 8.751855 10.65468 13.763925 13.055804 11.849022 14.900853 17.095134 16.645686 16.471052 19.597029 21.180841 20.685077 21.940169 22.142783 25.163967 24.882649 22.900798 19.422994 17.21937 14.030459 12.56611 12.086649 11.487016 7.792123 7.09468 8.492219 11.284788 14.327789 17.799033 20.58407 24.222013 
6.432532 3.804919 0.0 3.807046 6.871122 10.394332 13.374676 16.908552 19.946911 21.852745 23.46575 20.110305 16.461501 13.820829 10.965684 8.485005 6.137836 4.968539 5.073333 7.150634 9.971801 9.166483 7.576931 10.250253 10.420485 6.821659 7.842991 11.0283 10.437913 8.529042 11.396234 13.872003 13.456555 12.882077 15.948072 17.754824 17.282149 18.325153 18.369151 21.36849 21.160907 19.271185 15.794674 13.865198 10.943561 10.235182 10.56091 10.845459 7.509485 5.387962 5.478233 7.654486 10.755061 14.103272 17.057345 20.635257 
9.966075 6.645983 3.807046 0.0 3.80482 6.942364 10.285135 13.64937 16.85718 18.569883 19.908997 16.458481 12.852095 10.399349 7.475842 5.830633 4.7592 6.056631 7.842978 10.514174 13.650173 12.93069 10.959016 13.236539 13.281701 9.498805 9.781154 12.62355 11.654849 8.730332 11.430383 13.953763 12.769636 11.478782 14.853709 16.584398 15.373839 16.062769 16.391501 19.377087 18.952638 17.38151 14.291307 12.335844 10.121061 9.524075 11.134127 11.112508 8.098035 6.696717 4.525497 6.452145 8.408105 11.792983 14.322546 17.899513 
13.300996 10.255233 6.871122 3.80482 0.0 3.799089 6.608177 10.171032 13.179061 15.004912 16.676896 13.464682 9.745649 7.290056 5.437922 5.111361 6.550965 8.13182 10.82249 12.967566 16.285028 15.289581 12.754263 14.189771 14.111414 10.488315 9.869183 12.012621 10.996131 7.386585 9.396095 11.887216 10.384856 8.338668 11.704812 13.507104 12.011704 12.350523 12.728308 15.758163 15.483883 14.326888 11.525148 10.245384 9.119701 9.762071 12.292656 12.976119 10.746573 8.846144 5.427102 4.926816 5.518482 8.379631 10.996311 14.400298 
16.741805 13.577043 10.394332 6.942364 3.799089 0.0 3.80743 6.745484 10.129503 11.994567 13.37985 10.181436 6.393801 5.147868 4.865738 7.002963 9.419192 11.703828 14.457579 16.755087 20.036153 18.886687 16.127464 17.469739 17.610246 14.10971 12.981359 14.877712 14.041318 10.266109 11.362826 13.790134 12.007193 9.122961 12.077105 13.92104 11.720408 11.074786 11.446441 14.047599 13.256959 12.45211 10.461511 9.275325 9.404738 10.214462 13.516915 14.037094 12.535782 11.252536 7.480485 6.472512 4.494463 6.623721 8.133011 11.4785 
19.776047 16.836022 13.374676 10.285135 6.608177 3.80743 0.0 3.802214 6.594856 8.873893 11.009479 8.556369 5.048725 4.700451 6.867485 9.29833 12.342134 14.280324 17.315958 19.172748 22.485171 21.172398 18.162813 18.816747 18.84387 15.719148 14.101177 15.20507 14.473329 10.791457 10.839207 12.844896 11.042791 7.59833 9.792134 11.604998 9.200373 7.692165 8.021048 10.530593 10.028505 10.050899 8.833141 9.009537 10.464964 12.328622 15.792428 16.904751 15.815952 14.09858 10.325571 8.018903 4.883217 4.318112 5.517837 8.261702 
23.271225 20.262985 16.908552 13.64937 10.171032 6.745484 3.802214 0.0 3.797523 6.381882 8.212336 6.489927 4.164848 6.438659 9.421918 12.522864 15.700584 17.939309 20.95824 22.931176 26.213304 24.796747 21.676393 22.321575 22.516826 19.463459 17.634164 18.642794 18.073635 14.46401 14.067648 15.899001 14.112778 10.601439 11.967047 13.595451 10.889259 8.333434 8.480378 9.842657 8.625778 9.429041 9.671713 10.148855 12.51421 14.314504 18.019412 18.98967 18.410735 17.09434 13.344444 11.172168 7.513275 5.78489 4.142741 5.725547 
26.339028 23.4247 19.946911 16.85718 13.179061 10.129503 6.594856 3.797523 0.0 3.806564 6.816414 6.922541 6.383435 8.505823 12.082321 15.02917 18.484523 20.522427 23.75284 25.462387 28.795953 27.404025 24.245496 24.404641 24.368482 21.626232 19.697615 20.052513 19.414781 16.127984 15.197417 16.355668 14.5572 11.255237 11.678498 12.751845 10.030871 6.792663 7.229026 7.922117 7.467243 9.753568 10.965036 12.529899 15.341823 17.613165 21.248153 22.524153 21.98156 20.374439 16.652385 14.020713 10.473531 7.6566 5.828036 4.763016 
28.281858 25.130141 21.852745 18.569883 15.004912 11.994567 8.873893 6.381882 3.806564 0.0 3.809337 5.188076 6.597581 8.765821 12.534114 15.659147 19.35667 21.710955 25.18085 27.115391 30.645527 29.651192 26.746987 26.954368 26.498772 23.671992 22.20566 22.390107 21.191022 18.049554 17.582783 18.174638 15.76205 13.030847 13.742392 13.822779 10.536407 8.056298 9.872036 10.815986 10.965398 13.533128 14.683499 16.102141 18.647231 20.638797 24.295369 25.247769 24.3671 22.939963 19.147179 16.809921 13.431411 11.047527 9.471175 8.310757 
29.837467 26.45009 23.46575 19.908997 16.676896 13.37985 11.009479 8.212336 6.816414 3.809337 0.0 3.794075 7.095903 9.963421 13.360169 16.854721 20.468083 23.288509 26.711114 29.039483 32.627741 31.805511 29.030494 29.619345 29.182185 26.104324 24.86865 25.396965 24.032175 20.750805 20.712133 21.458068 18.798187 16.157286 17.304928 17.314796 13.812396 11.721411 13.55703 14.349929 13.929704 16.220751 17.440495 18.277957 20.677873 22.131461 25.868232 26.317091 25.447039 24.542089 20.753737 18.964376 15.533339 13.725979 11.680791 10.743875 
26.406832 22.929106 20.110305 16.458481 13.464682 10.181436 8.556369 6.489927 6.922541 5.188076 3.794075 0.0 3.803229 6.79283 9.84214 13.4848 16.972118 19.977899 23.30862 25.839928 29.425233 28.716849 26.087239 26.992065 26.571078 23.285219 22.293502 23.192241 21.719495 18.289357 18.760429 19.819977 17.039451 14.386491 16.263378 16.541046 12.941297 11.341985 13.227096 14.746548 14.143189 15.687793 16.145368 16.378012 18.25522 19.331562 22.998926 23.184014 22.073016 21.345674 17.597591 16.225101 13.024992 12.025228 10.509656 10.871816 
22.805535 19.419495 16.461501 12.852095 9.745649 6.393801 5.048725 4.164848 6.383435 6.597581 7.095903 3.803229 0.0 3.806713 6.830912 10.460556 13.851405 16.690387 19.914877 22.360291 25.871201 25.015099 22.325396 23.311217 23.046684 19.705861 18.638901 19.775822 18.479411 14.901367 15.49286 16.95565 14.399758 11.515772 13.784368 14.60816 11.283938 9.855106 11.33145 13.364128 12.674987 13.509205 13.244404 13.161682 14.695788 15.78524 19.390484 19.716912 18.514388 17.598807 13.832815 12.45398 9.38413 8.919983 8.166216 9.730046 
20.139083 16.766894 13.820829 10.399349 7.290056 5.147868 4.700451 6.438659 8.505823 8.765821 9.963421 6.79283 3.806713 0.0 3.803009 7.008048 10.648735 13.328545 16.768368 19.131945 22.761495 22.21636 19.797969 20.689597 20.005482 16.661349 16.077964 17.059106 15.304436 11.885257 13.094236 14.259561 11.381505 9.051438 12.021217 12.507581 9.282922 9.113716 11.107607 14.012646 14.061532 14.631119 13.48998 13.430148 14.223304 15.354984 18.622399 19.053433 17.230634 15.929258 12.26562 10.932497 8.758501 8.963498 9.785562 11.86253 
17.032448 13.480509 10.965684 7.475842 5.437922 4.865738 6.867485 9.421918 12.082321 12.534114 13.360169 9.84214 6.830912 3.803009 0.0 3.803449 7.1328 10.25682 13.551744 16.305907 19.937654 19.708968 17.682812 19.072762 18.318418 14.723521 14.780535 16.287437 14.328978 11.013031 13.180695 14.5988 11.81643 10.11743 13.66696 14.283538 11.556973 12.126624 13.846406 16.959908 16.872673 16.754544 14.900589 14.067068 13.839588 14.229671 17.088437 17.057184 14.700299 13.698006 10.375408 10.112177 9.102508 10.707808 12.139322 14.868143 
14.173095 10.749418 8.485005 5.830633 5.111361 7.002963 9.29833 12.522864 15.02917 15.659147 16.854721 13.4848 10.460556 7.008048 3.803449 0.0 3.804703 6.642553 10.146143 12.837219 16.555698 16.729343 15.163059 16.549234 15.374214 11.803399 12.652352 14.127463 11.767341 8.965856 11.97722 13.147073 10.511999 9.859913 13.659483 14.109197 12.103078 13.571856 15.229146 18.673781 18.986505 18.564479 16.103481 15.230114 14.212931 14.497939 16.691539 16.753404 13.817827 12.442772 9.758759 9.894458 10.283615 12.361273 14.635456 17.549026 
10.879238 7.396895 6.137836 4.7592 6.550965 9.419192 12.342134 15.700584 18.484523 19.35667 20.468083 16.972118 13.851405 10.648735 7.1328 3.804703 0.0 3.799692 6.735296 9.92873 13.517478 14.08354 13.145508 15.086801 13.945517 10.338501 11.99342 13.997688 11.784005 9.622842 13.120658 14.511736 12.501547 12.349528 16.069106 16.75224 15.308214 16.92168 18.203779 21.614716 21.780156 20.843618 17.953578 16.557459 14.684537 14.280891 15.698771 15.383207 11.95724 10.868463 9.250566 10.543453 12.051138 14.803972 17.318397 20.544722 
8.532229 5.96042 4.968539 6.056631 8.13182 11.703828 14.280324 17.939309 20.522427 21.710955 23.288509 19.977899 16.690387 13.328545 10.25682 6.642553 3.799692 0.0 3.796223 6.306305 10.034445 10.833452 10.350377 12.042643 10.530213 7.174561 9.681152 11.52235 9.32136 8.192377 11.911256 13.099711 11.828274 12.430523 15.832401 16.575173 15.981099 17.947505 18.913113 22.383669 22.858703 21.693542 18.438551 17.236778 14.939993 14.789172 15.488137 15.681227 12.172353 10.349965 9.679702 10.785124 13.205439 15.920632 18.971717 22.205385 
5.16704 3.676917 5.073333 7.842978 10.82249 14.457579 17.315958 20.95824 23.75284 25.18085 26.711114 23.30862 19.914877 16.768368 13.551744 10.146143 6.735296 3.796223 0.0 3.794426 6.940891 8.205342 8.775607 11.13912 10.043435 7.257275 10.215741 12.519891 11.053394 10.620455 14.06591 15.513216 14.922635 15.559541 18.700901 19.741161 19.486651 21.330066 21.920175 25.230987 25.49608 23.896633 20.409516 18.802237 15.912502 15.177828 14.954091 14.877447 11.257588 9.801183 10.547377 12.430659 15.431159 18.491901 21.578649 25.002083 
5.440329 6.340667 7.150634 10.514174 12.967566 16.755087 19.172748 22.931176 25.462387 27.115391 29.039483 25.839928 22.360291 19.131945 16.305907 12.837219 9.92873 6.306305 3.794426 0.0 3.803236 5.463391 6.955312 8.582759 7.09128 5.55311 9.050463 10.817998 9.792046 10.572864 13.614277 14.750596 14.963356 16.104413 18.728349 19.794629 20.260959 22.275474 22.579111 25.828819 26.386904 24.689423 21.044706 19.78126 16.804676 16.525431 15.788397 16.384662 13.140943 11.007258 12.2708 13.560542 16.927093 19.704036 23.11156 26.409892 
5.698473 8.438557 9.971801 13.650173 16.285028 20.036153 22.485171 26.213304 28.795953 30.645527 32.627741 29.425233 25.871201 22.761495 19.937654 16.555698 13.517478 10.034445 6.940891 3.803236 0.0 3.801618 7.145244 8.704361 7.907869 7.903067 10.927859 12.625737 12.393252 13.649451 16.210526 17.398831 18.158694 19.328473 21.621638 22.869888 23.661236 25.588205 25.58407 28.656032 29.129976 27.143661 23.395302 21.993446 18.737691 18.223576 16.718802 17.328648 14.427644 12.550493 14.668849 16.158737 19.766222 22.607209 26.039519 29.383714 
5.635027 8.546148 9.166483 12.93069 15.289581 18.886687 21.172398 24.796747 27.404025 29.651192 31.805511 28.716849 25.015099 22.21636 19.708968 16.729343 14.08354 10.833452 8.205342 5.463391 3.801618 0.0 3.813422 5.81768 6.677733 6.782584 8.656035 10.85445 11.705951 12.620238 14.529793 16.31175 17.610725 18.240714 20.189385 21.99791 22.971668 24.438181 23.899035 26.663678 26.9106 24.616482 20.821592 19.350614 15.991576 15.622352 13.797383 14.96316 12.614527 10.289497 12.775402 14.071884 17.84281 20.652537 24.072011 27.419302 
6.818161 8.468552 7.576931 10.959016 12.754263 16.127464 18.162813 21.676393 24.245496 26.746987 29.030494 26.087239 22.325396 19.797969 17.682812 15.163059 13.145508 10.350377 8.775607 6.955312 7.145244 3.813422 0.0 3.798072 6.075922 5.259779 5.541338 8.467224 10.029465 10.219124 11.59947 13.979704 15.486503 15.521006 17.276524 19.522569 20.478289 21.52548 20.64004 23.207812 23.297273 20.887307 17.08867 15.660119 12.373595 12.426381 10.89297 12.731559 10.774181 7.692947 9.883558 10.711587 14.505539 17.211023 20.613608 23.923459 
10.216789 11.701879 10.250253 13.236539 14.189771 17.469739 18.816747 22.321575 24.404641 26.954368 29.619345 26.992065 23.311217 20.689597 19.072762 16.549234 15.086801 12.042643 11.13912 8.582759 8.704361 5.81768 3.798072 0.0 3.791741 5.167728 4.756431 6.030988 8.417118 9.663175 10.225904 12.04912 14.306633 14.798003 15.8709 18.00549 19.626159 20.833942 19.794769 22.288838 22.866921 20.682749 16.964867 16.341592 13.591602 14.591767 13.395089 15.834203 14.180319 10.742813 12.175012 11.852438 15.416402 17.431005 21.053313 24.00119 
10.691946 11.77338 10.420485 13.281701 14.111414 17.610246 18.84387 22.516826 24.368482 26.498772 29.182185 26.571078 23.046684 20.005482 18.318418 15.374214 13.945517 10.530213 10.043435 7.09128 7.907869 6.677733 6.075922 3.791741 0.0 3.800895 5.524395 5.251095 6.074162 8.478558 9.78448 10.532885 12.453291 13.852572 15.161985 16.550202 18.248451 20.100015 19.68527 22.586979 23.657948 21.997416 18.385319 18.139609 15.700088 16.838993 16.174458 18.264193 16.010332 12.631959 13.444037 12.943535 16.274632 18.081497 21.839483 24.648998 
8.721564 8.751855 6.821659 9.498805 10.488315 14.10971 15.719148 19.463459 21.626232 23.671992 26.104324 23.285219 19.705861 16.661349 14.723521 11.803399 10.338501 7.174561 7.257275 5.55311 7.903067 6.782584 5.259779 5.167728 3.800895 0.0 3.803196 5.40533 5.19767 5.97098 8.315675 9.811838 10.829447 11.670214 13.750137 15.287023 16.261119 17.968199 17.784201 20.870904 21.636077 19.987775 16.348381 15.718237 13.200074 14.07783 13.90479 15.640919 13.06797 9.740559 10.085532 9.885123 13.23356 15.440222 19.102472 22.14982 
10.800703 10.65468 7.842991 9.781154 9.869183 12.981359 14.101177 17.634164 19.697615 22.20566 24.86865 22.293502 18.638901 16.077964 14.780535 12.652352 11.99342 9.681152 10.215741 9.050463 10.927859 8.656035 5.541338 4.756431 5.524395 3.803196 0.0 3.804165 5.760397 5.392242 6.066036 8.668815 10.429617 10.302544 11.76167 14.101024 15.284633 16.302005 15.400245 18.107153 18.673751 16.751683 13.055533 12.621418 10.303743 11.889904 11.933325 14.408646 12.609664 8.851364 8.820879 7.638525 10.981094 12.894958 16.584166 19.544628 
13.820767 13.763925 11.0283 12.62355 12.012621 14.877712 15.20507 18.642794 20.052513 22.390107 25.396965 23.192241 19.775822 17.059106 16.287437 14.127463 13.997688 11.52235 12.519891 10.817998 12.625737 10.85445 8.467224 6.030988 5.251095 5.40533 3.804165 0.0 3.806804 5.38712 4.921905 6.056393 8.769327 9.59118 10.218123 12.088179 14.087568 15.523441 14.739922 17.49924 18.796867 17.404297 14.011219 14.563198 13.004292 15.194731 15.480701 18.134188 16.378284 12.624657 12.17319 10.236292 12.895948 13.872814 17.666134 20.103765 
13.72886 13.055804 10.437913 11.654849 10.996131 14.041318 14.473329 18.073635 19.414781 21.191022 24.032175 21.719495 18.479411 15.304436 14.328978 11.767341 11.784005 9.32136 11.053394 9.792046 12.393252 11.705951 10.029465 8.417118 6.074162 5.19767 5.760397 3.806804 0.0 3.803995 5.431055 5.088727 6.398714 8.333874 9.864046 10.698978 12.297894 14.506891 14.684933 17.966514 19.549716 18.695509 15.487873 16.037892 14.634159 16.550865 17.263495 19.363639 17.014527 13.531752 12.575504 10.88217 13.197967 14.205007 17.956335 20.366348 
13.374756 11.849022 8.529042 8.730332 7.386585 10.266109 10.791457 14.46401 16.127984 18.049554 20.750805 18.289357 14.901367 11.885257 11.013031 8.965856 9.622842 8.192377 10.620455 10.572864 13.649451 12.620238 10.219124 9.663175 8.478558 5.97098 5.392242 5.38712 3.803995 0.0 3.799895 5.384628 5.452901 5.711195 8.199735 9.711514 10.364522 12.022028 12.164594 15.536408 16.684368 15.768916 12.567888 12.868035 11.677496 13.633802 14.983923 16.932433 14.695769 11.349458 9.558588 7.530644 9.531266 10.752658 14.451706 17.098033 
16.08145 14.900853 11.396234 11.430383 9.396095 11.362826 10.839207 14.067648 15.197417 17.582783 20.712133 18.760429 15.49286 13.094236 13.180695 11.97722 13.120658 11.911256 14.06591 13.614277 16.210526 14.529793 11.59947 10.225904 9.78448 8.315675 6.066036 4.921905 5.431055 3.799895 0.0 3.802621 5.757168 5.055967 5.714382 8.259031 9.793281 10.724062 9.907686 12.883058 14.274733 13.357827 10.292688 11.492864 11.031731 13.855444 15.324205 17.913322 16.387906 12.823887 10.954769 7.898563 9.307193 9.457837 13.216975 15.420608 
18.214745 17.095134 13.872003 13.953763 11.887216 13.790134 12.844896 15.899001 16.355668 18.174638 21.458068 19.819977 16.95565 14.259561 14.5988 13.147073 14.511736 13.099711 15.513216 14.750596 17.398831 16.31175 13.979704 12.04912 10.532885 9.811838 8.668815 6.056393 5.088727 5.384628 3.802621 0.0 3.805079 5.468602 5.336439 6.147587 8.663375 10.617652 10.615175 13.769609 15.986789 15.828884 13.275465 14.972812 14.795496 17.584509 19.032155 21.507073 19.697837 16.169081 14.321023 11.442603 12.471982 12.053882 15.598025 17.238265 
18.448986 16.645686 13.456555 12.769636 10.384856 12.007193 11.042791 14.112778 14.5572 15.76205 18.798187 17.039451 14.399758 11.381505 11.81643 10.511999 12.501547 11.828274 14.922635 14.963356 18.158694 17.610725 15.486503 14.306633 12.453291 10.829447 10.429617 8.769327 6.398714 5.452901 5.757168 3.805079 0.0 3.807158 5.562985 4.942489 6.018976 8.826963 10.105097 13.744587 15.93298 16.265654 13.995456 15.46143 15.468322 17.929392 19.848248 21.801535 19.656275 16.507337 14.111951 11.492326 11.914084 11.531412 14.791937 16.428613 
18.587367 16.471052 12.882077 11.478782 8.338668 9.122961 7.59833 10.601439 11.255237 13.030847 16.157286 14.386491 11.515772 9.051438 10.11743 9.859913 12.349528 12.430523 15.559541 16.104413 19.328473 18.240714 15.521006 14.798003 13.852572 11.670214 10.302544 9.59118 8.333874 5.711195 5.055967 5.468602 3.807158 0.0 3.803405 5.266218 5.099824 6.328363 7.016718 10.713575 12.434309 12.668296 10.523635 12.064189 12.607154 15.294073 17.687611 19.68772 17.981055 14.986171 12.075085 8.973838 8.559561 7.753843 10.993537 12.767364 
21.323295 19.597029 15.948072 14.853709 11.704812 12.077105 9.792134 11.967047 11.678498 13.742392 17.304928 16.263378 13.784368 12.021217 13.66696 13.659483 16.069106 15.832401 18.700901 18.728349 21.621638 20.189385 17.276524 15.8709 15.161985 13.750137 11.76167 10.218123 9.864046 8.199735 5.714382 5.336439 5.562985 3.803405 0.0 3.805178 5.614626 5.916008 5.355479 8.566235 11.07897 11.699785 10.096362 12.660991 13.827064 17.074685 19.366029 21.849901 20.594906 17.38061 14.679057 11.138617 10.485879 8.562962 11.506694 12.413703 
23.046417 21.180841 17.754824 16.584398 13.507104 13.92104 11.604998 13.595451 12.751845 13.822779 17.314796 16.541046 14.60816 12.507581 14.283538 14.109197 16.75224 16.575173 19.741161 19.794629 22.869888 21.99791 19.522569 18.00549 16.550202 15.287023 14.101024 12.088179 10.698978 9.711514 8.259031 6.147587 4.942489 5.266218 3.805178 0.0 3.80438 6.025131 7.404118 10.607184 13.616564 14.924059 13.690282 16.170227 17.25758 20.271636 22.592752 24.824691 23.18358 20.054208 17.297199 14.061383 13.368883 11.517819 14.081734 14.565577 
23.093395 20.685077 17.282149 15.373839 12.011704 11.720408 9.200373 10.889259 10.030871 10.536407 13.812396 12.941297 11.283938 9.282922 11.556973 12.103078 15.308214 15.981099 19.486651 20.260959 23.661236 22.971668 20.478289 19.626159 18.248451 16.261119 15.284633 14.087568 12.297894 10.364522 9.793281 8.663375 6.018976 5.099824 5.614626 3.80438 0.0 3.80741 6.870558 10.351388 12.865295 14.490154 13.561656 15.656547 16.951391 19.629478 22.376331 24.152408 22.426293 19.728678 16.534224 13.56457 12.171602 10.326258 12.34407 12.844023 
24.423421 21.940169 18.325153 16.062769 12.350523 11.074786 7.692165 8.333434 6.792663 8.056298 11.721411 11.341985 9.855106 9.113716 12.126624 13.571856 16.92168 17.947505 21.330066 22.275474 25.588205 24.438181 21.52548 20.833942 20.100015 17.968199 16.302005 15.523441 14.506891 12.022028 10.724062 10.617652 8.826963 6.328363 5.916008 6.025131 3.80741 0.0 3.805481 6.948081 9.288173 11.371062 11.21529 13.658868 15.709675 18.598349 21.663307 23.538479 22.354212 19.824559 16.405239 13.163996 10.903336 8.125864 9.356217 9.230306 
24.30172 22.142783 18.369151 16.391501 12.728308 11.446441 8.021048 8.480378 7.229026 9.872036 13.55703 13.227096 11.33145 11.107607 13.846406 15.229146 18.203779 18.913113 21.920175 22.579111 25.58407 23.899035 20.64004 19.794769 19.68527 17.784201 15.400245 14.739922 14.684933 12.164594 9.907686 10.615175 10.105097 7.016718 5.355479 7.404118 6.870558 3.805481 0.0 3.792821 6.246427 8.065376 8.139677 11.202171 13.683673 16.979817 19.94461 22.234409 21.581681 18.902527 15.680349 12.084223 9.77722 6.361216 7.68392 7.431803 
27.209751 25.163967 21.36849 19.377087 15.758163 14.047599 10.530593 9.842657 7.922117 10.815986 14.349929 14.746548 13.364128 14.012646 16.959908 18.673781 21.614716 22.383669 25.230987 25.828819 28.656032 26.663678 23.207812 22.288838 22.586979 20.870904 18.107153 17.49924 17.966514 15.536408 12.883058 13.769609 13.744587 10.713575 8.566235 10.607184 10.351388 6.948081 3.792821 0.0 3.791763 6.668789 8.355314 11.834572 14.965484 18.381386 21.370992 23.817162 23.711 21.170402 18.052923 14.453498 11.855988 8.101718 8.05549 6.31574 
27.009142 24.882649 21.160907 18.952638 15.483883 13.256959 10.028505 8.625778 7.467243 10.965398 13.929704 14.143189 12.674987 14.061532 16.872673 18.986505 21.780156 22.858703 25.49608 26.386904 29.129976 26.9106 23.297273 22.866921 23.657948 21.636077 18.673751 18.796867 19.549716 16.684368 14.274733 15.986789 15.93298 12.434309 11.07897 13.616564 12.865295 9.288173 6.246427 3.791763 0.0 3.796188 6.765344 9.761141 13.350342 16.510892 19.674334 21.941201 22.308397 20.184756 17.07551 13.78238 10.75983 7.161662 5.754479 3.713207 
24.760581 22.900798 19.271185 17.38151 14.326888 12.45211 10.050899 9.429041 9.753568 13.533128 16.220751 15.687793 13.509205 14.631119 16.754544 18.564479 20.843618 21.693542 23.896633 24.689423 27.143661 24.616482 20.887307 20.682749 21.997416 19.987775 16.751683 17.404297 18.695509 15.768916 13.357827 15.828884 16.265654 12.668296 11.699785 14.924059 14.490154 11.371062 8.065376 6.668789 3.796188 0.0 3.798783 6.53447 10.220104 13.416996 16.376318 18.829724 19.579351 17.506832 14.75372 11.634717 9.014225 6.214453 5.459161 5.716039 
21.097639 19.422994 15.794674 14.291307 11.525148 10.461511 8.833141 9.671713 10.965036 14.683499 17.440495 16.145368 13.244404 13.48998 14.900589 16.103481 17.953578 18.438551 20.409516 21.044706 23.395302 20.821592 17.08867 16.964867 18.385319 16.348381 13.055533 14.011219 15.487873 12.567888 10.292688 13.275465 13.995456 10.523635 10.096362 13.690282 13.561656 11.21529 8.139677 8.355314 6.765344 3.798783 0.0 3.803664 6.941232 10.493325 13.252269 15.941209 16.416506 14.014582 11.439924 8.169744 6.317094 4.552418 6.070594 8.129341 
18.942245 17.21937 13.865198 12.335844 10.245384 9.275325 9.009537 10.148855 12.529899 16.102141 18.277957 16.378012 13.161682 13.430148 14.067068 15.230114 16.557459 17.236778 18.802237 19.78126 21.993446 19.350614 15.660119 16.341592 18.139609 15.718237 12.621418 14.563198 16.037892 12.868035 11.492864 14.972812 15.46143 12.064189 12.660991 16.170227 15.656547 13.658868 11.202171 11.834572 9.761141 6.53447 3.803664 0.0 3.802826 6.906317 9.932071 12.347376 13.142044 11.234094 8.838372 6.4857 5.056648 5.690653 6.923448 10.001541 
15.449473 14.030459 10.943561 10.121061 9.119701 9.404738 10.464964 12.51421 15.341823 18.647231 20.677873 18.25522 14.695788 14.223304 13.839588 14.212931 14.684537 14.939993 15.912502 16.804676 18.737691 15.991576 12.373595 13.591602 15.700088 13.200074 10.303743 13.004292 14.634159 11.677496 11.031731 14.795496 15.468322 12.607154 13.827064 17.25758 16.951391 15.709675 13.683673 14.965484 13.350342 10.220104 6.941232 3.802826 0.0 3.801412 6.413939 9.104032 9.730665 7.610495 5.936326 4.6469 5.617366 8.059189 10.085072 13.497506 
14.024801 12.56611 10.235182 9.524075 9.762071 10.214462 12.328622 14.314504 17.613165 20.638797 22.131461 19.331562 15.78524 15.354984 14.229671 14.497939 14.280891 14.789172 15.177828 16.525431 18.223576 15.622352 12.426381 14.591767 16.838993 14.07783 11.889904 15.194731 16.550865 13.633802 13.855444 17.584509 17.929392 15.294073 17.074685 20.271636 19.629478 18.598349 16.979817 18.381386 16.510892 13.416996 10.493325 6.906317 3.801412 0.0 3.801159 5.468607 6.619573 5.841192 5.174242 6.442677 7.780947 10.945951 12.471 16.077849 
12.552372 12.086649 10.56091 11.134127 12.292656 13.516915 15.792428 18.019412 21.248153 24.295369 25.868232 22.998926 19.390484 18.622399 17.088437 16.691539 15.698771 15.488137 14.954091 15.788397 16.718802 13.797383 10.89297 13.395089 16.174458 13.90479 11.933325 15.480701 17.263495 14.983923 15.324205 19.032155 19.848248 17.687611 19.366029 22.592752 22.376331 21.663307 19.94461 21.370992 19.674334 16.376318 13.252269 9.932071 6.413939 3.801159 0.0 3.805324 5.753317 5.213819 6.966799 8.837705 11.116955 14.25299 16.074087 19.606918 
12.312147 11.487016 10.845459 11.112508 12.976119 14.037094 16.904751 18.98967 22.524153 25.247769 26.317091 23.184014 19.716912 19.053433 17.057184 16.753404 15.383207 15.681227 14.877447 16.384662 17.328648 14.96316 12.731559 15.834203 18.264193 15.640919 14.408646 18.134188 19.363639 16.932433 17.913322 21.507073 21.801535 19.68772 21.849901 24.824691 24.152408 23.538479 22.234409 23.817162 21.941201 18.829724 15.941209 12.347376 9.104032 5.468607 3.805324 0.0 3.803163 5.961392 7.835125 10.783786 12.733228 16.19966 17.637235 21.292413 
9.132945 7.792123 7.509485 8.098035 10.746573 12.535782 15.815952 18.410735 21.98156 24.3671 25.447039 22.073016 18.514388 17.230634 14.700299 13.817827 11.95724 12.172353 11.257588 13.140943 14.427644 12.614527 10.774181 14.180319 16.010332 13.06797 12.609664 16.378284 17.014527 14.695769 16.387906 19.697837 19.656275 17.981055 20.594906 23.18358 22.426293 22.354212 21.581681 23.711 22.308397 19.579351 16.416506 13.142044 9.730665 6.619573 5.753317 3.803163 0.0 3.81027 6.006006 9.645035 12.079828 15.823961 17.73069 21.514641 
8.195904 7.09468 5.387962 6.696717 8.846144 11.252536 14.09858 17.09434 20.374439 22.939963 24.542089 21.345674 17.598807 15.929258 13.698006 12.442772 10.868463 10.349965 9.801183 11.007258 12.550493 10.289497 7.692947 10.742813 12.631959 9.740559 8.851364 12.624657 13.531752 11.349458 12.823887 16.169081 16.507337 14.986171 17.38061 20.054208 19.728678 19.824559 18.902527 21.170402 20.184756 17.506832 14.014582 11.234094 7.610495 5.841192 5.213819 5.961392 3.81027 0.0 3.803505 6.833596 10.037857 13.623038 16.150032 19.867503 
10.721862 8.492219 5.478233 4.525497 5.427102 7.480485 10.325571 13.344444 16.652385 19.147179 20.753737 17.597591 13.832815 12.26562 10.375408 9.758759 9.250566 9.679702 10.547377 12.2708 14.668849 12.775402 9.883558 12.175012 13.444037 10.085532 8.820879 12.17319 12.575504 9.558588 10.954769 14.321023 14.111951 12.075085 14.679057 17.297199 16.534224 16.405239 15.680349 18.052923 17.07551 14.75372 11.439924 8.838372 5.936326 5.174242 6.966799 7.835125 6.006006 3.803505 0.0 3.804578 6.51129 10.230018 12.70814 16.450573 
13.284764 11.284788 7.654486 6.452145 4.926816 6.472512 8.018903 11.172168 14.020713 16.809921 18.964376 16.225101 12.45398 10.932497 10.112177 9.894458 10.543453 10.785124 12.430659 13.560542 16.158737 14.071884 10.711587 11.852438 12.943535 9.885123 7.638525 10.236292 10.88217 7.530644 7.898563 11.442603 11.492326 8.973838 11.138617 14.061383 13.56457 13.163996 12.084223 14.453498 13.78238 11.634717 8.169744 6.4857 4.6469 6.442677 8.837705 10.783786 9.645035 6.833596 3.804578 0.0 3.805718 6.999389 10.074239 13.611842 
16.754973 14.327789 10.755061 8.408105 5.518482 4.494463 4.883217 7.513275 10.473531 13.431411 15.533339 13.024992 9.38413 8.758501 9.102508 10.283615 12.051138 13.205439 15.431159 16.927093 19.766222 17.84281 14.505539 15.416402 16.274632 13.23356 10.981094 12.895948 13.197967 9.531266 9.307193 12.471982 11.914084 8.559561 10.485879 13.368883 12.171602 10.903336 9.77722 11.855988 10.75983 9.014225 6.317094 5.056648 5.617366 7.780947 11.116955 12.733228 12.079828 10.037857 6.51129 3.805718 0.0 3.799628 6.387259 10.028072 
20.13901 17.799033 14.103272 11.792983 8.379631 6.623721 4.318112 5.78489 7.6566 11.047527 13.725979 12.025228 8.919983 8.963498 10.707808 12.361273 14.803972 15.920632 18.491901 19.704036 22.607209 20.652537 17.211023 17.431005 18.081497 15.440222 12.894958 13.872814 14.205007 10.752658 9.457837 12.053882 11.531412 7.753843 8.562962 11.517819 10.326258 8.125864 6.361216 8.101718 7.161662 6.214453 4.552418 5.690653 8.059189 10.945951 14.25299 16.19966 15.823961 13.623038 10.230018 6.999389 3.799628 0.0 3.804636 6.787246 
23.133457 20.58407 17.057345 14.322546 10.996311 8.133011 5.517837 4.142741 5.828036 9.471175 11.680791 10.509656 8.166216 9.785562 12.139322 14.635456 17.318397 18.971717 21.578649 23.11156 26.039519 24.072011 20.613608 21.053313 21.839483 19.102472 16.584166 17.666134 17.956335 14.451706 13.216975 15.598025 14.791937 10.993537 11.506694 14.081734 12.34407 9.356217 7.68392 8.05549 5.754479 5.459161 6.070594 6.923448 10.085072 12.471 16.074087 17.637235 17.73069 16.150032 12.70814 10.074239 6.387259 3.804636 0.0 3.797013 
26.756051 24.222013 20.635257 17.899513 14.400298 11.4785 8.261702 5.725547 4.763016 8.310757 10.743875 10.871816 9.730046 11.86253 14.868143 17.549026 20.544722 22.205385 25.002083 26.409892 29.383714 27.419302 23.923459 24.00119 24.648998 22.14982 19.544628 20.103765 20.366348 17.098033 15.420608 17.238265 16.428613 12.767364 12.413703 14.565577 12.844023 9.230306 7.431803 6.31574 3.713207 5.716039 8.129341 10.001541 13.497506 16.077849 19.606918 21.292413 21.514641 19.867503 16.450573 13.611842 10.028072 6.787246 3.797013 0.0 

